           0           0   0.0000000000000000        0.0000000000000000     
           5           0   0.0000000000000000        0.0000000000000000     
          10           0   0.0000000000000000        0.0000000000000000     
          15           0   0.0000000000000000        0.0000000000000000     
          20           0   0.0000000000000000        0.0000000000000000     
          25           0   0.0000000000000000        0.0000000000000000     
          30           0   0.0000000000000000        0.0000000000000000     
          35           0   0.0000000000000000        0.0000000000000000     
          40           0   0.0000000000000000        0.0000000000000000     
          45           0   0.0000000000000000        0.0000000000000000     
          50           0   0.0000000000000000        0.0000000000000000     
          55           0   0.0000000000000000        0.0000000000000000     
          60           0   0.0000000000000000        0.0000000000000000     
          65           0   0.0000000000000000        0.0000000000000000     
          70           0   0.0000000000000000        0.0000000000000000     
          75           0   0.0000000000000000        0.0000000000000000     
          80           0   0.0000000000000000        0.0000000000000000     
          85           0   0.0000000000000000        0.0000000000000000     
          90           0   0.0000000000000000        0.0000000000000000     
          95           0   0.0000000000000000        0.0000000000000000     
           0           1  0.59557810225726793        1.0652091052532064     
           5           1 -0.92672442774333064       -6.5968109286274057E-002
          10           1  0.50373968749184428        1.0811632367646595     
          15           1 -0.90657754547862623        1.5870951619589846E-003
          20           1  0.54857618140502495        1.2225553269429312     
          25           1 -0.86133652018816065        3.9260567694654469E-002
          30           1  0.95781399382488530       0.70395379061949370     
          35           1 -0.83218495280590332        6.8108225157459401E-002
          40           1  0.29914647043938203       0.86366369712598257     
          45           1 -0.88233996820008542       0.10264778105728567     
          50           1  0.90777982471479390       0.71161821020737648     
          55           1 -0.88557745435480228       0.10659234796039918     
          60           1  0.72032120371545716       0.94890673066005959     
          65           1 -0.91365542886023832       0.11867936960063830     
          70           1  0.64881376239611654        1.0366209701606621     
          75           1  -1.0012519656754648        4.7928689230758437E-002
          80           1  0.41016476124866585       0.62436148621447529     
          85           1 -0.98743606535833806       -5.5155558630337609E-002
          90           1  0.49245054889013318        1.0204218088527561     
          95           1   0.0000000000000000        0.0000000000000000     
           0           2 -0.98532214688529240       -7.4304980424155787E-002
           5           2 -0.94724118222533349       -6.5304823886336294E-002
          10           2 -0.96465829849456952       -3.6250618462574380E-002
          15           2 -0.89002601669108117        1.4463136244202701E-004
          20           2 -0.87826566268489614        4.5601305436182571E-002
          25           2 -0.88213201285824994        5.9812257888758324E-002
          30           2 -0.84506939071360421        6.9000139446551145E-002
          35           2 -0.85746793775598462        9.4334492724001962E-002
          40           2 -0.87118609545910886        9.5978401128959945E-002
          45           2 -0.90584205903354587       0.13499318457066423     
          50           2 -0.88844659043019192       0.11992848510278264     
          55           2 -0.89044793689652124       0.13995930921106847     
          60           2 -0.88885950834338701       0.15773603871949149     
          65           2 -0.93056923738288333       0.15796932937739427     
          70           2 -0.91540094913966641       0.13026054867637527     
          75           2 -0.97250255919334450        4.7021079367937091E-002
          80           2 -0.91845519179400981        1.5013123944029871E-002
          85           2  -1.0096953449334478       -5.8202697237330625E-002
          90           2  -1.0359185677089044       -3.8116395668641445E-002
          95           2 -0.89347168390929710       -9.0610364125165432E-002
           0           3 -0.96845999749075107       -9.4699705617262708E-002
           5           3 -0.97547431064715084       -8.2554348090901897E-002
          10           3 -0.95239156597592967       -3.8360724605723817E-002
          15           3 -0.90240707108613094       -7.7364177020200486E-003
          20           3 -0.88989090494706602        4.7746698714767888E-002
          25           3 -0.88248210030172913        6.1410168876729898E-002
          30           3 -0.85525871929448272        7.3814714587339125E-002
          35           3 -0.84507708272951731       0.10592234802597744     
          40           3 -0.88677375099877054       0.10286172289264428     
          45           3 -0.91699697637892541       0.13918979608007476     
          50           3 -0.89929402609101317       0.13531722190762707     
          55           3 -0.89584796921116094       0.15425410980762777     
          60           3 -0.90721515071834347       0.17122359039278834     
          65           3 -0.92377699921541989       0.17157862572059202     
          70           3 -0.92165841778069080       0.14125777118234595     
          75           3 -0.94954760250232084        7.0611999183345375E-002
          80           3 -0.91180638385424118        2.0575393464561387E-002
          85           3 -0.95106425241908710       -2.5501286478046836E-002
          90           3 -0.89694978044008167      -0.14134475974536542     
          95           3   0.0000000000000000        0.0000000000000000     
           0           4  -1.8972707364205923      -0.22010449862275294     
           5           4  -1.9597386204006639      -0.17497282209344434     
          10           4  -1.8965526110648057      -0.10782330395642248     
          15           4  -1.8370523713251430        1.1758538751571734E-002
          20           4  -1.8058434641154975        9.0206789082891703E-002
          25           4  -1.7685374102427431       0.12741325299714390     
          30           4  -1.7391917604392404       0.17644902627900194     
          35           4  -1.7303727087281118       0.24603329771721860     
          40           4  -1.7691011581177918       0.26101955119095521     
          45           4  -1.8373684482497765       0.29188159563098282     
          50           4  -1.8112302450745688       0.31421675685372463     
          55           4  -1.7928358175112180       0.34533527769387007     
          60           4  -1.8252136800356311       0.38661698578579262     
          65           4  -1.8221267245621675       0.34932372047435933     
          70           4  -1.8195575417223608       0.29856012757178974     
          75           4  -1.8401673953150066       0.15653319971775659     
          80           4  -1.8100991972858083        3.9034390550973797E-002
          85           4  -1.8471660573737836       -6.2784944123706055E-002
          90           4  -1.9027209633293296      -0.21433926753466892     
          95           4  -2.0862680321442895      -0.26369332393638700     
           0           5 -0.94069219122694392      -0.11198243282439790     
           5           5 -0.96034500578046078       -8.7943210496099766E-002
          10           5 -0.96149074431117754       -5.5466686852412295E-002
          15           5 -0.94499393657798691        9.9586482660285469E-003
          20           5 -0.91514373323775544        3.7499210381319870E-002
          25           5 -0.89350588307723910        6.6845409518734300E-002
          30           5 -0.88066107503337321       0.10070822075824992     
          35           5 -0.87934156802305097       0.13996995559484304     
          40           5 -0.88849499753962391       0.15578542556404784     
          45           5 -0.91740829571307358       0.15861993356569570     
          50           5 -0.90029733261332012       0.17514733669621307     
          55           5 -0.88101726966272054       0.19089040521613754     
          60           5 -0.89864660207439329       0.20017937085281545     
          65           5 -0.90094359599390827       0.17443001971706451     
          70           5 -0.89714246193750569       0.14714313823382952     
          75           5 -0.89290273322717439        8.2862278207862516E-002
          80           5 -0.88683020223356834        1.9810298836908657E-002
          85           5 -0.90010224276682038       -3.4708796259330654E-002
          90           5 -0.98921194769729937      -0.11565980539973708     
          95           5 -0.98259912121534398      -0.14436206304146992     
           0           6 -0.96339658318926247      -0.14577960540496093     
           5           6 -0.95048621042703729       -8.9906021218943977E-002
          10           6 -0.98945312080545023       -5.7816495679929858E-002
          15           6 -0.96682943810932898        9.8261952352629578E-004
          20           6 -0.92957418786454582        2.7518547840443830E-002
          25           6 -0.90677579180464818        6.2767707973421238E-002
          30           6 -0.89346885001617693       0.10271918556625792     
          35           6 -0.88767784024668117       0.14644552082998530     
          40           6 -0.89588627222525474       0.16648549429731929     
          45           6 -0.91802317541578304       0.16823192049653102     
          50           6 -0.90221609742258124       0.18073285517949955     
          55           6 -0.87541802773927202       0.19511980875908108     
          60           6 -0.88990778440489748       0.19944699384044640     
          65           6 -0.89485582641657402       0.17236542040333092     
          70           6 -0.89281386891570946       0.14655018123033159     
          75           6 -0.87993654517504183        9.5528635015718066E-002
          80           6 -0.87084125276248869        2.7950235019780223E-002
          85           6 -0.86874079912035995       -6.3966351531163923E-002
          90           6  -1.0038955300473162      -0.10791218043149087     
          95           6 -0.97974655922428155      -0.16519812678694734     
           0           7 -0.97754305249331264      -0.14058128702920669     
           5           7 -0.94889179930390810       -8.6578781686164064E-002
          10           7  -1.0037220929959290       -4.3237031936982362E-002
          15           7 -0.97902562034235530       -8.6566585144609576E-003
          20           7 -0.94516698199598181        2.5259124036836056E-002
          25           7 -0.92008584907432578        6.8346432473553875E-002
          30           7 -0.90786181042190606       0.10830783005122413     
          35           7 -0.88976307420551848       0.15503996624310901     
          40           7 -0.90616766357243250       0.17551635845158842     
          45           7 -0.91354403945587137       0.17778470045914929     
          50           7 -0.89958639232889936       0.18698474538947352     
          55           7 -0.88311360599391264       0.19909252308103476     
          60           7 -0.88857275642340028       0.19495550547699025     
          65           7 -0.88603403099796196       0.16447648194528597     
          70           7 -0.88328912106305779       0.13915850439083499     
          75           7 -0.86828700084140564        9.6280697827744177E-002
          80           7 -0.84693686254411205        1.8878142289402433E-002
          85           7 -0.88718487383232514       -6.5728064191361568E-002
          90           7 -0.99363825846410236       -9.1606870276095265E-002
          95           7 -0.97605854456617180      -0.17875650537124699     
           0           8  -1.0213808846510644      -0.16410597078575506     
           5           8 -0.97045331494349796       -9.4566434505338748E-002
          10           8 -0.99482278200113683       -3.7504194780879629E-002
          15           8 -0.99718680815819027       -1.3341788687171174E-002
          20           8 -0.97764132997113506        1.2522932593128644E-002
          25           8 -0.93996921055605753        5.9741849485206444E-002
          30           8 -0.92333829007529289       0.10304182993969846     
          35           8 -0.89889887082250652       0.14855262906010580     
          40           8 -0.90542795216919103       0.17526447159355030     
          45           8 -0.91126247269812666       0.18031954436281694     
          50           8 -0.90463642287375023       0.19326900042138107     
          55           8 -0.89619014488562243       0.19671707573110098     
          60           8 -0.88764148774345131       0.18992380636184691     
          65           8 -0.87637068766355242       0.16257721600076991     
          70           8 -0.87302852065818115       0.14249611088423819     
          75           8 -0.85633476743396386       0.10273897292023548     
          80           8 -0.82891964055420431        2.8690243070172983E-002
          85           8 -0.88634454606051349       -6.6225035464384518E-002
          90           8 -0.96971248673582977       -7.1155707157544157E-002
          95           8 -0.97803370174176507      -0.13357607598685206     
           0           9  -1.0177582627823867      -0.14467254910499605     
           5           9 -0.99712058486023381       -8.3186908144128324E-002
          10           9 -0.98040650351904901       -3.7615979762151142E-002
          15           9  -1.0050863407506938       -2.7948797587384888E-003
          20           9 -0.99545229996778062        7.0674122376601645E-003
          25           9 -0.95480241789402953        6.2477838307373190E-002
          30           9 -0.93151777921463008       0.10693240512615887     
          35           9 -0.90663478157892996       0.14859101662878516     
          40           9 -0.89768944050661048       0.17302545110453593     
          45           9 -0.91353469517940766       0.19031442902495144     
          50           9 -0.90195919906221889       0.19370519303230083     
          55           9 -0.90195507652879314       0.19580161367827031     
          60           9 -0.87900335973500887       0.18347393193174355     
          65           9 -0.86870977462183419       0.15779282822592222     
          70           9 -0.86400638700467880       0.13583517535664669     
          75           9 -0.84747675323626481       0.10095224280526338     
          80           9 -0.81194027650610678        1.7268768983669247E-002
          85           9 -0.88331813849151786       -4.4764826307996941E-002
          90           9 -0.92099494111153035       -8.2935657657046136E-002
          95           9 -0.98211490993094230      -0.13005263511445264     
           0          10 -0.94961265653169336      -0.14501451401471854     
           5          10   0.0000000000000000        0.0000000000000000     
          10          10   0.0000000000000000        0.0000000000000000     
          15          10   0.0000000000000000        0.0000000000000000     
          20          10   0.0000000000000000        0.0000000000000000     
          25          10   0.0000000000000000        0.0000000000000000     
          30          10   0.0000000000000000        0.0000000000000000     
          35          10   0.0000000000000000        0.0000000000000000     
          40          10   0.0000000000000000        0.0000000000000000     
          45          10   0.0000000000000000        0.0000000000000000     
          50          10   0.0000000000000000        0.0000000000000000     
          55          10   0.0000000000000000        0.0000000000000000     
          60          10   0.0000000000000000        0.0000000000000000     
          65          10   0.0000000000000000        0.0000000000000000     
          70          10   0.0000000000000000        0.0000000000000000     
          75          10   0.0000000000000000        0.0000000000000000     
          80          10   0.0000000000000000        0.0000000000000000     
          85          10   0.0000000000000000        0.0000000000000000     
          90          10   0.0000000000000000        0.0000000000000000     
          95          10   0.0000000000000000        0.0000000000000000     
           0          11   0.0000000000000000        0.0000000000000000     
           5          11   0.0000000000000000        0.0000000000000000     
          10          11   0.0000000000000000        0.0000000000000000     
          15          11   0.0000000000000000        0.0000000000000000     
          20          11   0.0000000000000000        0.0000000000000000     
          25          11   0.0000000000000000        0.0000000000000000     
          30          11   0.0000000000000000        0.0000000000000000     
          35          11   0.0000000000000000        0.0000000000000000     
          40          11   0.0000000000000000        0.0000000000000000     
          45          11   0.0000000000000000        0.0000000000000000     
          50          11   0.0000000000000000        0.0000000000000000     
          55          11   0.0000000000000000        0.0000000000000000     
          60          11   0.0000000000000000        0.0000000000000000     
          65          11   0.0000000000000000        0.0000000000000000     
          70          11   0.0000000000000000        0.0000000000000000     
          75          11   0.0000000000000000        0.0000000000000000     
          80          11   0.0000000000000000        0.0000000000000000     
          85          11   0.0000000000000000        0.0000000000000000     
          90          11   0.0000000000000000        0.0000000000000000     
          95          11   0.0000000000000000        0.0000000000000000     
           0          12   0.0000000000000000        0.0000000000000000     
           5          12   0.0000000000000000        0.0000000000000000     
          10          12   0.0000000000000000        0.0000000000000000     
          15          12   0.0000000000000000        0.0000000000000000     
          20          12   0.0000000000000000        0.0000000000000000     
          25          12   0.0000000000000000        0.0000000000000000     
          30          12   0.0000000000000000        0.0000000000000000     
          35          12   0.0000000000000000        0.0000000000000000     
          40          12   0.0000000000000000        0.0000000000000000     
          45          12   0.0000000000000000        0.0000000000000000     
          50          12   0.0000000000000000        0.0000000000000000     
          55          12   0.0000000000000000        0.0000000000000000     
          60          12   0.0000000000000000        0.0000000000000000     
          65          12   0.0000000000000000        0.0000000000000000     
          70          12   0.0000000000000000        0.0000000000000000     
          75          12   0.0000000000000000        0.0000000000000000     
          80          12   0.0000000000000000        0.0000000000000000     
          85          12   0.0000000000000000        0.0000000000000000     
          90          12   0.0000000000000000        0.0000000000000000     
          95          12   0.0000000000000000        0.0000000000000000     
           0          13   0.0000000000000000        0.0000000000000000     
           5          13   0.0000000000000000        0.0000000000000000     
          10          13   0.0000000000000000        0.0000000000000000     
          15          13   0.0000000000000000        0.0000000000000000     
          20          13   0.0000000000000000        0.0000000000000000     
          25          13   0.0000000000000000        0.0000000000000000     
          30          13   0.0000000000000000        0.0000000000000000     
          35          13   0.0000000000000000        0.0000000000000000     
          40          13   0.0000000000000000        0.0000000000000000     
          45          13   0.0000000000000000        0.0000000000000000     
          50          13   0.0000000000000000        0.0000000000000000     
          55          13   0.0000000000000000        0.0000000000000000     
          60          13   0.0000000000000000        0.0000000000000000     
          65          13   0.0000000000000000        0.0000000000000000     
          70          13   0.0000000000000000        0.0000000000000000     
          75          13   0.0000000000000000        0.0000000000000000     
          80          13   0.0000000000000000        0.0000000000000000     
          85          13   0.0000000000000000        0.0000000000000000     
          90          13   0.0000000000000000        0.0000000000000000     
          95          13   0.0000000000000000        0.0000000000000000     
           0          14   0.0000000000000000        0.0000000000000000     
           5          14   0.0000000000000000        0.0000000000000000     
          10          14   0.0000000000000000        0.0000000000000000     
          15          14   0.0000000000000000        0.0000000000000000     
          20          14   0.0000000000000000        0.0000000000000000     
          25          14   0.0000000000000000        0.0000000000000000     
          30          14   0.0000000000000000        0.0000000000000000     
          35          14   0.0000000000000000        0.0000000000000000     
          40          14   0.0000000000000000        0.0000000000000000     
          45          14   0.0000000000000000        0.0000000000000000     
          50          14   0.0000000000000000        0.0000000000000000     
          55          14   0.0000000000000000        0.0000000000000000     
          60          14   0.0000000000000000        0.0000000000000000     
          65          14   0.0000000000000000        0.0000000000000000     
          70          14   0.0000000000000000        0.0000000000000000     
          75          14   0.0000000000000000        0.0000000000000000     
          80          14   0.0000000000000000        0.0000000000000000     
          85          14   0.0000000000000000        0.0000000000000000     
          90          14   0.0000000000000000        0.0000000000000000     
          95          14   0.0000000000000000        0.0000000000000000     
           0          15   0.0000000000000000        0.0000000000000000     
           5          15   0.0000000000000000        0.0000000000000000     
          10          15   0.0000000000000000        0.0000000000000000     
          15          15   0.0000000000000000        0.0000000000000000     
          20          15   0.0000000000000000        0.0000000000000000     
          25          15   0.0000000000000000        0.0000000000000000     
          30          15   0.0000000000000000        0.0000000000000000     
          35          15   0.0000000000000000        0.0000000000000000     
          40          15   0.0000000000000000        0.0000000000000000     
          45          15   0.0000000000000000        0.0000000000000000     
          50          15   0.0000000000000000        0.0000000000000000     
          55          15   0.0000000000000000        0.0000000000000000     
          60          15   0.0000000000000000        0.0000000000000000     
          65          15   0.0000000000000000        0.0000000000000000     
          70          15   0.0000000000000000        0.0000000000000000     
          75          15   0.0000000000000000        0.0000000000000000     
          80          15   0.0000000000000000        0.0000000000000000     
          85          15   0.0000000000000000        0.0000000000000000     
          90          15   0.0000000000000000        0.0000000000000000     
          95          15   0.0000000000000000        0.0000000000000000     
           0          16   0.0000000000000000        0.0000000000000000     
           5          16   0.0000000000000000        0.0000000000000000     
          10          16   0.0000000000000000        0.0000000000000000     
          15          16   0.0000000000000000        0.0000000000000000     
          20          16   0.0000000000000000        0.0000000000000000     
          25          16   0.0000000000000000        0.0000000000000000     
          30          16   0.0000000000000000        0.0000000000000000     
          35          16   0.0000000000000000        0.0000000000000000     
          40          16   0.0000000000000000        0.0000000000000000     
          45          16   0.0000000000000000        0.0000000000000000     
          50          16   0.0000000000000000        0.0000000000000000     
          55          16   0.0000000000000000        0.0000000000000000     
          60          16   0.0000000000000000        0.0000000000000000     
          65          16   0.0000000000000000        0.0000000000000000     
          70          16   0.0000000000000000        0.0000000000000000     
          75          16   0.0000000000000000        0.0000000000000000     
          80          16   0.0000000000000000        0.0000000000000000     
          85          16   0.0000000000000000        0.0000000000000000     
          90          16   0.0000000000000000        0.0000000000000000     
          95          16   0.0000000000000000        0.0000000000000000     
