           0           0   0.0000000000000000        0.0000000000000000     
           5           0   0.0000000000000000        0.0000000000000000     
          10           0   0.0000000000000000        0.0000000000000000     
          15           0   0.0000000000000000        0.0000000000000000     
          20           0   0.0000000000000000        0.0000000000000000     
          25           0   0.0000000000000000        0.0000000000000000     
          30           0   0.0000000000000000        0.0000000000000000     
          35           0   0.0000000000000000        0.0000000000000000     
          40           0   0.0000000000000000        0.0000000000000000     
          45           0   0.0000000000000000        0.0000000000000000     
          50           0   0.0000000000000000        0.0000000000000000     
          55           0   0.0000000000000000        0.0000000000000000     
          60           0   0.0000000000000000        0.0000000000000000     
          65           0   0.0000000000000000        0.0000000000000000     
          70           0   0.0000000000000000        0.0000000000000000     
          75           0   0.0000000000000000        0.0000000000000000     
          80           0   0.0000000000000000        0.0000000000000000     
          85           0   0.0000000000000000        0.0000000000000000     
          90           0   0.0000000000000000        0.0000000000000000     
          95           0   0.0000000000000000        0.0000000000000000     
           0           1 -0.87493956480250157      -0.17304367841308732     
           5           1 -0.75310958784324811      -0.20524837538560270     
          10           1 -0.84111918891238702      -0.26743109770577256     
          15           1 -0.75261383456037834      -0.18297445972703663     
          20           1 -0.75207422463918761      -0.25348292894689095     
          25           1 -0.67231952202817524      -0.13388746835540921     
          30           1 -0.70995200497137034      -0.23020556866093500     
          35           1 -0.61503722122324689      -0.10178093596380222     
          40           1 -0.58190902795018928      -0.26344182547322070     
          45           1 -0.76340101372807112      -0.36772587946209967     
          50           1 -0.96044350009094615      -0.35522123428721741     
          55           1 -0.84788290497073149      -0.46205414475752882     
          60           1 -0.51775703578726961      -0.24335757113025380     
          65           1 -0.52331423169960090       -3.1312283682582986E-002
          70           1 -0.47970049578793805       -5.3319317534494814E-002
          75           1 -0.53863164282574871        1.2660623637250623E-002
          80           1   0.0000000000000000        0.0000000000000000     
          85           1  -1.0466819192345156       0.42708418973136375     
          90           1 -0.94725430777486963      -0.30976525382531150     
          95           1 -0.90064445807058746        3.3479952812331959E-002
           0           2  -1.4338399946683182      -0.30529055028427621     
           5           2 -0.88920749027110446      -0.27184037579619513     
          10           2 -0.87630158959406401      -0.21627525703449280     
          15           2 -0.89286662223742042      -0.27489607555830631     
          20           2 -0.74411877141855598      -0.28043264693966563     
          25           2 -0.78177941865931189      -0.25974938947959103     
          30           2 -0.74296075300850362      -0.26832166561296944     
          35           2 -0.74227429799123001      -0.23130033119267424     
          40           2 -0.71803742265785786      -0.27364063735824118     
          45           2 -0.78565284823639558      -0.26802721412977348     
          50           2 -0.79775384893565615      -0.14096877579250489     
          55           2 -0.75498676046947821      -0.45985665672265696     
          60           2 -0.57046961821072273      -0.26967444410663788     
          65           2 -0.50374075527770401       -7.9238667600733947E-002
          70           2 -0.50135764325887067       -2.3741461347981385E-002
          75           2 -0.56543034759215516       -6.7616354275656931E-002
          80           2 -0.71869668417434696       0.56718432368096927     
          85           2 -0.76639294128710844      -0.53901856500448986     
          90           2 -0.75446725752215116      -0.20093646506680329     
          95           2 -0.76309471317870248      -0.26626767606119373     
           0           3 -0.75690477088108388      -0.13425646231413069     
           5           3 -0.80689657676824567      -0.19724061417036864     
          10           3 -0.79495363212167547      -0.15151661702406116     
          15           3 -0.81722749134094386      -0.20744361693081359     
          20           3 -0.80066947068857530      -0.31139437924876390     
          25           3 -0.84560457558779945      -0.25416661314503486     
          30           3 -0.80985925745125087      -0.35510706973163053     
          35           3 -0.83967903144355205      -0.27298219405169633     
          40           3 -0.77736658067095732      -0.33355552292224644     
          45           3 -0.69127088323739372      -0.30067047176896011     
          50           3 -0.67865325117821840      -0.25109433213765797     
          55           3 -0.62809434023591848      -0.33005592064982991     
          60           3 -0.62725187738976729      -0.30211304330896027     
          65           3 -0.65662491365969800      -0.12209436926813311     
          70           3 -0.57089555561162797       -6.2202537145505943E-002
          75           3 -0.57756352205728945       -2.7778625533159129E-002
          80           3  -1.2390297194997402        6.5885060660519912E-002
          85           3 -0.74595530449528269      -0.53647521394140085     
          90           3 -0.75622187573287647      -0.49240862528998619     
          95           3 -0.73913436622774498      -0.29494554401710005     
           0           4  -1.6743992409025963      -0.51855739883421847     
           5           4  -1.6131219742021585      -0.37278245816896316     
          10           4  -1.5939841045131686      -0.35851680243670359     
          15           4  -1.6958275834255687      -0.47614781695237696     
          20           4  -1.6554972032523096      -0.39999543483215660     
          25           4  -1.6986861327517033      -0.49678752483295341     
          30           4  -1.6261438429765462      -0.40220506881016860     
          35           4  -1.6351841727058058      -0.51861337735381596     
          40           4  -1.4894658572828234      -0.55214390898949972     
          45           4  -1.4062635376888011      -0.74731911220204950     
          50           4  -1.3338790885697449      -0.71729805291464999     
          55           4  -1.3011748239577514      -0.75657496485082021     
          60           4  -1.3780710816035935      -0.46125321564449706     
          65           4  -1.5101408339290856      -0.29965697780465206     
          70           4  -1.3605434232744074      -0.23463957811387104     
          75           4  -1.3979514503148494      -0.18647322502118868     
          80           4 -0.64212797475704519      -0.27296843136515037     
          85           4  -1.5708197695829540       -1.0713204853995961     
          90           4  -1.6806374605238261       -1.1252477302114983     
          95           4  -1.4679815792817408      -0.57029401182795425     
           0           5 -0.79563259740508663      -0.28575958501697585     
           5           5 -0.74150213009716026      -0.24254843309812202     
          10           5 -0.83577622289610076      -0.26123474056394258     
          15           5 -0.83037977733013690      -0.34339451755016626     
          20           5  -1.7193206357113411      -0.58277736869172259     
          25           5 -0.84083393813827456      -0.38444096321033072     
          30           5 -0.82095837642626179      -0.31153530503313931     
          35           5 -0.81644002765557389      -0.38258235076860103     
          40           5 -0.76809045893355687      -0.37869110821819874     
          45           5 -0.74733519600300724      -0.44211179079045593     
          50           5 -0.74313984182339254      -0.47705426891031522     
          55           5 -0.75238147186240667      -0.49499699938060360     
          60           5 -0.73302092065574698      -0.24941086306906612     
          65           5 -0.68995300658514225      -0.20565589014864827     
          70           5 -0.70362696924064494      -0.17114380431948462     
          75           5 -0.74263606833824269      -0.14787674741167933     
          80           5 -0.64464979260492328      -0.31653426780131610     
          85           5 -0.83361707154949727      -0.54588588708881502     
          90           5 -0.85744602920101443      -0.59779186557751274     
          95           5 -0.79736566370058881      -0.28051671542517198     
           0           6 -0.72825751623317725      -0.26990879116617350     
           5           6 -0.78463284070462436      -0.24853343726150001     
          10           6 -0.84138967787694696      -0.26245558161885896     
          15           6 -0.83223456951664332      -0.37745739311034754     
          20           6 -0.87209476491878490      -0.33725332399203722     
          25           6 -0.83736402588741043      -0.43172519906597984     
          30           6 -0.82539717839225091      -0.36913718157727260     
          35           6 -0.83408344611513030      -0.44886464174886953     
          40           6 -0.76502675415923704      -0.39683017765579365     
          45           6 -0.78307216142547986      -0.47512984182151996     
          50           6 -0.74988091121497291      -0.49418518484056762     
          55           6 -0.77974812608516686      -0.54473892638906563     
          60           6 -0.80065934135120642      -0.28015616601262394     
          65           6 -0.65200182227442838      -0.25701269933176007     
          70           6 -0.72920477499849312      -0.22071890450447995     
          75           6 -0.73085627029456646      -0.18796910585816562     
          80           6 -0.64342390324156895      -0.36215012514606570     
          85           6 -0.83580660579229971      -0.50838805257136244     
          90           6 -0.81512915166115363      -0.63711284671530422     
          95           6 -0.82424756300270019      -0.30512424999518117     
           0           7 -0.74088735147165730      -0.23371117020332122     
           5           7 -0.81674676453147299      -0.26901281338087557     
          10           7 -0.81170018862763982      -0.26365400571659592     
          15           7 -0.84389797262218735      -0.35834675806700744     
          20           7  -1.7175950982029065      -0.70332103905723642     
          25           7 -0.81871306111480635      -0.47779901554356741     
          30           7 -0.81850952184936432      -0.39424245539265712     
          35           7 -0.81906186121472047      -0.49302124897732114     
          40           7 -0.77296007805927047      -0.39010967957775478     
          45           7 -0.77361145965681999      -0.50134155490599852     
          50           7 -0.74360017777053145      -0.51896733732625933     
          55           7 -0.82031603021448518      -0.52455749693258724     
          60           7 -0.81543849329790419      -0.32045239822142690     
          65           7 -0.65564074787971549      -0.24629508752926910     
          70           7 -0.75544411643591047      -0.24149676366214123     
          75           7 -0.70582624800863414      -0.25903512169467291     
          80           7 -0.61981306330949337      -0.38433528333214895     
          85           7   0.0000000000000000        0.0000000000000000     
          90           7 -0.89666529852650001      -0.58081352001249087     
          95           7 -0.79353413667604400      -0.33863862126448652     
           0           8 -0.80759266777641336      -0.20505913286505972     
           5           8 -0.80042282172509971      -0.24922722204223646     
          10           8 -0.80938307465139303      -0.26481249226328885     
          15           8 -0.80351118511678976      -0.43016385614436103     
          20           8 -0.83884434959102805      -0.35651466843589219     
          25           8 -0.86963818105800783      -0.53381237133720560     
          30           8 -0.82533763208658684      -0.39533980846329086     
          35           8 -0.82988337634759546      -0.49846151912724679     
          40           8 -0.77718618211264356      -0.38301726635658895     
          45           8 -0.75561661326162266      -0.51051404930113620     
          50           8 -0.73762568121082950      -0.49173157467663486     
          55           8 -0.84797948805004353      -0.54898825449178901     
          60           8 -0.71430873092026559      -0.43104167792407111     
          65           8 -0.74817244268388094      -0.23371621377776819     
          70           8 -0.75217649389003327      -0.21129588845703040     
          75           8 -0.72273661317012738      -0.22392975640883606     
          80           8 -0.62337494142639116      -0.36170933453760767     
          85           8 -0.55153076722547212      -0.39372421814398706     
          90           8 -0.94608134865836746      -0.60358597211873644     
          95           8 -0.74881103444113251      -0.32886052089509121     
           0           9 -0.78745549154931449      -0.21647586952333597     
           5           9 -0.84490161501360461      -0.26067911814031675     
          10           9 -0.82097203955910913      -0.27555702725834408     
          15           9 -0.88828758245895756      -0.42370681598846716     
          20           9 -0.82922036158450396      -0.37728041026419135     
          25           9  -1.7266432044493740       -1.0368952566430778     
          30           9 -0.79213884591311512      -0.39399826391672832     
          35           9 -0.54525911899361290      -0.59011161068767137     
          40           9 -0.47980216908882767      -0.54575300959314177     
          45           9 -0.50264057261273365      -0.63190568520887780     
          50           9 -0.58450448015889833      -0.57698589965404778     
          55           9 -0.57783522098731055      -0.69331266503880329     
          60           9 -0.74454335525331317      -0.30163724543896819     
          65           9 -0.82072865680515861      -0.23270508061834505     
          70           9 -0.78158297654340458      -0.21517602760035004     
          75           9 -0.72316340208544716      -0.20213511461975031     
          80           9 -0.60655688471911162      -0.37976294619213036     
          85           9 -0.56572469716797968      -0.34783342903743630     
          90           9 -0.66689519293561261      -0.63905781033213316     
          95           9 -0.75655593462897741      -0.19607629531570581     
           0          10   0.0000000000000000        0.0000000000000000     
           5          10   0.0000000000000000        0.0000000000000000     
          10          10   0.0000000000000000        0.0000000000000000     
          15          10   0.0000000000000000        0.0000000000000000     
          20          10   0.0000000000000000        0.0000000000000000     
          25          10 -0.53817302445580140      -0.62455134758110376     
          30          10   0.0000000000000000        0.0000000000000000     
          35          10   0.0000000000000000        0.0000000000000000     
          40          10   0.0000000000000000        0.0000000000000000     
          45          10   0.0000000000000000        0.0000000000000000     
          50          10   0.0000000000000000        0.0000000000000000     
          55          10   0.0000000000000000        0.0000000000000000     
          60          10   0.0000000000000000        0.0000000000000000     
          65          10   0.0000000000000000        0.0000000000000000     
          70          10   0.0000000000000000        0.0000000000000000     
          75          10   0.0000000000000000        0.0000000000000000     
          80          10   0.0000000000000000        0.0000000000000000     
          85          10   0.0000000000000000        0.0000000000000000     
          90          10   0.0000000000000000        0.0000000000000000     
          95          10   0.0000000000000000        0.0000000000000000     
           0          11   0.0000000000000000        0.0000000000000000     
           5          11   0.0000000000000000        0.0000000000000000     
          10          11   0.0000000000000000        0.0000000000000000     
          15          11   0.0000000000000000        0.0000000000000000     
          20          11   0.0000000000000000        0.0000000000000000     
          25          11   0.0000000000000000        0.0000000000000000     
          30          11   0.0000000000000000        0.0000000000000000     
          35          11   0.0000000000000000        0.0000000000000000     
          40          11   0.0000000000000000        0.0000000000000000     
          45          11   0.0000000000000000        0.0000000000000000     
          50          11   0.0000000000000000        0.0000000000000000     
          55          11   0.0000000000000000        0.0000000000000000     
          60          11   0.0000000000000000        0.0000000000000000     
          65          11   0.0000000000000000        0.0000000000000000     
          70          11   0.0000000000000000        0.0000000000000000     
          75          11   0.0000000000000000        0.0000000000000000     
          80          11   0.0000000000000000        0.0000000000000000     
          85          11   0.0000000000000000        0.0000000000000000     
          90          11   0.0000000000000000        0.0000000000000000     
          95          11   0.0000000000000000        0.0000000000000000     
           0          12   0.0000000000000000        0.0000000000000000     
           5          12   0.0000000000000000        0.0000000000000000     
          10          12   0.0000000000000000        0.0000000000000000     
          15          12   0.0000000000000000        0.0000000000000000     
          20          12   0.0000000000000000        0.0000000000000000     
          25          12   0.0000000000000000        0.0000000000000000     
          30          12   0.0000000000000000        0.0000000000000000     
          35          12   0.0000000000000000        0.0000000000000000     
          40          12   0.0000000000000000        0.0000000000000000     
          45          12   0.0000000000000000        0.0000000000000000     
          50          12   0.0000000000000000        0.0000000000000000     
          55          12   0.0000000000000000        0.0000000000000000     
          60          12   0.0000000000000000        0.0000000000000000     
          65          12   0.0000000000000000        0.0000000000000000     
          70          12   0.0000000000000000        0.0000000000000000     
          75          12   0.0000000000000000        0.0000000000000000     
          80          12   0.0000000000000000        0.0000000000000000     
          85          12   0.0000000000000000        0.0000000000000000     
          90          12   0.0000000000000000        0.0000000000000000     
          95          12   0.0000000000000000        0.0000000000000000     
           0          13   0.0000000000000000        0.0000000000000000     
           5          13   0.0000000000000000        0.0000000000000000     
          10          13   0.0000000000000000        0.0000000000000000     
          15          13   0.0000000000000000        0.0000000000000000     
          20          13   0.0000000000000000        0.0000000000000000     
          25          13   0.0000000000000000        0.0000000000000000     
          30          13   0.0000000000000000        0.0000000000000000     
          35          13   0.0000000000000000        0.0000000000000000     
          40          13   0.0000000000000000        0.0000000000000000     
          45          13   0.0000000000000000        0.0000000000000000     
          50          13   0.0000000000000000        0.0000000000000000     
          55          13   0.0000000000000000        0.0000000000000000     
          60          13   0.0000000000000000        0.0000000000000000     
          65          13   0.0000000000000000        0.0000000000000000     
          70          13   0.0000000000000000        0.0000000000000000     
          75          13   0.0000000000000000        0.0000000000000000     
          80          13   0.0000000000000000        0.0000000000000000     
          85          13   0.0000000000000000        0.0000000000000000     
          90          13   0.0000000000000000        0.0000000000000000     
          95          13   0.0000000000000000        0.0000000000000000     
           0          14   0.0000000000000000        0.0000000000000000     
           5          14   0.0000000000000000        0.0000000000000000     
          10          14   0.0000000000000000        0.0000000000000000     
          15          14   0.0000000000000000        0.0000000000000000     
          20          14   0.0000000000000000        0.0000000000000000     
          25          14   0.0000000000000000        0.0000000000000000     
          30          14   0.0000000000000000        0.0000000000000000     
          35          14   0.0000000000000000        0.0000000000000000     
          40          14   0.0000000000000000        0.0000000000000000     
          45          14   0.0000000000000000        0.0000000000000000     
          50          14   0.0000000000000000        0.0000000000000000     
          55          14   0.0000000000000000        0.0000000000000000     
          60          14   0.0000000000000000        0.0000000000000000     
          65          14   0.0000000000000000        0.0000000000000000     
          70          14   0.0000000000000000        0.0000000000000000     
          75          14   0.0000000000000000        0.0000000000000000     
          80          14   0.0000000000000000        0.0000000000000000     
          85          14   0.0000000000000000        0.0000000000000000     
          90          14   0.0000000000000000        0.0000000000000000     
          95          14   0.0000000000000000        0.0000000000000000     
           0          15   0.0000000000000000        0.0000000000000000     
           5          15   0.0000000000000000        0.0000000000000000     
          10          15   0.0000000000000000        0.0000000000000000     
          15          15   0.0000000000000000        0.0000000000000000     
          20          15   0.0000000000000000        0.0000000000000000     
          25          15   0.0000000000000000        0.0000000000000000     
          30          15   0.0000000000000000        0.0000000000000000     
          35          15   0.0000000000000000        0.0000000000000000     
          40          15   0.0000000000000000        0.0000000000000000     
          45          15   0.0000000000000000        0.0000000000000000     
          50          15   0.0000000000000000        0.0000000000000000     
          55          15   0.0000000000000000        0.0000000000000000     
          60          15   0.0000000000000000        0.0000000000000000     
          65          15   0.0000000000000000        0.0000000000000000     
          70          15   0.0000000000000000        0.0000000000000000     
          75          15   0.0000000000000000        0.0000000000000000     
          80          15   0.0000000000000000        0.0000000000000000     
          85          15   0.0000000000000000        0.0000000000000000     
          90          15   0.0000000000000000        0.0000000000000000     
          95          15   0.0000000000000000        0.0000000000000000     
           0          16   0.0000000000000000        0.0000000000000000     
           5          16   0.0000000000000000        0.0000000000000000     
          10          16   0.0000000000000000        0.0000000000000000     
          15          16   0.0000000000000000        0.0000000000000000     
          20          16   0.0000000000000000        0.0000000000000000     
          25          16   0.0000000000000000        0.0000000000000000     
          30          16   0.0000000000000000        0.0000000000000000     
          35          16   0.0000000000000000        0.0000000000000000     
          40          16   0.0000000000000000        0.0000000000000000     
          45          16   0.0000000000000000        0.0000000000000000     
          50          16   0.0000000000000000        0.0000000000000000     
          55          16   0.0000000000000000        0.0000000000000000     
          60          16   0.0000000000000000        0.0000000000000000     
          65          16   0.0000000000000000        0.0000000000000000     
          70          16   0.0000000000000000        0.0000000000000000     
          75          16   0.0000000000000000        0.0000000000000000     
          80          16   0.0000000000000000        0.0000000000000000     
          85          16   0.0000000000000000        0.0000000000000000     
          90          16   0.0000000000000000        0.0000000000000000     
          95          16   0.0000000000000000        0.0000000000000000     
