           1           1   0.0000000000000000     
           2           1   0.0000000000000000     
           3           1   0.0000000000000000     
           4           1   0.0000000000000000     
           5           1   0.0000000000000000     
           6           1   0.0000000000000000     
           7           1   0.0000000000000000     
           8           1   0.0000000000000000     
           9           1   0.0000000000000000     
          10           1   0.0000000000000000     
          11           1   0.0000000000000000     
          12           1   0.0000000000000000     
          13           1   0.0000000000000000     
          14           1   0.0000000000000000     
          15           1   0.0000000000000000     
          16           1   0.0000000000000000     
          17           1   0.0000000000000000     
          18           1   0.0000000000000000     
          19           1   0.0000000000000000     
          20           1   0.0000000000000000     
          21           1   0.0000000000000000     
          22           1   0.0000000000000000     
          23           1   0.0000000000000000     
          24           1   0.0000000000000000     
          25           1   0.0000000000000000     
          26           1   0.0000000000000000     
          27           1   0.0000000000000000     
          28           1   0.0000000000000000     
          29           1   0.0000000000000000     
          30           1   0.0000000000000000     
          31           1   0.0000000000000000     
          32           1   0.0000000000000000     
          33           1   0.0000000000000000     
          34           1   0.0000000000000000     
          35           1   0.0000000000000000     
          36           1   0.0000000000000000     
          37           1   0.0000000000000000     
          38           1   0.0000000000000000     
          39           1   0.0000000000000000     
          40           1   0.0000000000000000     
          41           1   0.0000000000000000     
          42           1   0.0000000000000000     
          43           1   0.0000000000000000     
          44           1   0.0000000000000000     
          45           1   0.0000000000000000     
          46           1   0.0000000000000000     
          47           1   0.0000000000000000     
          48           1   0.0000000000000000     
          49           1   0.0000000000000000     
           1           2   0.0000000000000000     
           2           2   0.0000000000000000     
           3           2   0.0000000000000000     
           4           2   0.0000000000000000     
           5           2   0.0000000000000000     
           6           2   0.0000000000000000     
           7           2   0.0000000000000000     
           8           2   0.0000000000000000     
           9           2   0.0000000000000000     
          10           2   0.0000000000000000     
          11           2   0.0000000000000000     
          12           2   0.0000000000000000     
          13           2   0.0000000000000000     
          14           2   0.0000000000000000     
          15           2   0.0000000000000000     
          16           2   0.0000000000000000     
          17           2   0.0000000000000000     
          18           2   0.0000000000000000     
          19           2   0.0000000000000000     
          20           2   0.0000000000000000     
          21           2   0.0000000000000000     
          22           2   0.0000000000000000     
          23           2   0.0000000000000000     
          24           2   0.0000000000000000     
          25           2   0.0000000000000000     
          26           2   0.0000000000000000     
          27           2   0.0000000000000000     
          28           2   0.0000000000000000     
          29           2   0.0000000000000000     
          30           2   0.0000000000000000     
          31           2   0.0000000000000000     
          32           2   0.0000000000000000     
          33           2   0.0000000000000000     
          34           2   0.0000000000000000     
          35           2   0.0000000000000000     
          36           2   0.0000000000000000     
          37           2   0.0000000000000000     
          38           2   0.0000000000000000     
          39           2   0.0000000000000000     
          40           2   0.0000000000000000     
          41           2   0.0000000000000000     
          42           2   0.0000000000000000     
          43           2   0.0000000000000000     
          44           2   0.0000000000000000     
          45           2   0.0000000000000000     
          46           2   0.0000000000000000     
          47           2   0.0000000000000000     
          48           2   0.0000000000000000     
          49           2   0.0000000000000000     
           1           3   0.0000000000000000     
           2           3   0.0000000000000000     
           3           3  0.64137685397780797     
           4           3  0.64673162431790820     
           5           3  0.64166145476727143     
           6           3  0.66856663447126652     
           7           3  0.66269932182476043     
           8           3  0.66126754738677329     
           9           3  0.63445143667502968     
          10           3  0.63679314930413822     
          11           3  0.66530923812423837     
          12           3  0.66739849953847652     
          13           3  0.69634987612347055     
          14           3  0.67154276033072613     
          15           3  0.67663439976723116     
          16           3  0.67111720675059261     
          17           3  0.67502343319297187     
          18           3  0.67151571703466217     
          19           3  0.69874193590946365     
          20           3  0.66796794489395017     
          21           3  0.66284917917477837     
          22           3  0.63471185430844912     
          23           3  0.65801173036205884     
          24           3  0.63474701949695556     
          25           3  0.65921938948680825     
          26           3  0.67084358243073439     
          27           3  0.66686459893658701     
          28           3  0.66926404596478650     
          29           3  0.66483112629033603     
          30           3  0.65777839525054516     
          31           3  0.62432099293571841     
          32           3  0.62324423074864144     
          33           3  0.64934578986514324     
          34           3  0.62940626278607537     
          35           3  0.63934571753240133     
          36           3  0.63869556962712093     
          37           3  0.65941355118891065     
          38           3  0.63068744270565602     
          39           3  0.65201815419791465     
          40           3  0.62003732708087211     
          41           3  0.62440043135202161     
          42           3  0.62857893397775544     
          43           3  0.65699825048421734     
          44           3  0.65929916909667030     
          45           3  0.63653475643083535     
          46           3  0.62832623432107404     
          47           3   0.0000000000000000     
          48           3   0.0000000000000000     
          49           3   0.0000000000000000     
           1           4   0.0000000000000000     
           2           4   0.0000000000000000     
           3           4  0.65993539034404058     
           4           4  0.64377216861784403     
           5           4  0.64091468512236471     
           6           4  0.64513983363473082     
           7           4  0.64432675052669219     
           8           4  0.66760479022595931     
           9           4  0.63811485081142183     
          10           4  0.66747723300482209     
          11           4  0.64352932779995664     
          12           4  0.64445371925819228     
          13           4  0.67420690330691435     
          14           4  0.64997650022855336     
          15           4  0.65564126617983431     
          16           4  0.64692429045335542     
          17           4  0.64888150326051452     
          18           4  0.64736840294671483     
          19           4  0.65104344989177798     
          20           4  0.64320007593450557     
          21           4  0.64687061653830036     
          22           4  0.64576928849766801     
          23           4  0.64095367433856587     
          24           4  0.66145862083179396     
          25           4  0.63317282172077183     
          26           4  0.63879030265345627     
          27           4  0.63166892933112184     
          28           4  0.63532467958917149     
          29           4  0.62844727689947777     
          30           4  0.62948481623020647     
          31           4  0.64422940886678837     
          32           4  0.62170988198709576     
          33           4  0.62021326740453486     
          34           4  0.65319960326250803     
          35           4  0.66609449052395919     
          36           4  0.63998815495356876     
          37           4  0.63655117961740704     
          38           4  0.66495218943095580     
          39           4  0.65810723068606236     
          40           4  0.65238190060133805     
          41           4  0.62789890431337836     
          42           4  0.63485438726963583     
          43           4  0.63386035908389915     
          44           4  0.63381067876348529     
          45           4  0.63582566621943126     
          46           4  0.63595385941665172     
          47           4   0.0000000000000000     
          48           4   0.0000000000000000     
          49           4   0.0000000000000000     
           1           5   0.0000000000000000     
           2           5   0.0000000000000000     
           3           5  0.66432048031473234     
           4           5  0.67691858437637620     
           5           5  0.64247801076841149     
           6           5  0.64594581662432116     
           7           5  0.63888936435595656     
           8           5  0.66485741015431621     
           9           5  0.62646240794233932     
          10           5  0.62679311728953968     
          11           5  0.63029981669014978     
          12           5  0.63044922951150495     
          13           5  0.63556894373453765     
          14           5  0.64148844076070133     
          15           5  0.65253578191641293     
          16           5  0.63975126262763260     
          17           5  0.64592385125227980     
          18           5  0.67047726547726194     
          19           5  0.64532850134562736     
          20           5  0.63633482400745400     
          21           5  0.64448928001534356     
          22           5  0.64233220562604931     
          23           5  0.64112302034369562     
          24           5  0.63746761806644248     
          25           5  0.63084212403764517     
          26           5  0.63254209727928035     
          27           5  0.62985271654653396     
          28           5  0.62920275480761889     
          29           5  0.65281119261256715     
          30           5  0.63076800139725753     
          31           5  0.62409466633805155     
          32           5  0.62126597759267765     
          33           5  0.62109406865681227     
          34           5  0.63134196822399491     
          35           5  0.64055248765605588     
          36           5  0.64389519154468156     
          37           5  0.63888100801848091     
          38           5  0.64089985819579287     
          39           5  0.63860544672348574     
          40           5  0.60695894813613238     
          41           5  0.63267715954591952     
          42           5  0.64703776859414897     
          43           5  0.61935971555664970     
          44           5  0.61551613560424812     
          45           5  0.64299538942566370     
          46           5  0.64328349285343378     
          47           5   0.0000000000000000     
          48           5   0.0000000000000000     
          49           5   0.0000000000000000     
           1           6   0.0000000000000000     
           2           6   0.0000000000000000     
           3           6  0.63608210970568191     
           4           6  0.64651851732755961     
           5           6  0.68785975607454120     
           6           6  0.67107797672586222     
           7           6  0.63935044849727152     
           8           6  0.63865650202765778     
           9           6  0.62905086648171515     
          10           6  0.62770623642856926     
          11           6  0.62572137735555144     
          12           6  0.65220816139074878     
          13           6  0.63386922485262642     
          14           6  0.64072246171145408     
          15           6  0.65353065572297209     
          16           6  0.64566935173139473     
          17           6  0.64875749095224755     
          18           6  0.64758831572672082     
          19           6  0.64608950747814964     
          20           6  0.63375152100070686     
          21           6  0.64008486965688238     
          22           6  0.63923202191870465     
          23           6  0.69268085060263274     
          24           6  0.66052718121900666     
          25           6  0.65483521026375402     
          26           6  0.65098498497334756     
          27           6  0.65472754705205738     
          28           6  0.67700833288784690     
          29           6  0.62499754872495472     
          30           6  0.62603093582732294     
          31           6  0.62596455342974267     
          32           6  0.61648518816129383     
          33           6  0.63890083166978728     
          34           6  0.62619043806469543     
          35           6  0.63677329695271290     
          36           6  0.66163330268449283     
          37           6  0.63333559282928875     
          38           6  0.63696002672537355     
          39           6  0.63166136950489093     
          40           6  0.60630657228521512     
          41           6  0.60976177608184723     
          42           6  0.62371825193498043     
          43           6  0.65025579411417966     
          44           6  0.64679328849598916     
          45           6  0.64236023436710843     
          46           6  0.67413481258341090     
          47           6   0.0000000000000000     
          48           6   0.0000000000000000     
          49           6   0.0000000000000000     
           1           7   0.0000000000000000     
           2           7   0.0000000000000000     
           3           7  0.63333912171701445     
           4           7  0.64183471287335458     
           5           7  0.64126772611193794     
           6           7  0.64868291972573944     
           7           7  0.64580995481923253     
           8           7  0.64062129111512855     
           9           7  0.63588551333051224     
          10           7  0.63018482519263463     
          11           7  0.62991298582027289     
          12           7  0.68147169689853182     
          13           7  0.66013427998465046     
          14           7  0.67090198110620947     
          15           7  0.67568238555965288     
          16           7  0.66836618025662409     
          17           7  0.70310592271612360     
          18           7  0.67816044339079917     
          19           7  0.67200913942756002     
          20           7  0.66628720993087787     
          21           7  0.67052018744461506     
          22           7  0.66741717448003612     
          23           7  0.66705042757583943     
          24           7  0.63319848262544909     
          25           7  0.63392306529307263     
          26           7  0.63061159558633817     
          27           7  0.63489885975122506     
          28           7  0.63450843226887044     
          29           7  0.65720944701028150     
          30           7  0.65703995087484102     
          31           7  0.65435806392969609     
          32           7  0.65010304737308899     
          33           7  0.66611010379392821     
          34           7  0.65126123558438676     
          35           7  0.65523107465241859     
          36           7  0.62718574972600627     
          37           7  0.65312424866943330     
          38           7  0.65829791146684102     
          39           7  0.63226143931406842     
          40           7  0.63619925960888268     
          41           7  0.61549406517087557     
          42           7  0.62501230075318204     
          43           7  0.64533447426598278     
          44           7  0.62064393739852164     
          45           7  0.67134631338037187     
          46           7  0.67585675941596768     
          47           7   0.0000000000000000     
          48           7   0.0000000000000000     
          49           7   0.0000000000000000     
           1           8   0.0000000000000000     
           2           8   0.0000000000000000     
           3           8  0.63447585924227268     
           4           8  0.66322351612296337     
           5           8  0.64235010952579774     
           6           8  0.64807877155192706     
           7           8  0.61418229575366612     
           8           8  0.61641016147526551     
           9           8  0.60789875222175105     
          10           8  0.60797672155129023     
          11           8  0.60769866714206633     
          12           8  0.63311933929283237     
          13           8  0.63161677062729515     
          14           8  0.64132486640394204     
          15           8  0.64268236216730379     
          16           8  0.64118872330868559     
          17           8  0.64806771093556226     
          18           8  0.67604947996132569     
          19           8  0.65351704435061253     
          20           8  0.64519955389120009     
          21           8  0.64857085816714322     
          22           8  0.64606530962989417     
          23           8  0.64717527199428282     
          24           8  0.63431127523079267     
          25           8  0.63984333725230713     
          26           8  0.63117353736520032     
          27           8  0.65532644284436137     
          28           8  0.63158133747115841     
          29           8  0.63025874387635006     
          30           8  0.62722683828006642     
          31           8  0.62980710333365508     
          32           8  0.62607038455520780     
          33           8  0.62175046623008290     
          34           8  0.62981627036086263     
          35           8  0.62778041266200002     
          36           8  0.62698627261394180     
          37           8  0.62897525081877648     
          38           8  0.63405997789740043     
          39           8  0.68223444695681590     
          40           8  0.64369042539249288     
          41           8  0.64070104986739618     
          42           8  0.64493639897281696     
          43           8  0.62113141754459555     
          44           8  0.62320489765266662     
          45           8  0.64486887147022220     
          46           8  0.65279524662131561     
          47           8   0.0000000000000000     
          48           8   0.0000000000000000     
          49           8   0.0000000000000000     
           1           9   0.0000000000000000     
           2           9   0.0000000000000000     
           3           9  0.66382492596717224     
           4           9  0.66792154638810408     
           5           9  0.67340133389313439     
           6           9  0.64670527218815166     
           7           9  0.61089318221262945     
           8           9  0.64017459241318164     
           9           9  0.60353625995581273     
          10           9  0.60031792210786572     
          11           9  0.60019430077752622     
          12           9  0.65474869359630694     
          13           9  0.63256228375644952     
          14           9  0.63838301279701093     
          15           9  0.64057315516208935     
          16           9  0.64353421636015740     
          17           9  0.64414618623900255     
          18           9  0.64371271847915246     
          19           9  0.64549870438987345     
          20           9  0.63924816354534952     
          21           9  0.64068588112529479     
          22           9  0.66567643459430548     
          23           9  0.63755619930438345     
          24           9  0.63298913840898907     
          25           9  0.63754085572776742     
          26           9  0.63162440524646513     
          27           9  0.63495080743507260     
          28           9  0.63787263312466413     
          29           9  0.63389762440403841     
          30           9  0.62805311601101532     
          31           9  0.63146708881509839     
          32           9  0.65306460128921051     
          33           9  0.62717477136110655     
          34           9  0.63017380539648815     
          35           9  0.62656245472537697     
          36           9  0.62420271147890594     
          37           9  0.62621581619843936     
          38           9  0.63018573610657092     
          39           9  0.62875749884846299     
          40           9  0.61221521625641773     
          41           9  0.61483949534362514     
          42           9  0.61578731383693996     
          43           9  0.64288353497657402     
          44           9  0.64913751275803322     
          45           9  0.64798739128013039     
          46           9  0.64954292112052037     
          47           9   0.0000000000000000     
          48           9   0.0000000000000000     
          49           9   0.0000000000000000     
           1          10   0.0000000000000000     
           2          10   0.0000000000000000     
           3          10  0.63702075785705203     
           4          10  0.64251550570929783     
           5          10  0.62082904408371398     
           6          10  0.64311639281353972     
           7          10  0.63670286063360271     
           8          10  0.59097077536216924     
           9          10  0.61089805636757410     
          10          10  0.66188839846495262     
          11          10  0.60622152258923756     
          12          10  0.63298866376034391     
          13          10  0.63455949465557626     
          14          10  0.64104235723462810     
          15          10  0.66065543747355726     
          16          10  0.66849520567245502     
          17          10  0.64597334250518079     
          18          10  0.64494008004859560     
          19          10  0.64956773854867111     
          20          10  0.64999991850611305     
          21          10  0.68036104951344856     
          22          10  0.65104547289626513     
          23          10  0.64472928454307799     
          24          10  0.63981221290356927     
          25          10  0.67061966422490138     
          26          10  0.66350548307101020     
          27          10  0.68681655488176230     
          28          10  0.67486482299351913     
          29          10  0.66720657990647836     
          30          10  0.65800624810529529     
          31          10  0.69388546421780650     
          32          10  0.67115034706086085     
          33          10  0.64243113258233231     
          34          10  0.67230164456021069     
          35          10  0.66190650747560664     
          36          10  0.65944557130400772     
          37          10  0.68283675062828053     
          38          10  0.63415146851083426     
          39          10  0.63172705682298291     
          40          10  0.64349027238614409     
          41          10  0.64295853448461160     
          42          10  0.64428879801297789     
          43          10  0.64411149870056694     
          44          10  0.65316128830264431     
          45          10  0.67682691238815562     
          46          10  0.67873377862348727     
          47          10   0.0000000000000000     
          48          10   0.0000000000000000     
          49          10   0.0000000000000000     
           1          11   0.0000000000000000     
           2          11   0.0000000000000000     
           3          11  0.63324938984979828     
           4          11  0.64182332068565795     
           5          11  0.61825945614390165     
           6          11  0.61477123824806756     
           7          11  0.58024873842819691     
           8          11  0.58788865835122128     
           9          11  0.58070574388541707     
          10          11  0.60443393051336580     
          11          11  0.63234460412398796     
          12          11  0.66946268216725546     
          13          11  0.66595114142061296     
          14          11  0.67587334917042441     
          15          11  0.64225670769871290     
          16          11  0.67167972577696111     
          17          11  0.67056034886424964     
          18          11  0.67337368269012088     
          19          11  0.67578524332886758     
          20          11  0.67694010777675229     
          21          11  0.67810919158670135     
          22          11  0.67761483110454090     
          23          11  0.66333881082714485     
          24          11  0.66357700239924200     
          25          11  0.64273765136567729     
          26          11  0.66590876472292104     
          27          11  0.63739843918417161     
          28          11  0.64827268132336757     
          29          11  0.64601667171458044     
          30          11  0.63861448004260690     
          31          11  0.64001501500121016     
          32          11  0.64289083615981213     
          33          11  0.66882821015359128     
          34          11  0.64156057219283602     
          35          11  0.63570248492741077     
          36          11  0.63395529419417096     
          37          11  0.66134080967946152     
          38          11  0.66666007541461991     
          39          11  0.66708351200645877     
          40          11  0.67399862492173457     
          41          11  0.65188817196980409     
          42          11  0.67232054088945281     
          43          11  0.64078440974244355     
          44          11  0.64764304261424921     
          45          11  0.65139585002996669     
          46          11  0.64362913480674033     
          47          11   0.0000000000000000     
          48          11   0.0000000000000000     
          49          11   0.0000000000000000     
           1          12   0.0000000000000000     
           2          12   0.0000000000000000     
           3          12  0.65733917720229895     
           4          12  0.63879460959396883     
           5          12  0.61743089522453221     
           6          12  0.64361849461402809     
           7          12  0.60620820977137513     
           8          12  0.64626346045453631     
           9          12  0.61562208453100620     
          10          12  0.63539718645693499     
          11          12  0.63348342072458852     
          12          12  0.63892548158253615     
          13          12  0.63480372026735055     
          14          12  0.66169843225794167     
          15          12  0.64000052211580394     
          16          12  0.64801373367714632     
          17          12  0.64500126946668213     
          18          12  0.64420924568824722     
          19          12  0.64545329303708965     
          20          12  0.67323884437123238     
          21          12  0.64710737312240307     
          22          12  0.64540454625047616     
          23          12  0.63854582412962069     
          24          12  0.64014868698804850     
          25          12  0.64303231654454496     
          26          12  0.64322002164006997     
          27          12  0.64423827413603885     
          28          12  0.65469480855004103     
          29          12  0.64986146514557752     
          30          12  0.66477046603941181     
          31          12  0.63848975974789557     
          32          12  0.63845882583026947     
          33          12  0.64038806584032593     
          34          12  0.64364578733061806     
          35          12  0.64600368275756881     
          36          12  0.64664378119235288     
          37          12  0.64790391571453176     
          38          12  0.65107042531188797     
          39          12  0.64782211951783208     
          40          12  0.64341916729307147     
          41          12  0.69742250309859055     
          42          12  0.66545504031063529     
          43          12  0.63980055823655813     
          44          12  0.64441582110253903     
          45          12  0.65023355712988118     
          46          12  0.63961359186108935     
          47          12   0.0000000000000000     
          48          12   0.0000000000000000     
          49          12   0.0000000000000000     
           1          13   0.0000000000000000     
           2          13   0.0000000000000000     
           3          13  0.62903020508969398     
           4          13  0.65474520259888325     
           5          13  0.66120940453683075     
           6          13  0.63285816383892002     
           7          13  0.60166371568026911     
           8          13  0.63541374406834816     
           9          13  0.63789842825306131     
          10          13  0.63094263535268991     
          11          13  0.63283517129200373     
          12          13  0.63891856750195053     
          13          13  0.66689254214256732     
          14          13  0.64236115847913478     
          15          13  0.64390176910006225     
          16          13  0.64589119305976572     
          17          13  0.64078330922364546     
          18          13  0.63409419972030479     
          19          13  0.63411019673317548     
          20          13  0.63966700343436789     
          21          13  0.64159844100441288     
          22          13  0.64073996612449757     
          23          13  0.63470124817928153     
          24          13  0.66497590339000778     
          25          13  0.63717720038635839     
          26          13  0.64112221655910140     
          27          13  0.64745373427912212     
          28          13  0.65829886806937143     
          29          13  0.65460808029682704     
          30          13  0.64938218622546262     
          31          13  0.64277347803688378     
          32          13  0.64119582850507806     
          33          13  0.64492437190439189     
          34          13  0.67177152101390158     
          35          13  0.65164032696933538     
          36          13  0.65318060225824603     
          37          13  0.64989515682501264     
          38          13  0.65037743335345322     
          39          13  0.64942541245085461     
          40          13  0.64240131923590604     
          41          13  0.64844790705455935     
          42          13  0.64285949882927251     
          43          13  0.66467392132747760     
          44          13  0.66765974262882688     
          45          13  0.67150572371439121     
          46          13  0.66149062840405715     
          47          13   0.0000000000000000     
          48          13   0.0000000000000000     
          49          13   0.0000000000000000     
           1          14   0.0000000000000000     
           2          14   0.0000000000000000     
           3          14  0.63391853245207563     
           4          14  0.63609948992008414     
           5          14  0.59059022861054955     
           6          14  0.58883495380571615     
           7          14  0.61098196774534264     
           8          14  0.58973388544586514     
           9          14  0.61862132627268462     
          10          14  0.64032863959055819     
          11          14  0.66707352741619186     
          12          14  0.69233382225644657     
          13          14  0.64071917731882766     
          14          14  0.64202921335109231     
          15          14  0.63864576050385968     
          16          14  0.64299338793163374     
          17          14  0.63979857319512501     
          18          14  0.63913940050232865     
          19          14  0.66209758768987348     
          20          14  0.64173885431176803     
          21          14  0.64257743628751696     
          22          14  0.64504316021185770     
          23          14  0.63827392914220704     
          24          14  0.63589922515120378     
          25          14  0.63945642415203663     
          26          14  0.66247083489716629     
          27          14  0.64042573646193013     
          28          14  0.65129901011120073     
          29          14  0.70305606080254957     
          30          14  0.67136446641542635     
          31          14  0.67063380680074203     
          32          14  0.66735713585127143     
          33          14  0.69018695660632723     
          34          14  0.64786998167831467     
          35          14  0.65114132512028045     
          36          14  0.65220571889803636     
          37          14  0.64640044204296798     
          38          14  0.65125778618820085     
          39          14  0.67650002901003525     
          40          14  0.64336488790998070     
          41          14  0.64879455700161326     
          42          14  0.64693188275578994     
          43          14  0.64278730970833464     
          44          14  0.64173407389233050     
          45          14  0.64781127485004886     
          46          14  0.64071610989639693     
          47          14   0.0000000000000000     
          48          14   0.0000000000000000     
          49          14   0.0000000000000000     
           1          15   0.0000000000000000     
           2          15   0.0000000000000000     
           3          15  0.66515488716172777     
           4          15  0.64067505384801138     
           5          15  0.61862496505846465     
           6          15  0.61562364280191018     
           7          15  0.60878368627083768     
           8          15  0.61529027905231404     
           9          15  0.62361996543064235     
          10          15  0.64256712720801812     
          11          15  0.64417499267322365     
          12          15  0.65244946009383342     
          13          15  0.67613011766929820     
          14          15  0.67617200456608706     
          15          15  0.67192869227951535     
          16          15  0.67643962845399452     
          17          15  0.66726607847465791     
          18          15  0.66222111970702002     
          19          15  0.68328548163893055     
          20          15  0.66078059166364556     
          21          15  0.66581154643991747     
          22          15  0.66425868898142293     
          23          15  0.66547573140443750     
          24          15  0.68869914467462812     
          25          15  0.65946202486882588     
          26          15  0.63577365087471815     
          27          15  0.66263444847972719     
          28          15  0.69444981249424154     
          29          15  0.63972915250377504     
          30          15  0.63583506508673737     
          31          15  0.63039060720623785     
          32          15  0.63018057410159944     
          33          15  0.62832892511350680     
          34          15  0.65725759774690373     
          35          15  0.66604951871362350     
          36          15  0.66508787212103027     
          37          15  0.66207277851219881     
          38          15  0.69691850643875097     
          39          15  0.66839042148493166     
          40          15  0.65897759589045324     
          41          15  0.64307435719300854     
          42          15  0.64028453503994631     
          43          15  0.63632051285451086     
          44          15  0.65958199840146148     
          45          15  0.63885240206179394     
          46          15  0.63470410290277379     
          47          15   0.0000000000000000     
          48          15   0.0000000000000000     
          49          15   0.0000000000000000     
           1          16   0.0000000000000000     
           2          16   0.0000000000000000     
           3          16  0.67166119691729120     
           4          16  0.64348141044631890     
           5          16  0.62285743581746245     
           6          16  0.64747763005246817     
           7          16  0.61423929051656678     
           8          16  0.62155668373978901     
           9          16  0.64747896260802840     
          10          16  0.64970442285051055     
          11          16  0.64889341687723101     
          12          16  0.65238173005177069     
          13          16  0.64325534240728599     
          14          16  0.64232895633636233     
          15          16  0.63928580027160475     
          16          16  0.63945277026712855     
          17          16  0.63577661933445084     
          18          16  0.63566117403369593     
          19          16  0.64119415084469400     
          20          16  0.64449696213664820     
          21          16  0.64523535908916430     
          22          16  0.64890975308090537     
          23          16  0.64570404780991808     
          24          16  0.66262450706201981     
          25          16  0.63365409096991165     
          26          16  0.63222321812634363     
          27          16  0.62838683073153345     
          28          16  0.63604632086469404     
          29          16  0.63526532701400085     
          30          16  0.63662141227586633     
          31          16  0.63136471083025536     
          32          16  0.63407066124700440     
          33          16  0.66073990004783145     
          34          16  0.63977956556883253     
          35          16  0.64062659618526685     
          36          16  0.63976536211098944     
          37          16  0.63688097229416973     
          38          16  0.63776046323004720     
          39          16  0.63837806644325701     
          40          16  0.63208731168252397     
          41          16  0.66637187861367653     
          42          16  0.66585027540452479     
          43          16  0.68388626957335896     
          44          16  0.66058689284140637     
          45          16  0.63711759798341394     
          46          16  0.63603116191864195     
          47          16   0.0000000000000000     
          48          16   0.0000000000000000     
          49          16   0.0000000000000000     
           1          17   0.0000000000000000     
           2          17   0.0000000000000000     
           3          17  0.64466946801799452     
           4          17  0.64722817434439073     
           5          17  0.67285552104853497     
           6          17  0.64538060251445839     
           7          17  0.63826303301898324     
           8          17  0.61945953668124398     
           9          17  0.62187168416374539     
          10          17  0.65354191877680268     
          11          17  0.62971264714752007     
          12          17  0.63848321723245904     
          13          17  0.62883248190618790     
          14          17  0.62376780380162344     
          15          17  0.61679612146312091     
          16          17  0.63944417419030342     
          17          17  0.63138421616598761     
          18          17  0.65890051906559799     
          19          17  0.64065921561295713     
          20          17  0.64299604572375946     
          21          17  0.64514986995633439     
          22          17  0.65095585843177928     
          23          17  0.64434816626873326     
          24          17  0.63903616379731598     
          25          17  0.63104504541903272     
          26          17  0.62833369813063855     
          27          17  0.62289801666601463     
          28          17  0.65487155422917764     
          29          17  0.63007695256773044     
          30          17  0.63779706069459841     
          31          17  0.63400179446965332     
          32          17  0.63708368253825032     
          33          17  0.64042062530486765     
          34          17  0.64093154201036573     
          35          17  0.64021943404257475     
          36          17  0.63863190874792697     
          37          17  0.64021147660459621     
          38          17  0.66211189978098428     
          39          17  0.64258959317991815     
          40          17  0.64172416597933235     
          41          17  0.65392204394584219     
          42          17  0.65615663817481795     
          43          17  0.65167189678174875     
          44          17  0.64704996314084651     
          45          17  0.67165591009151338     
          46          17  0.66579287992937974     
          47          17   0.0000000000000000     
          48          17   0.0000000000000000     
          49          17   0.0000000000000000     
           1          18   0.0000000000000000     
           2          18   0.0000000000000000     
           3          18  0.64953756334559276     
           4          18  0.64855309670461425     
           5          18  0.62242485097236566     
           6          18  0.62025544963128221     
           7          18  0.61457863970991788     
           8          18  0.64712393451998229     
           9          18  0.64509480596131896     
          10          18  0.68185035136208061     
          11          18  0.68377624081523236     
          12          18  0.63548039059522532     
          13          18  0.64794288240483799     
          14          18  0.64102688551980569     
          15          18  0.61280713907772988     
          16          18  0.63468056092047331     
          17          18  0.63155463955996838     
          18          18  0.63887741144757804     
          19          18  0.64269874166778784     
          20          18  0.64269379282090666     
          21          18  0.67021970353401195     
          22          18  0.64950087395245215     
          23          18  0.66964290191083220     
          24          18  0.63921698461153065     
          25          18  0.62635264325764950     
          26          18  0.64882730834892643     
          27          18  0.63826062323117561     
          28          18  0.61955929202166915     
          29          18  0.62585634297441262     
          30          18  0.63321267626420064     
          31          18  0.68280312966797518     
          32          18  0.66310125056718738     
          33          18  0.65933619040078928     
          34          18  0.65738192321028799     
          35          18  0.65630770441890762     
          36          18  0.65861148927227808     
          37          18  0.65862675110838786     
          38          18  0.63608149291372074     
          39          18  0.64323728646533573     
          40          18  0.64068520741449275     
          41          18  0.65000162549924079     
          42          18  0.67808897856408912     
          43          18  0.65110036809511485     
          44          18  0.64590864921788804     
          45          18  0.64677173011801570     
          46          18  0.64144282407462294     
          47          18   0.0000000000000000     
          48          18   0.0000000000000000     
          49          18   0.0000000000000000     
           1          19   0.0000000000000000     
           2          19   0.0000000000000000     
           3          19  0.66494610883885019     
           4          19  0.63601327674202379     
           5          19  0.63346072884135951     
           6          19  0.63269154348639678     
           7          19  0.62873791933017653     
           8          19  0.63832108548690702     
           9          19  0.63961126483441211     
          10          19  0.64495864791875246     
          11          19  0.62556017852032797     
          12          19  0.65198817068590775     
          13          19  0.61755237402648477     
          14          19  0.64345670597816895     
          15          19  0.64672367741574299     
          16          19  0.66650417533795014     
          17          19  0.66232625473960971     
          18          19  0.66461397928246202     
          19          19  0.67479887943171846     
          20          19  0.67082467921471944     
          21          19  0.66750333227691994     
          22          19  0.67272720746141468     
          23          19  0.66365040747492055     
          24          19  0.66175391839360498     
          25          19  0.64793791613047136     
          26          19  0.64991677403784021     
          27          19  0.62025293987651076     
          28          19  0.65056224036834154     
          29          19  0.65339365808501904     
          30          19  0.65494246299876546     
          31          19  0.63064894052457487     
          32          19  0.65531096849375670     
          33          19  0.62911591659219579     
          34          19  0.62648752164780186     
          35          19  0.63204383243793050     
          36          19  0.63117003647042569     
          37          19  0.63840876902842347     
          38          19  0.66314779253585854     
          39          19  0.64475442768879687     
          40          19  0.64272371713731624     
          41          19  0.65231884037007859     
          42          19  0.65567163135349715     
          43          19  0.68633422421101986     
          44          19  0.65428672557513401     
          45          19  0.65284543779470283     
          46          19  0.64720461471766377     
          47          19   0.0000000000000000     
          48          19   0.0000000000000000     
          49          19   0.0000000000000000     
           1          20   0.0000000000000000     
           2          20   0.0000000000000000     
           3          20  0.66273539900543199     
           4          20  0.63269718072832826     
           5          20  0.63046644957278486     
           6          20  0.63290569393932516     
           7          20  0.65365158573670079     
           8          20  0.63403351992395607     
           9          20  0.63447461371057834     
          10          20  0.63775237365026693     
          11          20  0.62087128718019668     
          12          20  0.62327924287907166     
          13          20  0.64342740367818263     
          14          20  0.61451231014535157     
          15          20  0.59551869084801967     
          16          20  0.61727997668551460     
          17          20  0.58726730819845008     
          18          20  0.59088560282850766     
          19          20  0.59388044764432546     
          20          20  0.61483423057533160     
          21          20  0.63453963003001623     
          22          20  0.63391782622874548     
          23          20  0.62753616384025224     
          24          20  0.63039051136763036     
          25          20  0.64764016820037784     
          26          20  0.62573163360183959     
          27          20  0.62452294593896285     
          28          20  0.62977048656431445     
          29          20  0.63119836183313593     
          30          20  0.63345282876972075     
          31          20  0.63139447677614258     
          32          20  0.63583780896825481     
          33          20  0.63486276703441680     
          34          20  0.62856847284155259     
          35          20  0.63513868767558379     
          36          20  0.63580129557193921     
          37          20  0.64343940380193554     
          38          20  0.63911027134284537     
          39          20  0.67351248454313151     
          40          20  0.67227379269639509     
          41          20  0.65406342779063487     
          42          20  0.64697711292874116     
          43          20  0.63448846900026967     
          44          20  0.60573790644807735     
          45          20  0.60597168414155378     
          46          20  0.62688701436060401     
          47          20   0.0000000000000000     
          48          20   0.0000000000000000     
          49          20   0.0000000000000000     
           1          21   0.0000000000000000     
           2          21   0.0000000000000000     
           3          21  0.58566731898345259     
           4          21  0.57862527966143718     
           5          21  0.57136542075507213     
           6          21  0.55008210874802910     
           7          21  0.52214333316462092     
           8          21  0.50153935777873904     
           9          21  0.53251531815676112     
          10          21  0.50620578715386033     
          11          21  0.48860928614592974     
          12          21  0.49099703307208925     
          13          21  0.48975117362410581     
          14          21  0.48603536938146563     
          15          21  0.46702464721659415     
          16          21  0.46271938881595504     
          17          21  0.45947010747639566     
          18          21  0.45919795779433864     
          19          21  0.48436191177792870     
          20          21  0.53357266491747957     
          21          21  0.52643568966877685     
          22          21  0.54839517076884947     
          23          21  0.54562133681859815     
          24          21  0.55083704176779291     
          25          21  0.56916794425336692     
          26          21  0.59608009226167458     
          27          21  0.57535849921230187     
          28          21  0.57671105379030718     
          29          21  0.55245648464996544     
          30          21  0.52966430795822639     
          31          21  0.52785763147911946     
          32          21  0.50671389394655586     
          33          21  0.50488615216190857     
          34          21  0.49774270362058287     
          35          21  0.53501244441079721     
          36          21  0.50881684006198136     
          37          21  0.51305222213768054     
          38          21  0.53659397658810648     
          39          21  0.56763193387362820     
          40          21  0.56413183569218561     
          41          21  0.54401089529314350     
          42          21  0.51797207030732317     
          43          21  0.50304260609795359     
          44          21  0.50414940890375870     
          45          21  0.47876088549955587     
          46          21  0.49881863105331969     
          47          21   0.0000000000000000     
          48          21   0.0000000000000000     
          49          21   0.0000000000000000     
           1          22   0.0000000000000000     
           2          22   0.0000000000000000     
           3          22   0.0000000000000000     
           4          22   0.0000000000000000     
           5          22   0.0000000000000000     
           6          22   0.0000000000000000     
           7          22   0.0000000000000000     
           8          22   0.0000000000000000     
           9          22   0.0000000000000000     
          10          22   0.0000000000000000     
          11          22   0.0000000000000000     
          12          22   0.0000000000000000     
          13          22   0.0000000000000000     
          14          22   0.0000000000000000     
          15          22   0.0000000000000000     
          16          22   0.0000000000000000     
          17          22   0.0000000000000000     
          18          22   0.0000000000000000     
          19          22   0.0000000000000000     
          20          22   0.0000000000000000     
          21          22   0.0000000000000000     
          22          22   0.0000000000000000     
          23          22   0.0000000000000000     
          24          22   0.0000000000000000     
          25          22   0.0000000000000000     
          26          22   0.0000000000000000     
          27          22   0.0000000000000000     
          28          22   0.0000000000000000     
          29          22   0.0000000000000000     
          30          22   0.0000000000000000     
          31          22   0.0000000000000000     
          32          22   0.0000000000000000     
          33          22   0.0000000000000000     
          34          22   0.0000000000000000     
          35          22   0.0000000000000000     
          36          22   0.0000000000000000     
          37          22   0.0000000000000000     
          38          22   0.0000000000000000     
          39          22   0.0000000000000000     
          40          22   0.0000000000000000     
          41          22   0.0000000000000000     
          42          22   0.0000000000000000     
          43          22   0.0000000000000000     
          44          22   0.0000000000000000     
          45          22   0.0000000000000000     
          46          22   0.0000000000000000     
          47          22   0.0000000000000000     
          48          22   0.0000000000000000     
          49          22   0.0000000000000000     
           1          23   0.0000000000000000     
           2          23   0.0000000000000000     
           3          23   0.0000000000000000     
           4          23   0.0000000000000000     
           5          23   0.0000000000000000     
           6          23   0.0000000000000000     
           7          23   0.0000000000000000     
           8          23   0.0000000000000000     
           9          23   0.0000000000000000     
          10          23   0.0000000000000000     
          11          23   0.0000000000000000     
          12          23   0.0000000000000000     
          13          23   0.0000000000000000     
          14          23   0.0000000000000000     
          15          23   0.0000000000000000     
          16          23   0.0000000000000000     
          17          23   0.0000000000000000     
          18          23   0.0000000000000000     
          19          23   0.0000000000000000     
          20          23   0.0000000000000000     
          21          23   0.0000000000000000     
          22          23   0.0000000000000000     
          23          23   0.0000000000000000     
          24          23   0.0000000000000000     
          25          23   0.0000000000000000     
          26          23   0.0000000000000000     
          27          23   0.0000000000000000     
          28          23   0.0000000000000000     
          29          23   0.0000000000000000     
          30          23   0.0000000000000000     
          31          23   0.0000000000000000     
          32          23   0.0000000000000000     
          33          23   0.0000000000000000     
          34          23   0.0000000000000000     
          35          23   0.0000000000000000     
          36          23   0.0000000000000000     
          37          23   0.0000000000000000     
          38          23   0.0000000000000000     
          39          23   0.0000000000000000     
          40          23   0.0000000000000000     
          41          23   0.0000000000000000     
          42          23   0.0000000000000000     
          43          23   0.0000000000000000     
          44          23   0.0000000000000000     
          45          23   0.0000000000000000     
          46          23   0.0000000000000000     
          47          23   0.0000000000000000     
          48          23   0.0000000000000000     
          49          23   0.0000000000000000     
           1          24   0.0000000000000000     
           2          24   0.0000000000000000     
           3          24   0.0000000000000000     
           4          24   0.0000000000000000     
           5          24   0.0000000000000000     
           6          24   0.0000000000000000     
           7          24   0.0000000000000000     
           8          24   0.0000000000000000     
           9          24   0.0000000000000000     
          10          24   0.0000000000000000     
          11          24   0.0000000000000000     
          12          24   0.0000000000000000     
          13          24   0.0000000000000000     
          14          24   0.0000000000000000     
          15          24   0.0000000000000000     
          16          24   0.0000000000000000     
          17          24   0.0000000000000000     
          18          24   0.0000000000000000     
          19          24   0.0000000000000000     
          20          24   0.0000000000000000     
          21          24   0.0000000000000000     
          22          24   0.0000000000000000     
          23          24   0.0000000000000000     
          24          24   0.0000000000000000     
          25          24   0.0000000000000000     
          26          24   0.0000000000000000     
          27          24   0.0000000000000000     
          28          24   0.0000000000000000     
          29          24   0.0000000000000000     
          30          24   0.0000000000000000     
          31          24   0.0000000000000000     
          32          24   0.0000000000000000     
          33          24   0.0000000000000000     
          34          24   0.0000000000000000     
          35          24   0.0000000000000000     
          36          24   0.0000000000000000     
          37          24   0.0000000000000000     
          38          24   0.0000000000000000     
          39          24   0.0000000000000000     
          40          24   0.0000000000000000     
          41          24   0.0000000000000000     
          42          24   0.0000000000000000     
          43          24   0.0000000000000000     
          44          24   0.0000000000000000     
          45          24   0.0000000000000000     
          46          24   0.0000000000000000     
          47          24   0.0000000000000000     
          48          24   0.0000000000000000     
          49          24   0.0000000000000000     
           1          25   0.0000000000000000     
           2          25   0.0000000000000000     
           3          25   0.0000000000000000     
           4          25   0.0000000000000000     
           5          25   0.0000000000000000     
           6          25   0.0000000000000000     
           7          25   0.0000000000000000     
           8          25   0.0000000000000000     
           9          25   0.0000000000000000     
          10          25   0.0000000000000000     
          11          25   0.0000000000000000     
          12          25   0.0000000000000000     
          13          25   0.0000000000000000     
          14          25   0.0000000000000000     
          15          25   0.0000000000000000     
          16          25   0.0000000000000000     
          17          25   0.0000000000000000     
          18          25   0.0000000000000000     
          19          25   0.0000000000000000     
          20          25   0.0000000000000000     
          21          25   0.0000000000000000     
          22          25   0.0000000000000000     
          23          25   0.0000000000000000     
          24          25   0.0000000000000000     
          25          25   0.0000000000000000     
          26          25   0.0000000000000000     
          27          25   0.0000000000000000     
          28          25   0.0000000000000000     
          29          25   0.0000000000000000     
          30          25   0.0000000000000000     
          31          25   0.0000000000000000     
          32          25   0.0000000000000000     
          33          25   0.0000000000000000     
          34          25   0.0000000000000000     
          35          25   0.0000000000000000     
          36          25   0.0000000000000000     
          37          25   0.0000000000000000     
          38          25   0.0000000000000000     
          39          25   0.0000000000000000     
          40          25   0.0000000000000000     
          41          25   0.0000000000000000     
          42          25   0.0000000000000000     
          43          25   0.0000000000000000     
          44          25   0.0000000000000000     
          45          25   0.0000000000000000     
          46          25   0.0000000000000000     
          47          25   0.0000000000000000     
          48          25   0.0000000000000000     
          49          25   0.0000000000000000     
           1          26   0.0000000000000000     
           2          26   0.0000000000000000     
           3          26   0.0000000000000000     
           4          26   0.0000000000000000     
           5          26   0.0000000000000000     
           6          26   0.0000000000000000     
           7          26   0.0000000000000000     
           8          26   0.0000000000000000     
           9          26   0.0000000000000000     
          10          26   0.0000000000000000     
          11          26   0.0000000000000000     
          12          26   0.0000000000000000     
          13          26   0.0000000000000000     
          14          26   0.0000000000000000     
          15          26   0.0000000000000000     
          16          26   0.0000000000000000     
          17          26   0.0000000000000000     
          18          26   0.0000000000000000     
          19          26   0.0000000000000000     
          20          26   0.0000000000000000     
          21          26   0.0000000000000000     
          22          26   0.0000000000000000     
          23          26   0.0000000000000000     
          24          26   0.0000000000000000     
          25          26   0.0000000000000000     
          26          26   0.0000000000000000     
          27          26   0.0000000000000000     
          28          26   0.0000000000000000     
          29          26   0.0000000000000000     
          30          26   0.0000000000000000     
          31          26   0.0000000000000000     
          32          26   0.0000000000000000     
          33          26   0.0000000000000000     
          34          26   0.0000000000000000     
          35          26   0.0000000000000000     
          36          26   0.0000000000000000     
          37          26   0.0000000000000000     
          38          26   0.0000000000000000     
          39          26   0.0000000000000000     
          40          26   0.0000000000000000     
          41          26   0.0000000000000000     
          42          26   0.0000000000000000     
          43          26   0.0000000000000000     
          44          26   0.0000000000000000     
          45          26   0.0000000000000000     
          46          26   0.0000000000000000     
          47          26   0.0000000000000000     
          48          26   0.0000000000000000     
          49          26   0.0000000000000000     
           1          27   0.0000000000000000     
           2          27   0.0000000000000000     
           3          27   0.0000000000000000     
           4          27   0.0000000000000000     
           5          27   0.0000000000000000     
           6          27   0.0000000000000000     
           7          27   0.0000000000000000     
           8          27   0.0000000000000000     
           9          27   0.0000000000000000     
          10          27   0.0000000000000000     
          11          27   0.0000000000000000     
          12          27   0.0000000000000000     
          13          27   0.0000000000000000     
          14          27   0.0000000000000000     
          15          27   0.0000000000000000     
          16          27   0.0000000000000000     
          17          27   0.0000000000000000     
          18          27   0.0000000000000000     
          19          27   0.0000000000000000     
          20          27   0.0000000000000000     
          21          27   0.0000000000000000     
          22          27   0.0000000000000000     
          23          27   0.0000000000000000     
          24          27   0.0000000000000000     
          25          27   0.0000000000000000     
          26          27   0.0000000000000000     
          27          27   0.0000000000000000     
          28          27   0.0000000000000000     
          29          27   0.0000000000000000     
          30          27   0.0000000000000000     
          31          27   0.0000000000000000     
          32          27   0.0000000000000000     
          33          27   0.0000000000000000     
          34          27   0.0000000000000000     
          35          27   0.0000000000000000     
          36          27   0.0000000000000000     
          37          27   0.0000000000000000     
          38          27   0.0000000000000000     
          39          27   0.0000000000000000     
          40          27   0.0000000000000000     
          41          27   0.0000000000000000     
          42          27   0.0000000000000000     
          43          27   0.0000000000000000     
          44          27   0.0000000000000000     
          45          27   0.0000000000000000     
          46          27   0.0000000000000000     
          47          27   0.0000000000000000     
          48          27   0.0000000000000000     
          49          27   0.0000000000000000     
           1          28   0.0000000000000000     
           2          28   0.0000000000000000     
           3          28   0.0000000000000000     
           4          28   0.0000000000000000     
           5          28   0.0000000000000000     
           6          28   0.0000000000000000     
           7          28   0.0000000000000000     
           8          28   0.0000000000000000     
           9          28   0.0000000000000000     
          10          28   0.0000000000000000     
          11          28   0.0000000000000000     
          12          28   0.0000000000000000     
          13          28   0.0000000000000000     
          14          28   0.0000000000000000     
          15          28   0.0000000000000000     
          16          28   0.0000000000000000     
          17          28   0.0000000000000000     
          18          28   0.0000000000000000     
          19          28   0.0000000000000000     
          20          28   0.0000000000000000     
          21          28   0.0000000000000000     
          22          28   0.0000000000000000     
          23          28   0.0000000000000000     
          24          28   0.0000000000000000     
          25          28   0.0000000000000000     
          26          28   0.0000000000000000     
          27          28   0.0000000000000000     
          28          28   0.0000000000000000     
          29          28   0.0000000000000000     
          30          28   0.0000000000000000     
          31          28   0.0000000000000000     
          32          28   0.0000000000000000     
          33          28   0.0000000000000000     
          34          28   0.0000000000000000     
          35          28   0.0000000000000000     
          36          28   0.0000000000000000     
          37          28   0.0000000000000000     
          38          28   0.0000000000000000     
          39          28   0.0000000000000000     
          40          28   0.0000000000000000     
          41          28   0.0000000000000000     
          42          28   0.0000000000000000     
          43          28   0.0000000000000000     
          44          28   0.0000000000000000     
          45          28   0.0000000000000000     
          46          28   0.0000000000000000     
          47          28   0.0000000000000000     
          48          28   0.0000000000000000     
          49          28   0.0000000000000000     
           1          29   0.0000000000000000     
           2          29   0.0000000000000000     
           3          29   0.0000000000000000     
           4          29   0.0000000000000000     
           5          29   0.0000000000000000     
           6          29   0.0000000000000000     
           7          29   0.0000000000000000     
           8          29   0.0000000000000000     
           9          29   0.0000000000000000     
          10          29   0.0000000000000000     
          11          29   0.0000000000000000     
          12          29   0.0000000000000000     
          13          29   0.0000000000000000     
          14          29   0.0000000000000000     
          15          29   0.0000000000000000     
          16          29   0.0000000000000000     
          17          29   0.0000000000000000     
          18          29   0.0000000000000000     
          19          29   0.0000000000000000     
          20          29   0.0000000000000000     
          21          29   0.0000000000000000     
          22          29   0.0000000000000000     
          23          29   0.0000000000000000     
          24          29   0.0000000000000000     
          25          29   0.0000000000000000     
          26          29   0.0000000000000000     
          27          29   0.0000000000000000     
          28          29   0.0000000000000000     
          29          29   0.0000000000000000     
          30          29   0.0000000000000000     
          31          29   0.0000000000000000     
          32          29   0.0000000000000000     
          33          29   0.0000000000000000     
          34          29   0.0000000000000000     
          35          29   0.0000000000000000     
          36          29   0.0000000000000000     
          37          29   0.0000000000000000     
          38          29   0.0000000000000000     
          39          29   0.0000000000000000     
          40          29   0.0000000000000000     
          41          29   0.0000000000000000     
          42          29   0.0000000000000000     
          43          29   0.0000000000000000     
          44          29   0.0000000000000000     
          45          29   0.0000000000000000     
          46          29   0.0000000000000000     
          47          29   0.0000000000000000     
          48          29   0.0000000000000000     
          49          29   0.0000000000000000     
           1          30   0.0000000000000000     
           2          30   0.0000000000000000     
           3          30   0.0000000000000000     
           4          30   0.0000000000000000     
           5          30   0.0000000000000000     
           6          30   0.0000000000000000     
           7          30   0.0000000000000000     
           8          30   0.0000000000000000     
           9          30   0.0000000000000000     
          10          30   0.0000000000000000     
          11          30   0.0000000000000000     
          12          30   0.0000000000000000     
          13          30   0.0000000000000000     
          14          30   0.0000000000000000     
          15          30   0.0000000000000000     
          16          30   0.0000000000000000     
          17          30   0.0000000000000000     
          18          30   0.0000000000000000     
          19          30   0.0000000000000000     
          20          30   0.0000000000000000     
          21          30   0.0000000000000000     
          22          30   0.0000000000000000     
          23          30   0.0000000000000000     
          24          30   0.0000000000000000     
          25          30   0.0000000000000000     
          26          30   0.0000000000000000     
          27          30   0.0000000000000000     
          28          30   0.0000000000000000     
          29          30   0.0000000000000000     
          30          30   0.0000000000000000     
          31          30   0.0000000000000000     
          32          30   0.0000000000000000     
          33          30   0.0000000000000000     
          34          30   0.0000000000000000     
          35          30   0.0000000000000000     
          36          30   0.0000000000000000     
          37          30   0.0000000000000000     
          38          30   0.0000000000000000     
          39          30   0.0000000000000000     
          40          30   0.0000000000000000     
          41          30   0.0000000000000000     
          42          30   0.0000000000000000     
          43          30   0.0000000000000000     
          44          30   0.0000000000000000     
          45          30   0.0000000000000000     
          46          30   0.0000000000000000     
          47          30   0.0000000000000000     
          48          30   0.0000000000000000     
          49          30   0.0000000000000000     
           1          31   0.0000000000000000     
           2          31   0.0000000000000000     
           3          31   0.0000000000000000     
           4          31   0.0000000000000000     
           5          31   0.0000000000000000     
           6          31   0.0000000000000000     
           7          31   0.0000000000000000     
           8          31   0.0000000000000000     
           9          31   0.0000000000000000     
          10          31   0.0000000000000000     
          11          31   0.0000000000000000     
          12          31   0.0000000000000000     
          13          31   0.0000000000000000     
          14          31   0.0000000000000000     
          15          31   0.0000000000000000     
          16          31   0.0000000000000000     
          17          31   0.0000000000000000     
          18          31   0.0000000000000000     
          19          31   0.0000000000000000     
          20          31   0.0000000000000000     
          21          31   0.0000000000000000     
          22          31   0.0000000000000000     
          23          31   0.0000000000000000     
          24          31   0.0000000000000000     
          25          31   0.0000000000000000     
          26          31   0.0000000000000000     
          27          31   0.0000000000000000     
          28          31   0.0000000000000000     
          29          31   0.0000000000000000     
          30          31   0.0000000000000000     
          31          31   0.0000000000000000     
          32          31   0.0000000000000000     
          33          31   0.0000000000000000     
          34          31   0.0000000000000000     
          35          31   0.0000000000000000     
          36          31   0.0000000000000000     
          37          31   0.0000000000000000     
          38          31   0.0000000000000000     
          39          31   0.0000000000000000     
          40          31   0.0000000000000000     
          41          31   0.0000000000000000     
          42          31   0.0000000000000000     
          43          31   0.0000000000000000     
          44          31   0.0000000000000000     
          45          31   0.0000000000000000     
          46          31   0.0000000000000000     
          47          31   0.0000000000000000     
          48          31   0.0000000000000000     
          49          31   0.0000000000000000     
