           1           1   0.0000000000000000     
           2           1   0.0000000000000000     
           3           1   0.0000000000000000     
           4           1   0.0000000000000000     
           5           1   0.0000000000000000     
           6           1   0.0000000000000000     
           7           1   0.0000000000000000     
           8           1   0.0000000000000000     
           9           1   0.0000000000000000     
          10           1   0.0000000000000000     
          11           1   0.0000000000000000     
          12           1   0.0000000000000000     
          13           1   0.0000000000000000     
          14           1   0.0000000000000000     
          15           1   0.0000000000000000     
          16           1   0.0000000000000000     
          17           1   0.0000000000000000     
          18           1   0.0000000000000000     
          19           1   0.0000000000000000     
          20           1   0.0000000000000000     
          21           1   0.0000000000000000     
          22           1   0.0000000000000000     
          23           1   0.0000000000000000     
          24           1   0.0000000000000000     
          25           1   0.0000000000000000     
          26           1   0.0000000000000000     
          27           1   0.0000000000000000     
          28           1   0.0000000000000000     
          29           1   0.0000000000000000     
          30           1   0.0000000000000000     
          31           1   0.0000000000000000     
          32           1   0.0000000000000000     
          33           1   0.0000000000000000     
          34           1   0.0000000000000000     
          35           1   0.0000000000000000     
          36           1   0.0000000000000000     
          37           1   0.0000000000000000     
          38           1   0.0000000000000000     
          39           1   0.0000000000000000     
          40           1   0.0000000000000000     
          41           1   0.0000000000000000     
          42           1   0.0000000000000000     
          43           1   0.0000000000000000     
          44           1   0.0000000000000000     
          45           1   0.0000000000000000     
          46           1   0.0000000000000000     
          47           1   0.0000000000000000     
          48           1   0.0000000000000000     
          49           1   0.0000000000000000     
           1           2   0.0000000000000000     
           2           2   0.0000000000000000     
           3           2   0.0000000000000000     
           4           2   0.0000000000000000     
           5           2   0.0000000000000000     
           6           2   0.0000000000000000     
           7           2   0.0000000000000000     
           8           2   0.0000000000000000     
           9           2   0.0000000000000000     
          10           2   0.0000000000000000     
          11           2   0.0000000000000000     
          12           2   0.0000000000000000     
          13           2   0.0000000000000000     
          14           2   0.0000000000000000     
          15           2   0.0000000000000000     
          16           2   0.0000000000000000     
          17           2   0.0000000000000000     
          18           2   0.0000000000000000     
          19           2   0.0000000000000000     
          20           2   0.0000000000000000     
          21           2   0.0000000000000000     
          22           2   0.0000000000000000     
          23           2   0.0000000000000000     
          24           2   0.0000000000000000     
          25           2   0.0000000000000000     
          26           2   0.0000000000000000     
          27           2   0.0000000000000000     
          28           2   0.0000000000000000     
          29           2   0.0000000000000000     
          30           2   0.0000000000000000     
          31           2   0.0000000000000000     
          32           2   0.0000000000000000     
          33           2   0.0000000000000000     
          34           2   0.0000000000000000     
          35           2   0.0000000000000000     
          36           2   0.0000000000000000     
          37           2   0.0000000000000000     
          38           2   0.0000000000000000     
          39           2   0.0000000000000000     
          40           2   0.0000000000000000     
          41           2   0.0000000000000000     
          42           2   0.0000000000000000     
          43           2   0.0000000000000000     
          44           2   0.0000000000000000     
          45           2   0.0000000000000000     
          46           2   0.0000000000000000     
          47           2   0.0000000000000000     
          48           2   0.0000000000000000     
          49           2   0.0000000000000000     
           1           3   0.0000000000000000     
           2           3   0.0000000000000000     
           3           3  0.63729014583986499     
           4           3  0.66715032804053509     
           5           3  0.63493381543328953     
           6           3  0.64327112674666975     
           7           3  0.66016666936168411     
           8           3  0.63351185163585955     
           9           3  0.60075657909979208     
          10           3  0.64162895415323984     
          11           3  0.66595529545956567     
          12           3  0.58846303551234314     
          13           3  0.61851279797630854     
          14           3  0.62391365870201132     
          15           3  0.60889821054117599     
          16           3  0.60374397718184314     
          17           3  0.66830249481954707     
          18           3  0.63409535322201882     
          19           3  0.63307725611229015     
          20           3  0.63972538268123980     
          21           3  0.64140574101304204     
          22           3  0.68488669182476780     
          23           3  0.63349794115551816     
          24           3  0.63395870308001490     
          25           3  0.60837308900796705     
          26           3  0.66210631101680195     
          27           3  0.58792584225214362     
          28           3  0.59142761658899323     
          29           3  0.62323559348684188     
          30           3  0.61964271171684404     
          31           3  0.64394452284242598     
          32           3  0.64973454199606295     
          33           3  0.67003252873620289     
          34           3  0.64189895550571452     
          35           3  0.66229755203939245     
          36           3  0.63195644853798583     
          37           3  0.62694512497077148     
          38           3  0.62586874367447842     
          39           3  0.60142509819933199     
          40           3  0.60932945095794278     
          41           3  0.62996524596626702     
          42           3  0.63509875734560073     
          43           3  0.64541568364379542     
          44           3  0.62271834131853376     
          45           3  0.62458873262413317     
          46           3  0.65675792017632040     
          47           3   0.0000000000000000     
          48           3   0.0000000000000000     
          49           3   0.0000000000000000     
           1           4   0.0000000000000000     
           2           4   0.0000000000000000     
           3           4  0.63834404895743058     
           4           4  0.64526712496901584     
           5           4  0.65981372764014956     
           6           4  0.63820805096211530     
           7           4  0.66142251598606605     
           8           4  0.63348118977786894     
           9           4  0.62700076829228213     
          10           4  0.61764599890891303     
          11           4  0.61363042601811313     
          12           4  0.58941674998627136     
          13           4  0.59071344693281425     
          14           4  0.62007711027256995     
          15           4  0.60883992369118123     
          16           4  0.61035320287862282     
          17           4  0.64300746707114831     
          18           4  0.66664558382180961     
          19           4  0.64010032987804433     
          20           4  0.66788879643461285     
          21           4  0.63827909279248130     
          22           4  0.65656284687147537     
          23           4  0.62899039022864867     
          24           4  0.62617725116609624     
          25           4  0.62750883714997097     
          26           4  0.65442026498096983     
          27           4  0.61079365784198025     
          28           4  0.61453446631703990     
          29           4  0.61958440105182377     
          30           4  0.64822996751862483     
          31           4  0.62766012081739420     
          32           4  0.65566998143130162     
          33           4  0.65135990492166551     
          34           4  0.64769999462855299     
          35           4  0.66551664796169230     
          36           4  0.63495218442930113     
          37           4  0.60500546384862519     
          38           4  0.60309998325009972     
          39           4  0.63280326110826268     
          40           4  0.64145902115328057     
          41           4  0.61237195763048546     
          42           4  0.63983126416623959     
          43           4  0.64857315721856945     
          44           4  0.64849197113057000     
          45           4  0.64802465240870799     
          46           4  0.67956955696131249     
          47           4   0.0000000000000000     
          48           4   0.0000000000000000     
          49           4   0.0000000000000000     
           1           5   0.0000000000000000     
           2           5   0.0000000000000000     
           3           5  0.63681783348996646     
           4           5  0.64900900950195894     
           5           5  0.63640236807977524     
           6           5  0.63311895803253360     
           7           5  0.63125197011687373     
           8           5  0.68113701163165552     
           9           5  0.62601915897350291     
          10           5  0.63600213670875205     
          11           5  0.63236600208791582     
          12           5  0.61029291597084701     
          13           5  0.63554393530271869     
          14           5  0.64377779114414568     
          15           5  0.61217745640833210     
          16           5  0.64141198524879850     
          17           5  0.64446167966104007     
          18           5  0.64505908355765140     
          19           5  0.64230259861965411     
          20           5  0.67077308618078568     
          21           5  0.64538081742315467     
          22           5  0.63906316410363284     
          23           5  0.63616452627888409     
          24           5  0.63045796993247016     
          25           5  0.65186108140287746     
          26           5  0.62981287163995103     
          27           5  0.63478521474726202     
          28           5  0.66308421430879716     
          29           5  0.66968056246098984     
          30           5  0.64856671378365827     
          31           5  0.65062336444281443     
          32           5  0.65387730249711729     
          33           5  0.64974138440429341     
          34           5  0.64575710306517120     
          35           5  0.64098261346475716     
          36           5  0.66257913427723281     
          37           5  0.62889627814218629     
          38           5  0.60370593949283446     
          39           5  0.60450262121836029     
          40           5  0.61484452218996855     
          41           5  0.64213349393106334     
          42           5  0.64106611569727179     
          43           5  0.64931295639819531     
          44           5  0.65037156337778113     
          45           5  0.64659576654316953     
          46           5  0.62259610160143608     
          47           5   0.0000000000000000     
          48           5   0.0000000000000000     
          49           5   0.0000000000000000     
           1           6   0.0000000000000000     
           2           6   0.0000000000000000     
           3           6  0.63209118352919014     
           4           6  0.64732105129915540     
           5           6  0.63343894343404084     
           6           6  0.65015917987596883     
           7           6  0.62954400184760040     
           8           6  0.63025388617408817     
           9           6  0.62341471532839166     
          10           6  0.63221305524076998     
          11           6  0.63703571800854397     
          12           6  0.65877511636257602     
          13           6  0.65913064829282864     
          14           6  0.64240847173664384     
          15           6  0.63800739431520104     
          16           6  0.66335574385431517     
          17           6  0.64199587446386752     
          18           6  0.64496977106145192     
          19           6  0.64272032314082095     
          20           6  0.64734912387204901     
          21           6  0.65072075877946833     
          22           6  0.64606900282578406     
          23           6  0.64047454608306242     
          24           6  0.68570450783918091     
          25           6  0.63117026357062100     
          26           6  0.62756684535889140     
          27           6  0.65248684837334447     
          28           6  0.65789630011788014     
          29           6  0.63718876210685360     
          30           6  0.64220312801257251     
          31           6  0.64806406398219840     
          32           6  0.67843667294206433     
          33           6  0.65174104062930538     
          34           6  0.65024667428359029     
          35           6  0.64343577195748758     
          36           6  0.63912120103654979     
          37           6  0.66234576193118699     
          38           6  0.63336658341756391     
          39           6  0.63713231043596374     
          40           6  0.64911623399525831     
          41           6  0.67538411308640167     
          42           6  0.64758908151738959     
          43           6  0.67500144005017559     
          44           6  0.64962501039686582     
          45           6  0.64069137631809525     
          46           6  0.61949766110589477     
          47           6   0.0000000000000000     
          48           6   0.0000000000000000     
          49           6   0.0000000000000000     
           1           7   0.0000000000000000     
           2           7   0.0000000000000000     
           3           7  0.65837690941079530     
           4           7  0.64412531677882856     
           5           7  0.63708788297960439     
           6           7  0.62908288428360615     
           7           7  0.62914228942706385     
           8           7  0.62648157238817126     
           9           7  0.62417322819865950     
          10           7  0.65246154108181420     
          11           7  0.65777262588483121     
          12           7  0.62746410039119083     
          13           7  0.63108570473661896     
          14           7  0.63087062917152781     
          15           7  0.65197703007142116     
          16           7  0.62720758887470729     
          17           7  0.63733693286730608     
          18           7  0.63846045311103050     
          19           7  0.67008406312564484     
          20           7  0.64383738349052855     
          21           7  0.66714153300402934     
          22           7  0.63774193809084112     
          23           7  0.66509244525006583     
          24           7  0.63100975722332686     
          25           7  0.62867185233523593     
          26           7  0.64909051898584169     
          27           7  0.62426525013834955     
          28           7  0.62917235198554122     
          29           7  0.63375618791008781     
          30           7  0.63928764551904704     
          31           7  0.66826391539548657     
          32           7  0.64748923854206075     
          33           7  0.64011268140010658     
          34           7  0.66364725308644024     
          35           7  0.65975899015943307     
          36           7  0.63827950982713033     
          37           7  0.63924143407709877     
          38           7  0.66396018116392097     
          39           7  0.66339258207732743     
          40           7  0.64745007390122844     
          41           7  0.64683235601062916     
          42           7  0.67028120036773642     
          43           7  0.65075215643690520     
          44           7  0.65216544090673367     
          45           7  0.64028301468223414     
          46           7  0.64365023099238983     
          47           7   0.0000000000000000     
          48           7   0.0000000000000000     
          49           7   0.0000000000000000     
           1           8   0.0000000000000000     
           2           8   0.0000000000000000     
           3           8  0.65324958269496392     
           4           8  0.66484631428368646     
           5           8  0.65826369078207114     
           6           8  0.64761504173818263     
           7           8  0.64821946809349740     
           8           8  0.62541851142483507     
           9           8  0.65007090494362785     
          10           8  0.62993346969021102     
          11           8  0.63251732290665763     
          12           8  0.62866365975623195     
          13           8  0.63072895344878166     
          14           8  0.65857091946849267     
          15           8  0.65918175851181504     
          16           8  0.64106248342646555     
          17           8  0.67002812496762254     
          18           8  0.64601356347762628     
          19           8  0.66740065067338106     
          20           8  0.64188228200705377     
          21           8  0.63738798569106092     
          22           8  0.63504186476396096     
          23           8  0.63406233993568939     
          24           8  0.63351858924557647     
          25           8  0.62734219606671060     
          26           8  0.65158816711510759     
          27           8  0.65254874161890475     
          28           8  0.63252911377570431     
          29           8  0.66293683517051238     
          30           8  0.63902267475955254     
          31           8  0.64007847114168359     
          32           8  0.63677203628617518     
          33           8  0.63311773166951124     
          34           8  0.62671470080589131     
          35           8  0.63184658935529014     
          36           8  0.65837160906572056     
          37           8  0.63910417658096530     
          38           8  0.63371936310418930     
          39           8  0.65966887003150132     
          40           8  0.64321447749323224     
          41           8  0.64801209925936154     
          42           8  0.65267497028300436     
          43           8  0.70194810370241467     
          44           8  0.68142140897115733     
          45           8  0.66888439751733197     
          46           8  0.61382859569875925     
          47           8   0.0000000000000000     
          48           8   0.0000000000000000     
          49           8   0.0000000000000000     
           1           9   0.0000000000000000     
           2           9   0.0000000000000000     
           3           9  0.63328797414637572     
           4           9  0.63602191088172966     
           5           9  0.63320546288208268     
           6           9  0.62763740243091670     
           7           9  0.65361743065819100     
           8           9  0.64819200348379857     
           9           9  0.62806091372137562     
          10           9  0.63129440166822137     
          11           9  0.63689292259636232     
          12           9  0.68949846938524406     
          13           9  0.64471444797164423     
          14           9  0.64162708272903834     
          15           9  0.64093662962238696     
          16           9  0.64012649280337619     
          17           9  0.66769722686139632     
          18           9  0.64137244675796989     
          19           9  0.63887694612560442     
          20           9  0.63783190576719606     
          21           9  0.63665321397613917     
          22           9  0.66218909517513425     
          23           9  0.63071575846899219     
          24           9  0.63167353188976849     
          25           9  0.65374082400811140     
          26           9  0.63229046473782502     
          27           9  0.63016696749840229     
          28           9  0.63969472904826497     
          29           9  0.64422679247905190     
          30           9  0.68945041539502439     
          31           9  0.63702653286627098     
          32           9  0.63483945323450330     
          33           9  0.65544196560195922     
          34           9  0.65290340041548844     
          35           9  0.63158756161593410     
          36           9  0.65785978859604621     
          37           9  0.63857299043020377     
          38           9  0.63207960474607783     
          39           9  0.65818339398654824     
          40           9  0.66746799252411404     
          41           9  0.64695595549318763     
          42           9  0.65213017791065597     
          43           9  0.65249550528920885     
          44           9  0.65556578365914020     
          45           9  0.64002963131498036     
          46           9  0.63927237053898445     
          47           9   0.0000000000000000     
          48           9   0.0000000000000000     
          49           9   0.0000000000000000     
           1          10   0.0000000000000000     
           2          10   0.0000000000000000     
           3          10  0.64147770086015143     
           4          10  0.64171871596278562     
           5          10  0.66985759431594027     
           6          10  0.63596594931154693     
           7          10  0.63583113332375252     
           8          10  0.62821805445179357     
           9          10  0.65823813065981851     
          10          10  0.63782033427227280     
          11          10  0.66709069156556244     
          12          10  0.63994625061300447     
          13          10  0.64915787918900481     
          14          10  0.64274402057380742     
          15          10  0.63891551595043972     
          16          10  0.66448430565539696     
          17          10  0.64047177923250342     
          18          10  0.64053107690743016     
          19          10  0.64031188543250850     
          20          10  0.65942451182797857     
          21          10  0.65532331547558909     
          22          10  0.66075554577329454     
          23          10  0.63175281268539185     
          24          10  0.65993042944203384     
          25          10  0.64121408590246531     
          26          10  0.64832824933822819     
          27          10  0.64390261800155080     
          28          10  0.67202571696868074     
          29          10  0.64492219135384077     
          30          10  0.66641663233588588     
          31          10  0.63617346803924102     
          32          10  0.66256233523243235     
          33          10  0.63250538239350429     
          34          10  0.62936212011736492     
          35          10  0.63274167076062782     
          36          10  0.63354374542591385     
          37          10  0.68753267001765161     
          38          10  0.63133552539307847     
          39          10  0.63671356309575566     
          40          10  0.63886462694487323     
          41          10  0.67234325766129865     
          42          10  0.67739938345425499     
          43          10  0.64810083040446242     
          44          10  0.64787737023627445     
          45          10  0.63573392724616384     
          46          10  0.63677852894718079     
          47          10   0.0000000000000000     
          48          10   0.0000000000000000     
          49          10   0.0000000000000000     
           1          11   0.0000000000000000     
           2          11   0.0000000000000000     
           3          11  0.69235104476643472     
           4          11  0.63778960666590345     
           5          11  0.64074257885719765     
           6          11  0.64031164943272489     
           7          11  0.63542858011855841     
           8          11  0.62942591982738438     
           9          11  0.63690548026104132     
          10          11  0.66257236831947486     
          11          11  0.63658145379637598     
          12          11  0.63858133949555573     
          13          11  0.67173479227098243     
          14          11  0.66574194866382863     
          15          11  0.66421056615886587     
          16          11  0.64136937232652302     
          17          11  0.63938132736578701     
          18          11  0.63398347982081193     
          19          11  0.66452569327601552     
          20          11  0.62813950365877957     
          21          11  0.62244300620633475     
          22          11  0.62520319651544676     
          23          11  0.62451752104258440     
          24          11  0.65542942461538745     
          25          11  0.63931206383315964     
          26          11  0.64966235342817180     
          27          11  0.67281629021257516     
          28          11  0.65395663735205056     
          29          11  0.67495819748020025     
          30          11  0.64605837632817797     
          31          11  0.63672181739958933     
          32          11  0.63143372324800540     
          33          11  0.65506904847414738     
          34          11  0.62782737525277077     
          35          11  0.63692573271116149     
          36          11  0.63646797253677789     
          37          11  0.63943977104888616     
          38          11  0.66306134428039865     
          39          11  0.66336756378973205     
          40          11  0.63367221106606353     
          41          11  0.64327575662997960     
          42          11  0.65695396873858936     
          43          11  0.65495747871983756     
          44          11  0.68335600857607770     
          45          11  0.64634098152133423     
          46          11  0.64364663515965304     
          47          11   0.0000000000000000     
          48          11   0.0000000000000000     
          49          11   0.0000000000000000     
           1          12   0.0000000000000000     
           2          12   0.0000000000000000     
           3          12  0.64372589045379680     
           4          12  0.66370162871915095     
           5          12  0.66874979909400545     
           6          12  0.66829277433056267     
           7          12  0.66986984477925982     
           8          12  0.66074362872120296     
           9          12  0.64371990456698180     
          10          12  0.67219454697919034     
          11          12  0.63839868819397627     
          12          12  0.63950305059117041     
          13          12  0.67096382602326043     
          14          12  0.64334997854885323     
          15          12  0.64209824363455648     
          16          12  0.64809675573437986     
          17          12  0.64602418914144144     
          18          12  0.66782338277563014     
          19          12  0.64419843375063301     
          20          12  0.63252282674359195     
          21          12  0.62853301179797560     
          22          12  0.63125085781545553     
          23          12  0.64719134273380197     
          24          12  0.65203217311317008     
          25          12  0.64018288101442611     
          26          12  0.65004948800500695     
          27          12  0.67306217580978467     
          28          12  0.65738661893846750     
          29          12  0.65794950705427302     
          30          12  0.65012189160912559     
          31          12  0.63938760010741080     
          32          12  0.66115437373696684     
          33          12  0.63460108741155863     
          34          12  0.63560196837638949     
          35          12  0.66297503156845194     
          36          12  0.63702477782843780     
          37          12  0.63770833483282630     
          38          12  0.63133667380677505     
          39          12  0.63005598385385753     
          40          12  0.65257972338415893     
          41          12  0.63863069503991721     
          42          12  0.65105523953644662     
          43          12  0.67492922370828323     
          44          12  0.64892398720834865     
          45          12  0.64431984984555080     
          46          12  0.64605303631283661     
          47          12   0.0000000000000000     
          48          12   0.0000000000000000     
          49          12   0.0000000000000000     
           1          13   0.0000000000000000     
           2          13   0.0000000000000000     
           3          13  0.64962527610510779     
           4          13  0.64499593204384498     
           5          13  0.64777203128459671     
           6          13  0.65087525051110051     
           7          13  0.65028669616041757     
           8          13  0.67047040215256803     
           9          13  0.64624972654593493     
          10          13  0.64129305255067948     
          11          13  0.63696433915060724     
          12          13  0.66276920228419089     
          13          13  0.64327740793656074     
          14          13  0.63604842744269197     
          15          13  0.63533032612089113     
          16          13  0.66435190655527443     
          17          13  0.66636401368514253     
          18          13  0.63674794438393623     
          19          13  0.64126650065069080     
          20          13  0.63257041925392776     
          21          13  0.65483430883695681     
          22          13  0.63257407648837949     
          23          13  0.64883097735628736     
          24          13  0.62528882080001891     
          25          13  0.64494267245603742     
          26          13  0.64812735525804177     
          27          13  0.67028118944399517     
          28          13  0.65749581024946191     
          29          13  0.65856868162047000     
          30          13  0.67102803375403874     
          31          13  0.64416553258364895     
          32          13  0.61621668434164789     
          33          13  0.61618099404063409     
          34          13  0.61723067698394807     
          35          13  0.61919793856294825     
          36          13  0.61373699538820048     
          37          13  0.66783663233172907     
          38          13  0.63503679607430352     
          39          13  0.63385594453662308     
          40          13  0.66063554287158066     
          41          13  0.63865937227171021     
          42          13  0.64319033273962645     
          43          13  0.64219648801365503     
          44          13  0.66681399128795082     
          45          13  0.66058974622228084     
          46          13  0.69912944118250031     
          47          13   0.0000000000000000     
          48          13   0.0000000000000000     
          49          13   0.0000000000000000     
           1          14   0.0000000000000000     
           2          14   0.0000000000000000     
           3          14  0.65087918124940380     
           4          14  0.64783046542892808     
           5          14  0.64997268990960777     
           6          14  0.68262389371892951     
           7          14  0.65156997566170727     
           8          14  0.64340122937128830     
           9          14  0.64549618417396426     
          10          14  0.64165728233758135     
          11          14  0.66002049080496328     
          12          14  0.65468255295171174     
          13          14  0.64010484147009317     
          14          14  0.65848267388178738     
          15          14  0.63740625750726665     
          16          14  0.67123181989091329     
          17          14  0.64922415002382661     
          18          14  0.67301869577105489     
          19          14  0.64891990740972760     
          20          14  0.66408567569952759     
          21          14  0.63605140403528138     
          22          14  0.66229408652714428     
          23          14  0.62963525436054346     
          24          14  0.63094617230131445     
          25          14  0.67208547746640879     
          26          14  0.66931061703832351     
          27          14  0.64634272910764246     
          28          14  0.65283813578604244     
          29          14  0.65100317340670277     
          30          14  0.69057524390300340     
          31          14  0.64598092340287638     
          32          14  0.61672025924811280     
          33          14  0.61455596335130147     
          34          14  0.66339121870930806     
          35          14  0.61452952197734334     
          36          14  0.60653731006709366     
          37          14  0.66389572754001336     
          38          14  0.63391147419051586     
          39          14  0.63582387709130994     
          40          14  0.66034210248316860     
          41          14  0.66328128657882623     
          42          14  0.63780314812890537     
          43          14  0.65822437605479411     
          44          14  0.63339212820306678     
          45          14  0.63024225457267902     
          46          14  0.64320136014640128     
          47          14   0.0000000000000000     
          48          14   0.0000000000000000     
          49          14   0.0000000000000000     
           1          15   0.0000000000000000     
           2          15   0.0000000000000000     
           3          15  0.65938629384602887     
           4          15  0.65688662018794608     
           5          15  0.66221059308763042     
           6          15  0.62149719211785204     
           7          15  0.62313794137353407     
           8          15  0.61961134604182289     
           9          15  0.62253596983363624     
          10          15  0.64683637626350177     
          11          15  0.63679094834730299     
          12          15  0.63016086698559703     
          13          15  0.63953569987095060     
          14          15  0.63637281006899460     
          15          15  0.66337560777716664     
          16          15  0.64679941532362228     
          17          15  0.65272316822083865     
          18          15  0.64772115427783117     
          19          15  0.67290900877895932     
          20          15  0.66978035362867394     
          21          15  0.64041848254080735     
          22          15  0.63773520626257918     
          23          15  0.65475132847187911     
          24          15  0.63002986585132836     
          25          15  0.66584513189461070     
          26          15  0.65953835876894129     
          27          15  0.63740239296465739     
          28          15  0.64833213404457246     
          29          15  0.67592768242696355     
          30          15  0.63857690852014248     
          31          15  0.64352636743858871     
          32          15  0.63847891910441146     
          33          15  0.63677701917137886     
          34          15  0.61094896251266895     
          35          15  0.61367805340987680     
          36          15  0.60975817800088550     
          37          15  0.64539222955676756     
          38          15  0.67303215025931562     
          39          15  0.64597522817539732     
          40          15  0.64715522594150887     
          41          15  0.64592582441589186     
          42          15  0.66404024863975120     
          43          15  0.63386532971196241     
          44          15  0.63161048955490018     
          45          15  0.62636151615015878     
          46          15  0.63684294614296055     
          47          15   0.0000000000000000     
          48          15   0.0000000000000000     
          49          15   0.0000000000000000     
           1          16   0.0000000000000000     
           2          16   0.0000000000000000     
           3          16  0.64036409950199269     
           4          16  0.63784838142345524     
           5          16  0.66947250391943258     
           6          16  0.64675623565810914     
           7          16  0.64746718429166072     
           8          16  0.61647384669207483     
           9          16  0.64659438824279725     
          10          16  0.61943828796945199     
          11          16  0.63803546405957534     
          12          16  0.63187385574774835     
          13          16  0.63569416693060354     
          14          16  0.66156087998792334     
          15          16  0.65954136767588711     
          16          16  0.64684137194096925     
          17          16  0.65052934592699463     
          18          16  0.65303092234174653     
          19          16  0.67305330018246889     
          20          16  0.64607113233070901     
          21          16  0.64217215726684840     
          22          16  0.64361524547509907     
          23          16  0.66008965985290302     
          24          16  0.63632273332932021     
          25          16  0.64609091297483767     
          26          16  0.63629523931488563     
          27          16  0.63661664250292638     
          28          16  0.64425045455497632     
          29          16  0.67026559843371669     
          30          16  0.63755530973631080     
          31          16  0.64702115914768654     
          32          16  0.61846310846350294     
          33          16  0.63855761559663127     
          34          16  0.61059381792602307     
          35          16  0.63312810856122337     
          36          16  0.60297254018923574     
          37          16  0.63909687959062189     
          38          16  0.64425255676621196     
          39          16  0.66592057552758999     
          40          16  0.64658493605154410     
          41          16  0.64588125258650320     
          42          16  0.63463128669711222     
          43          16  0.62695595331137510     
          44          16  0.62619823234472261     
          45          16  0.62395368116451166     
          46          16  0.63250386319587548     
          47          16   0.0000000000000000     
          48          16   0.0000000000000000     
          49          16   0.0000000000000000     
           1          17   0.0000000000000000     
           2          17   0.0000000000000000     
           3          17  0.66923413516322094     
           4          17  0.64444686830480213     
           5          17  0.64699400173202692     
           6          17  0.62260420818431950     
           7          17  0.62510524890866892     
           8          17  0.61588226700972160     
           9          17  0.64250629986546826     
          10          17  0.61837980070358201     
          11          17  0.63731344651829280     
          12          17  0.63088567535272821     
          13          17  0.68608677429060383     
          14          17  0.63677400878802126     
          15          17  0.63861002629529129     
          16          17  0.64549024452021031     
          17          17  0.67230562281490536     
          18          17  0.64795153426705820     
          19          17  0.64227390232605919     
          20          17  0.64454703644813982     
          21          17  0.66966951666523555     
          22          17  0.67018007535147339     
          23          17  0.63889016815010113     
          24          17  0.64727129117665205     
          25          17  0.67509875327128044     
          26          17  0.64181118337455856     
          27          17  0.64089203820487295     
          28          17  0.67161504457556942     
          29          17  0.67149430583503189     
          30          17  0.63793365082429709     
          31          17  0.65256658761584352     
          32          17  0.62247700303345843     
          33          17  0.63745000483049763     
          34          17  0.61367711093349853     
          35          17  0.61561928423546930     
          36          17  0.60769496601965933     
          37          17  0.66872208084720242     
          38          17  0.64853320197414666     
          39          17  0.66880905508466759     
          40          17  0.64541924288526287     
          41          17  0.66927933936192885     
          42          17  0.65290492948223622     
          43          17  0.64919953516092332     
          44          17  0.62671691100211679     
          45          17  0.65042591889246115     
          46          17  0.63076974114191298     
          47          17   0.0000000000000000     
          48          17   0.0000000000000000     
          49          17   0.0000000000000000     
           1          18   0.0000000000000000     
           2          18   0.0000000000000000     
           3          18  0.64244861094777839     
           4          18  0.63883037531748155     
           5          18  0.64406631100487965     
           6          18  0.62087611000483778     
           7          18  0.62710019782793380     
           8          18  0.64330001486110022     
           9          18  0.61929667509620212     
          10          18  0.62308914361535850     
          11          18  0.66424409642796700     
          12          18  0.63011187065812169     
          13          18  0.63948895254548233     
          14          18  0.64062678959490882     
          15          18  0.63825342983086708     
          16          18  0.64328305141750231     
          17          18  0.67046191358561658     
          18          18  0.66904909811473134     
          19          18  0.63783102543655745     
          20          18  0.64221210165368459     
          21          18  0.66991305303528659     
          22          18  0.64327748644909399     
          23          18  0.64429975327798861     
          24          18  0.64953337305883529     
          25          18  0.67288594888411257     
          26          18  0.66846230388430783     
          27          18  0.64661581983101579     
          28          18  0.64666529579341181     
          29          18  0.67244215351452830     
          30          18  0.64448611720404658     
          31          18  0.65516512504627700     
          32          18  0.64609342320317342     
          33          18  0.65932345285663974     
          34          18  0.63320942813724201     
          35          18  0.63649552206343674     
          36          18  0.63037419364124558     
          37          18  0.66607327339925748     
          38          18  0.67330236742220551     
          39          18  0.64405468049764769     
          40          18  0.63974040994857484     
          41          18  0.63663124070302579     
          42          18  0.63210633518817527     
          43          18  0.63195059570798795     
          44          18  0.68599713448759680     
          45          18  0.62724422963605642     
          46          18  0.65374566209855478     
          47          18   0.0000000000000000     
          48          18   0.0000000000000000     
          49          18   0.0000000000000000     
           1          19   0.0000000000000000     
           2          19   0.0000000000000000     
           3          19  0.66398495857185869     
           4          19  0.63925589459251220     
           5          19  0.64541688501454941     
           6          19  0.61989611749474582     
           7          19  0.62638655871707971     
           8          19  0.64652346463765475     
           9          19  0.62270542318146405     
          10          19  0.64566125590856016     
          11          19  0.63826243898970558     
          12          19  0.62785507713444344     
          13          19  0.65425398253343936     
          14          19  0.60722639061906181     
          15          19  0.63353012595696512     
          16          19  0.63655609477292674     
          17          19  0.60770199680705272     
          18          19  0.60763717081828572     
          19          19  0.62856010343425717     
          20          19  0.63173488696247426     
          21          19  0.61074120266503273     
          22          19  0.64311137522360839     
          23          19  0.61736128655899125     
          24          19  0.61769102187115976     
          25          19  0.66778218612591045     
          26          19  0.64057462418450228     
          27          19  0.64700802100078658     
          28          19  0.67425671915179441     
          29          19  0.65272334868699056     
          30          19  0.64784715201591592     
          31          19  0.65226165823258198     
          32          19  0.64751919676089775     
          33          19  0.66840249678734653     
          34          19  0.63849618384957529     
          35          19  0.64276103618608960     
          36          19  0.66307748259684884     
          37          19  0.63772404423868734     
          38          19  0.64379491727129223     
          39          19  0.63803095138130062     
          40          19  0.68038380533779108     
          41          19  0.63051915014607596     
          42          19  0.62649619146679469     
          43          19  0.62517427083742516     
          44          19  0.62501864034185206     
          45          19  0.65431589204800900     
          46          19  0.64744042942356850     
          47          19   0.0000000000000000     
          48          19   0.0000000000000000     
          49          19   0.0000000000000000     
           1          20   0.0000000000000000     
           2          20   0.0000000000000000     
           3          20  0.66914765844433077     
           4          20  0.66501818686774328     
           5          20  0.64439690914326475     
           6          20  0.61847652587943613     
           7          20  0.62135887763114439     
           8          20  0.56408278917939481     
           9          20  0.54052438827629146     
          10          20  0.53873507494632400     
          11          20  0.56037765253312599     
          12          20  0.55519943136478866     
          13          20  0.55496754170368778     
          14          20  0.58260094590011391     
          15          20  0.53388459966478941     
          16          20  0.55635376029817452     
          17          20  0.55349515146459072     
          18          20  0.57945040464672914     
          19          20  0.64881438824327897     
          20          20  0.60002893097319687     
          21          20  0.60514022044826454     
          22          20  0.60672203166290151     
          23          20  0.63569195691959013     
          24          20  0.63566017544789144     
          25          20  0.63504530549727511     
          26          20  0.63735473568512546     
          27          20  0.64669864943274746     
          28          20  0.64626827587662727     
          29          20  0.67744567841120329     
          30          20  0.65065615083085526     
          31          20  0.67981106506424693     
          32          20  0.67081149973458065     
          33          20  0.67101155695403802     
          34          20  0.64286920438688733     
          35          20  0.66788196290799273     
          36          20  0.63617516413029518     
          37          20  0.63371800887139096     
          38          20  0.65969466252072961     
          39          20  0.63044038268898661     
          40          20  0.62618971259501055     
          41          20  0.65384868618852865     
          42          20  0.63040272209312109     
          43          20  0.63177164299192901     
          44          20  0.62982128821749661     
          45          20  0.63261057047175817     
          46          20  0.63010718567548474     
          47          20   0.0000000000000000     
          48          20   0.0000000000000000     
          49          20   0.0000000000000000     
           1          21   0.0000000000000000     
           2          21   0.0000000000000000     
           3          21  0.56102176020704664     
           4          21  0.56124053413078012     
           5          21  0.56317814841907388     
           6          21  0.49190485123768368     
           7          21  0.46727244163799231     
           8          21  0.43831155897807245     
           9          21  0.41172778697735479     
          10          21  0.41131396224401012     
          11          21  0.42991386808951088     
          12          21  0.42742453053237273     
          13          21  0.43067937713752436     
          14          21  0.43319740883776836     
          15          21  0.43216107310720375     
          16          21  0.42896130556743406     
          17          21  0.45130353091390751     
          18          21  0.47636686825923846     
          19          21  0.52363298915255652     
          20          21  0.52566136100190042     
          21          21  0.58131317370765834     
          22          21  0.58061285215406666     
          23          21  0.61163654099432130     
          24          21  0.58613965998434125     
          25          21  0.63595839984551128     
          26          21  0.63873644536212326     
          27          21  0.67457414010344763     
          28          21  0.64555165559698069     
          29          21  0.67660208716708159     
          30          21  0.64851892890049545     
          31          21  0.65114042196114619     
          32          21  0.66815587160381240     
          33          21  0.64057296978878153     
          34          21  0.63967209511044743     
          35          21  0.63875628044497945     
          36          21  0.68218227972252465     
          37          21  0.63042214861498225     
          38          21  0.62798557402011257     
          39          21  0.62566104520252708     
          40          21  0.62241570893821907     
          41          21  0.64466469373414748     
          42          21  0.64589698307115562     
          43          21  0.62573922766560752     
          44          21  0.62529290223616696     
          45          21  0.62388759614087308     
          46          21  0.60017469047711625     
          47          21   0.0000000000000000     
          48          21   0.0000000000000000     
          49          21   0.0000000000000000     
           1          22   0.0000000000000000     
           2          22   0.0000000000000000     
           3          22  0.42513401449839999     
           4          22  0.42528665741038418     
           5          22  0.40329614871115826     
           6          22  0.35889207523256539     
           7          22  0.33393789087709558     
           8          22  0.30843857165890848     
           9          22  0.28501008361987606     
          10          22  0.28594709245179734     
          11          22  0.28440320471680980     
          12          22  0.30714207166869295     
          13          22  0.30711401972768271     
          14          22  0.30685661442331846     
          15          22  0.27958927624476071     
          16          22  0.30016068630051512     
          17          22  0.29640656533433313     
          18          22  0.34823220031375329     
          19          22  0.39948660288215987     
          20          22  0.39959094087722485     
          21          22  0.45320330361282868     
          22          22  0.47961602506592987     
          23          22  0.45834983055487788     
          24          22  0.45438604451411796     
          25          22  0.55554431225452194     
          26          22  0.55790673675552727     
          27          22  0.61965608663175298     
          28          22  0.61571900714609784     
          29          22  0.64465274300908182     
          30          22  0.62193559100721707     
          31          22  0.59451633931458348     
          32          22  0.59187412016240393     
          33          22  0.56155617641505895     
          34          22  0.58622857758119151     
          35          22  0.58024161303068089     
          36          22  0.57689154099121465     
          37          22  0.59914579436540327     
          38          22  0.54909963120187066     
          39          22  0.52677902124544829     
          40          22  0.52684315213119937     
          41          22  0.52757345265879696     
          42          22  0.55489983084712868     
          43          22  0.52854959381965072     
          44          22  0.52522264721233225     
          45          22  0.49890352351171280     
          46          22  0.47304747649959711     
          47          22   0.0000000000000000     
          48          22   0.0000000000000000     
          49          22   0.0000000000000000     
           1          23   0.0000000000000000     
           2          23   0.0000000000000000     
           3          23   0.0000000000000000     
           4          23   0.0000000000000000     
           5          23   0.0000000000000000     
           6          23   0.0000000000000000     
           7          23   0.0000000000000000     
           8          23   0.0000000000000000     
           9          23   0.0000000000000000     
          10          23   0.0000000000000000     
          11          23   0.0000000000000000     
          12          23   0.0000000000000000     
          13          23   0.0000000000000000     
          14          23   0.0000000000000000     
          15          23   0.0000000000000000     
          16          23   0.0000000000000000     
          17          23   0.0000000000000000     
          18          23   0.0000000000000000     
          19          23   0.0000000000000000     
          20          23   0.0000000000000000     
          21          23   0.0000000000000000     
          22          23   0.0000000000000000     
          23          23   0.0000000000000000     
          24          23   0.0000000000000000     
          25          23   0.0000000000000000     
          26          23   0.0000000000000000     
          27          23   0.0000000000000000     
          28          23   0.0000000000000000     
          29          23   0.0000000000000000     
          30          23   0.0000000000000000     
          31          23   0.0000000000000000     
          32          23   0.0000000000000000     
          33          23   0.0000000000000000     
          34          23   0.0000000000000000     
          35          23   0.0000000000000000     
          36          23   0.0000000000000000     
          37          23   0.0000000000000000     
          38          23   0.0000000000000000     
          39          23   0.0000000000000000     
          40          23   0.0000000000000000     
          41          23   0.0000000000000000     
          42          23   0.0000000000000000     
          43          23   0.0000000000000000     
          44          23   0.0000000000000000     
          45          23   0.0000000000000000     
          46          23   0.0000000000000000     
          47          23   0.0000000000000000     
          48          23   0.0000000000000000     
          49          23   0.0000000000000000     
           1          24   0.0000000000000000     
           2          24   0.0000000000000000     
           3          24   0.0000000000000000     
           4          24   0.0000000000000000     
           5          24   0.0000000000000000     
           6          24   0.0000000000000000     
           7          24   0.0000000000000000     
           8          24   0.0000000000000000     
           9          24   0.0000000000000000     
          10          24   0.0000000000000000     
          11          24   0.0000000000000000     
          12          24   0.0000000000000000     
          13          24   0.0000000000000000     
          14          24   0.0000000000000000     
          15          24   0.0000000000000000     
          16          24   0.0000000000000000     
          17          24   0.0000000000000000     
          18          24   0.0000000000000000     
          19          24   0.0000000000000000     
          20          24   0.0000000000000000     
          21          24   0.0000000000000000     
          22          24   0.0000000000000000     
          23          24   0.0000000000000000     
          24          24   0.0000000000000000     
          25          24   0.0000000000000000     
          26          24   0.0000000000000000     
          27          24   0.0000000000000000     
          28          24   0.0000000000000000     
          29          24   0.0000000000000000     
          30          24   0.0000000000000000     
          31          24   0.0000000000000000     
          32          24   0.0000000000000000     
          33          24   0.0000000000000000     
          34          24   0.0000000000000000     
          35          24   0.0000000000000000     
          36          24   0.0000000000000000     
          37          24   0.0000000000000000     
          38          24   0.0000000000000000     
          39          24   0.0000000000000000     
          40          24   0.0000000000000000     
          41          24   0.0000000000000000     
          42          24   0.0000000000000000     
          43          24   0.0000000000000000     
          44          24   0.0000000000000000     
          45          24   0.0000000000000000     
          46          24   0.0000000000000000     
          47          24   0.0000000000000000     
          48          24   0.0000000000000000     
          49          24   0.0000000000000000     
           1          25   0.0000000000000000     
           2          25   0.0000000000000000     
           3          25   0.0000000000000000     
           4          25   0.0000000000000000     
           5          25   0.0000000000000000     
           6          25   0.0000000000000000     
           7          25   0.0000000000000000     
           8          25   0.0000000000000000     
           9          25   0.0000000000000000     
          10          25   0.0000000000000000     
          11          25   0.0000000000000000     
          12          25   0.0000000000000000     
          13          25   0.0000000000000000     
          14          25   0.0000000000000000     
          15          25   0.0000000000000000     
          16          25   0.0000000000000000     
          17          25   0.0000000000000000     
          18          25   0.0000000000000000     
          19          25   0.0000000000000000     
          20          25   0.0000000000000000     
          21          25   0.0000000000000000     
          22          25   0.0000000000000000     
          23          25   0.0000000000000000     
          24          25   0.0000000000000000     
          25          25   0.0000000000000000     
          26          25   0.0000000000000000     
          27          25   0.0000000000000000     
          28          25   0.0000000000000000     
          29          25   0.0000000000000000     
          30          25   0.0000000000000000     
          31          25   0.0000000000000000     
          32          25   0.0000000000000000     
          33          25   0.0000000000000000     
          34          25   0.0000000000000000     
          35          25   0.0000000000000000     
          36          25   0.0000000000000000     
          37          25   0.0000000000000000     
          38          25   0.0000000000000000     
          39          25   0.0000000000000000     
          40          25   0.0000000000000000     
          41          25   0.0000000000000000     
          42          25   0.0000000000000000     
          43          25   0.0000000000000000     
          44          25   0.0000000000000000     
          45          25   0.0000000000000000     
          46          25   0.0000000000000000     
          47          25   0.0000000000000000     
          48          25   0.0000000000000000     
          49          25   0.0000000000000000     
           1          26   0.0000000000000000     
           2          26   0.0000000000000000     
           3          26   0.0000000000000000     
           4          26   0.0000000000000000     
           5          26   0.0000000000000000     
           6          26   0.0000000000000000     
           7          26   0.0000000000000000     
           8          26   0.0000000000000000     
           9          26   0.0000000000000000     
          10          26   0.0000000000000000     
          11          26   0.0000000000000000     
          12          26   0.0000000000000000     
          13          26   0.0000000000000000     
          14          26   0.0000000000000000     
          15          26   0.0000000000000000     
          16          26   0.0000000000000000     
          17          26   0.0000000000000000     
          18          26   0.0000000000000000     
          19          26   0.0000000000000000     
          20          26   0.0000000000000000     
          21          26   0.0000000000000000     
          22          26   0.0000000000000000     
          23          26   0.0000000000000000     
          24          26   0.0000000000000000     
          25          26   0.0000000000000000     
          26          26   0.0000000000000000     
          27          26   0.0000000000000000     
          28          26   0.0000000000000000     
          29          26   0.0000000000000000     
          30          26   0.0000000000000000     
          31          26   0.0000000000000000     
          32          26   0.0000000000000000     
          33          26   0.0000000000000000     
          34          26   0.0000000000000000     
          35          26   0.0000000000000000     
          36          26   0.0000000000000000     
          37          26   0.0000000000000000     
          38          26   0.0000000000000000     
          39          26   0.0000000000000000     
          40          26   0.0000000000000000     
          41          26   0.0000000000000000     
          42          26   0.0000000000000000     
          43          26   0.0000000000000000     
          44          26   0.0000000000000000     
          45          26   0.0000000000000000     
          46          26   0.0000000000000000     
          47          26   0.0000000000000000     
          48          26   0.0000000000000000     
          49          26   0.0000000000000000     
           1          27   0.0000000000000000     
           2          27   0.0000000000000000     
           3          27   0.0000000000000000     
           4          27   0.0000000000000000     
           5          27   0.0000000000000000     
           6          27   0.0000000000000000     
           7          27   0.0000000000000000     
           8          27   0.0000000000000000     
           9          27   0.0000000000000000     
          10          27   0.0000000000000000     
          11          27   0.0000000000000000     
          12          27   0.0000000000000000     
          13          27   0.0000000000000000     
          14          27   0.0000000000000000     
          15          27   0.0000000000000000     
          16          27   0.0000000000000000     
          17          27   0.0000000000000000     
          18          27   0.0000000000000000     
          19          27   0.0000000000000000     
          20          27   0.0000000000000000     
          21          27   0.0000000000000000     
          22          27   0.0000000000000000     
          23          27   0.0000000000000000     
          24          27   0.0000000000000000     
          25          27   0.0000000000000000     
          26          27   0.0000000000000000     
          27          27   0.0000000000000000     
          28          27   0.0000000000000000     
          29          27   0.0000000000000000     
          30          27   0.0000000000000000     
          31          27   0.0000000000000000     
          32          27   0.0000000000000000     
          33          27   0.0000000000000000     
          34          27   0.0000000000000000     
          35          27   0.0000000000000000     
          36          27   0.0000000000000000     
          37          27   0.0000000000000000     
          38          27   0.0000000000000000     
          39          27   0.0000000000000000     
          40          27   0.0000000000000000     
          41          27   0.0000000000000000     
          42          27   0.0000000000000000     
          43          27   0.0000000000000000     
          44          27   0.0000000000000000     
          45          27   0.0000000000000000     
          46          27   0.0000000000000000     
          47          27   0.0000000000000000     
          48          27   0.0000000000000000     
          49          27   0.0000000000000000     
           1          28   0.0000000000000000     
           2          28   0.0000000000000000     
           3          28   0.0000000000000000     
           4          28   0.0000000000000000     
           5          28   0.0000000000000000     
           6          28   0.0000000000000000     
           7          28   0.0000000000000000     
           8          28   0.0000000000000000     
           9          28   0.0000000000000000     
          10          28   0.0000000000000000     
          11          28   0.0000000000000000     
          12          28   0.0000000000000000     
          13          28   0.0000000000000000     
          14          28   0.0000000000000000     
          15          28   0.0000000000000000     
          16          28   0.0000000000000000     
          17          28   0.0000000000000000     
          18          28   0.0000000000000000     
          19          28   0.0000000000000000     
          20          28   0.0000000000000000     
          21          28   0.0000000000000000     
          22          28   0.0000000000000000     
          23          28   0.0000000000000000     
          24          28   0.0000000000000000     
          25          28   0.0000000000000000     
          26          28   0.0000000000000000     
          27          28   0.0000000000000000     
          28          28   0.0000000000000000     
          29          28   0.0000000000000000     
          30          28   0.0000000000000000     
          31          28   0.0000000000000000     
          32          28   0.0000000000000000     
          33          28   0.0000000000000000     
          34          28   0.0000000000000000     
          35          28   0.0000000000000000     
          36          28   0.0000000000000000     
          37          28   0.0000000000000000     
          38          28   0.0000000000000000     
          39          28   0.0000000000000000     
          40          28   0.0000000000000000     
          41          28   0.0000000000000000     
          42          28   0.0000000000000000     
          43          28   0.0000000000000000     
          44          28   0.0000000000000000     
          45          28   0.0000000000000000     
          46          28   0.0000000000000000     
          47          28   0.0000000000000000     
          48          28   0.0000000000000000     
          49          28   0.0000000000000000     
           1          29   0.0000000000000000     
           2          29   0.0000000000000000     
           3          29   0.0000000000000000     
           4          29   0.0000000000000000     
           5          29   0.0000000000000000     
           6          29   0.0000000000000000     
           7          29   0.0000000000000000     
           8          29   0.0000000000000000     
           9          29   0.0000000000000000     
          10          29   0.0000000000000000     
          11          29   0.0000000000000000     
          12          29   0.0000000000000000     
          13          29   0.0000000000000000     
          14          29   0.0000000000000000     
          15          29   0.0000000000000000     
          16          29   0.0000000000000000     
          17          29   0.0000000000000000     
          18          29   0.0000000000000000     
          19          29   0.0000000000000000     
          20          29   0.0000000000000000     
          21          29   0.0000000000000000     
          22          29   0.0000000000000000     
          23          29   0.0000000000000000     
          24          29   0.0000000000000000     
          25          29   0.0000000000000000     
          26          29   0.0000000000000000     
          27          29   0.0000000000000000     
          28          29   0.0000000000000000     
          29          29   0.0000000000000000     
          30          29   0.0000000000000000     
          31          29   0.0000000000000000     
          32          29   0.0000000000000000     
          33          29   0.0000000000000000     
          34          29   0.0000000000000000     
          35          29   0.0000000000000000     
          36          29   0.0000000000000000     
          37          29   0.0000000000000000     
          38          29   0.0000000000000000     
          39          29   0.0000000000000000     
          40          29   0.0000000000000000     
          41          29   0.0000000000000000     
          42          29   0.0000000000000000     
          43          29   0.0000000000000000     
          44          29   0.0000000000000000     
          45          29   0.0000000000000000     
          46          29   0.0000000000000000     
          47          29   0.0000000000000000     
          48          29   0.0000000000000000     
          49          29   0.0000000000000000     
           1          30   0.0000000000000000     
           2          30   0.0000000000000000     
           3          30   0.0000000000000000     
           4          30   0.0000000000000000     
           5          30   0.0000000000000000     
           6          30   0.0000000000000000     
           7          30   0.0000000000000000     
           8          30   0.0000000000000000     
           9          30   0.0000000000000000     
          10          30   0.0000000000000000     
          11          30   0.0000000000000000     
          12          30   0.0000000000000000     
          13          30   0.0000000000000000     
          14          30   0.0000000000000000     
          15          30   0.0000000000000000     
          16          30   0.0000000000000000     
          17          30   0.0000000000000000     
          18          30   0.0000000000000000     
          19          30   0.0000000000000000     
          20          30   0.0000000000000000     
          21          30   0.0000000000000000     
          22          30   0.0000000000000000     
          23          30   0.0000000000000000     
          24          30   0.0000000000000000     
          25          30   0.0000000000000000     
          26          30   0.0000000000000000     
          27          30   0.0000000000000000     
          28          30   0.0000000000000000     
          29          30   0.0000000000000000     
          30          30   0.0000000000000000     
          31          30   0.0000000000000000     
          32          30   0.0000000000000000     
          33          30   0.0000000000000000     
          34          30   0.0000000000000000     
          35          30   0.0000000000000000     
          36          30   0.0000000000000000     
          37          30   0.0000000000000000     
          38          30   0.0000000000000000     
          39          30   0.0000000000000000     
          40          30   0.0000000000000000     
          41          30   0.0000000000000000     
          42          30   0.0000000000000000     
          43          30   0.0000000000000000     
          44          30   0.0000000000000000     
          45          30   0.0000000000000000     
          46          30   0.0000000000000000     
          47          30   0.0000000000000000     
          48          30   0.0000000000000000     
          49          30   0.0000000000000000     
           1          31   0.0000000000000000     
           2          31   0.0000000000000000     
           3          31   0.0000000000000000     
           4          31   0.0000000000000000     
           5          31   0.0000000000000000     
           6          31   0.0000000000000000     
           7          31   0.0000000000000000     
           8          31   0.0000000000000000     
           9          31   0.0000000000000000     
          10          31   0.0000000000000000     
          11          31   0.0000000000000000     
          12          31   0.0000000000000000     
          13          31   0.0000000000000000     
          14          31   0.0000000000000000     
          15          31   0.0000000000000000     
          16          31   0.0000000000000000     
          17          31   0.0000000000000000     
          18          31   0.0000000000000000     
          19          31   0.0000000000000000     
          20          31   0.0000000000000000     
          21          31   0.0000000000000000     
          22          31   0.0000000000000000     
          23          31   0.0000000000000000     
          24          31   0.0000000000000000     
          25          31   0.0000000000000000     
          26          31   0.0000000000000000     
          27          31   0.0000000000000000     
          28          31   0.0000000000000000     
          29          31   0.0000000000000000     
          30          31   0.0000000000000000     
          31          31   0.0000000000000000     
          32          31   0.0000000000000000     
          33          31   0.0000000000000000     
          34          31   0.0000000000000000     
          35          31   0.0000000000000000     
          36          31   0.0000000000000000     
          37          31   0.0000000000000000     
          38          31   0.0000000000000000     
          39          31   0.0000000000000000     
          40          31   0.0000000000000000     
          41          31   0.0000000000000000     
          42          31   0.0000000000000000     
          43          31   0.0000000000000000     
          44          31   0.0000000000000000     
          45          31   0.0000000000000000     
          46          31   0.0000000000000000     
          47          31   0.0000000000000000     
          48          31   0.0000000000000000     
          49          31   0.0000000000000000     
