           0           0   0.0000000000000000        0.0000000000000000     
           5           0   0.0000000000000000        0.0000000000000000     
          10           0   0.0000000000000000        0.0000000000000000     
          15           0   0.0000000000000000        0.0000000000000000     
          20           0   0.0000000000000000        0.0000000000000000     
          25           0   0.0000000000000000        0.0000000000000000     
          30           0   0.0000000000000000        0.0000000000000000     
          35           0   0.0000000000000000        0.0000000000000000     
          40           0   0.0000000000000000        0.0000000000000000     
          45           0   0.0000000000000000        0.0000000000000000     
          50           0   0.0000000000000000        0.0000000000000000     
          55           0   0.0000000000000000        0.0000000000000000     
          60           0   0.0000000000000000        0.0000000000000000     
          65           0   0.0000000000000000        0.0000000000000000     
          70           0   0.0000000000000000        0.0000000000000000     
          75           0   0.0000000000000000        0.0000000000000000     
          80           0   0.0000000000000000        0.0000000000000000     
          85           0   0.0000000000000000        0.0000000000000000     
          90           0   0.0000000000000000        0.0000000000000000     
          95           0   0.0000000000000000        0.0000000000000000     
           0           1   0.0000000000000000        0.0000000000000000     
           5           1   0.0000000000000000        0.0000000000000000     
          10           1  -5.1885522469508061        8.1877970052046667     
          15           1  -7.2105698461211176        2.8694903101389446     
          20           1   0.0000000000000000        0.0000000000000000     
          25           1  -2.9481958451782475       -6.2738067911405349     
          30           1  -4.8399609226024154        1.0354574333415467     
          35           1  -3.0818710752811285      -0.32921889282055972     
          40           1  -4.1689742821304776        5.9797473791567413     
          45           1  -3.7840923835119611       0.36051583369500761     
          50           1  -3.4040478129071516       -3.4326434291986896     
          55           1   1.9467688834851060        6.0673433015645539     
          60           1   4.9390196836185396        4.4247633060401359     
          65           1   1.7686122296112217        1.4684871767889351     
          70           1  -2.0508631299520630        4.6003192281085514     
          75           1   2.4601109017652334        4.7790903357258774     
          80           1  -3.1152599357398003       0.60665312590191256     
          85           1  0.91352078179340879        4.1330358406044265     
          90           1  -6.2629350994569677       -8.5379703402577167     
          95           1   0.0000000000000000        0.0000000000000000     
           0           2  -7.9452927097270472       -7.4360373040249783     
           5           2  -10.644806650415006       0.19399865988534160     
          10           2  -5.2293546781179145        3.7733317813803957     
          15           2  -11.097022153174763        7.5779043976864635     
          20           2  -2.0585510430670695       -3.2485894122347148     
          25           2  -8.4550964293228503        3.9601739036743133     
          30           2  -8.0191051641875788       -4.1769782820533230     
          35           2   0.0000000000000000        0.0000000000000000     
          40           2  -6.9952132448847237        6.4679361574904171     
          45           2  -6.8903814405274488       -4.1116137457719582     
          50           2   0.0000000000000000        0.0000000000000000     
          55           2   0.0000000000000000        0.0000000000000000     
          60           2  -3.9369578227166357        3.5431671635843820     
          65           2  -6.5012839193911987       0.12049731845875655     
          70           2   0.0000000000000000        0.0000000000000000     
          75           2  -14.708906356233342        8.5898442196463698     
          80           2  -14.807910016898518       -6.8251567589316942     
          85           2  -13.556689460401117       -1.9428272697363802     
          90           2  -7.4849107954122474       -1.8637673496857410     
          95           2  -8.7680589006566834       -3.1593949433861290     
           0           3  -19.833142192739182       -3.7538459204022878     
           5           3  -8.9051475541568337        9.6007843154843897     
          10           3  -12.138887098762652        1.9492526790076958     
          15           3  -10.656975356555520       0.61428775295135907     
          20           3  -11.751565320512469       0.77035467315189621     
          25           3  -9.7357605778469747       -3.1646054267597812     
          30           3  -17.467939253883458       -3.6552021173430482     
          35           3  -11.862454516773369        3.0796112043485202     
          40           3  -17.255019773756430      -0.90074927775019020     
          45           3  -10.213621644865611       -2.8946331059853669     
          50           3  -19.832822927270399        1.2666663769489439     
          55           3  -11.768153061737507        1.6654854729059032     
          60           3  -16.474331863136626        1.3160934330236351     
          65           3  -14.316285490494352       0.28045386728292598     
          70           3  -18.466825747580629        1.5616128062245771     
          75           3  -15.256532237728493        1.0934812698093488     
          80           3  -6.8220850376832232      -0.91686756696018890     
          85           3  -14.262614270350582        2.5651433491913345     
          90           3  -13.789025106731856       -2.4624164576381169     
          95           3  -15.328557460421166        3.4302044008538424     
           0           4  -13.095128670740364        5.3852548225075125     
           5           4  -17.899437513420047      -0.46698770402642253     
          10           4  -11.209291477145555        1.4650137154248455     
          15           4  -15.787373027853491        1.2773362875950767     
          20           4  -14.630419213688128      -0.74713087029110170     
          25           4  -16.306964996601891       0.24254498396825142     
          30           4  -18.342432660638508       -5.1470758160121477     
          35           4   0.0000000000000000        0.0000000000000000     
          40           4  -16.420573047923881       0.91110246346559620     
          45           4  -10.568911197026409       -3.5063079511576944     
          50           4  -19.280315235405965       -1.5130034988253271     
          55           4  -16.587820260767216       -1.8767325682311764     
          60           4  -16.890981942339067      -0.90498703351649112     
          65           4   0.0000000000000000        0.0000000000000000     
          70           4  -16.449940124090290       -4.6269174177426819     
          75           4  -14.435689080087855       -4.4681381102851248     
          80           4  -8.6615583948201902        3.8224223655447531     
          85           4   0.0000000000000000        0.0000000000000000     
          90           4  -15.239628968757302       0.31095866800612271     
          95           4   0.0000000000000000        0.0000000000000000     
           0           5  -17.480367664252650       0.66827071576014418     
           5           5   0.0000000000000000        0.0000000000000000     
          10           5  -20.371416393762942       -1.4431299408723675     
          15           5  -19.285325414513110        2.3972929480375882     
          20           5  -16.513370252155823        1.4779004268561380     
          25           5   0.0000000000000000        0.0000000000000000     
          30           5  -15.741562235724871       0.93353373439075682     
          35           5  -17.112176329909801        1.3335172029638187     
          40           5  -22.328989763664708       -2.8370046818171346     
          45           5  -22.391658461486941       -1.4975816444495749     
          50           5   0.0000000000000000        0.0000000000000000     
          55           5  -18.466388199840367       -2.6044533542579629     
          60           5  -21.106340486696240       -5.7872923015578337     
          65           5  -19.298204225677296       -2.4789182599516124     
          70           5  -15.628894823080941        1.6980702841351558     
          75           5  -24.214034018967823       -1.2462141187175035     
          80           5  -22.407043654126824       -2.2819611159796693     
          85           5  -13.273589432500899        3.9965992974622111     
          90           5  -20.756174735012678       -2.3972470787914091     
          95           5  -14.788456667318428        6.7876205468841988     
           0           6  -21.147263492662383       0.95718711069725515     
           5           6  -21.351816826231662      -0.46259379891111507     
          10           6  -22.252449812549813       -4.3203008139869326E-002
          15           6   0.0000000000000000        0.0000000000000000     
          20           6  -19.781542402590446        3.7417292156494142     
          25           6  -24.431680543735013       -1.8812973978299397     
          30           6  -25.303877190374635       -3.0199091785920729     
          35           6  -22.332475665898244        2.8928292043906012     
          40           6   0.0000000000000000        0.0000000000000000     
          45           6   0.0000000000000000        0.0000000000000000     
          50           6  -23.071568503141293       -1.6420713261222630     
          55           6   0.0000000000000000        0.0000000000000000     
          60           6   0.0000000000000000        0.0000000000000000     
          65           6  -15.326714088317317        2.7346978993580962     
          70           6  -20.668830624899215        5.3519604561458323E-002
          75           6  -23.859467432387760       -3.5099763228174652     
          80           6  -22.879683225127678       0.63232219846831583     
          85           6  -19.485803532361956        2.8177233983361916     
          90           6  -20.284945545441246      -0.67828165910555072     
          95           6   0.0000000000000000        0.0000000000000000     
           0           7  -28.827894456368018       -3.0739336914020754     
           5           7  -25.945648968863644        1.7126366169950558     
          10           7  -26.890073201384368        3.7735118339110585     
          15           7  -21.622495516071538      -0.40929052096849716     
          20           7  -30.103549920710293        2.7180780290780859     
          25           7  -25.785941715454896       -2.7095183219572050     
          30           7  -23.817782175843405        3.6865327212920462     
          35           7  -24.891642490985078        2.4292067824793762     
          40           7  -26.569383410830483       -2.4379757274228808     
          45           7  -25.047114177993990        2.5112830621498716     
          50           7   0.0000000000000000        0.0000000000000000     
          55           7  -23.903913877703076        6.2746392759649439     
          60           7  -21.055767169002593       0.34471977077288329     
          65           7   0.0000000000000000        0.0000000000000000     
          70           7  -22.867785766678139        1.5828010663643255     
          75           7   0.0000000000000000        0.0000000000000000     
          80           7  -22.578867955900250       -3.1072132994847124     
          85           7  -18.643483385503146      -0.46259077105759161     
          90           7   0.0000000000000000        0.0000000000000000     
          95           7  -23.036904018240989        2.5169488073917279     
           0           8   0.0000000000000000        0.0000000000000000     
           5           8  -26.775206773224092       -1.8162110944430765     
          10           8  -23.536865157316456        1.7045276670479836     
          15           8   0.0000000000000000        0.0000000000000000     
          20           8   0.0000000000000000        0.0000000000000000     
          25           8  -30.931259886841644       -3.2503782905379808     
          30           8  -26.778170239083465       -1.4294929869507200     
          35           8  -27.344256842383174      -0.84189263064970987     
          40           8  -26.252222248075441       0.54701636880594151     
          45           8   0.0000000000000000        0.0000000000000000     
          50           8  -55.545766958005061       -3.1942352346181480     
          55           8   0.0000000000000000        0.0000000000000000     
          60           8  -26.890408375024322      -0.20262819564464962     
          65           8  -25.981191142889770       -2.6504434995899828     
          70           8   0.0000000000000000        0.0000000000000000     
          75           8  -25.287162355240866       -1.4514958658828903     
          80           8  -28.117285969244676       0.81498279620006997     
          85           8  -25.033995430092659       -3.6493198494369494     
          90           8  -28.394041714321361      -0.57648142826494109     
          95           8  -30.171972669492675        5.1861279611031819     
           0           9  -27.648669249519269      -0.76171165668270646     
           5           9   0.0000000000000000        0.0000000000000000     
          10           9   0.0000000000000000        0.0000000000000000     
          15           9  -25.889643366516779        1.7757768608461788     
          20           9   0.0000000000000000        0.0000000000000000     
          25           9  -28.226407250429020       -2.7979499307306810     
          30           9  -31.558367204596038       0.58592347256691824     
          35           9   0.0000000000000000        0.0000000000000000     
          40           9   0.0000000000000000        0.0000000000000000     
          45           9  -27.920826184129055      -0.53576628106455360     
          50           9   0.0000000000000000        0.0000000000000000     
          55           9  -31.983280758609567        6.0846864798946854     
          60           9   0.0000000000000000        0.0000000000000000     
          65           9  -30.958976332371435       -5.8119839890302671     
          70           9  -32.144448485880162       -1.8855300044329226     
          75           9  -30.445251086987923        3.8290707674093483     
          80           9  -26.862999924119890       -2.6570306594031479     
          85           9   0.0000000000000000        0.0000000000000000     
          90           9  -27.844374226404511       -1.5627126357209420     
          95           9  -32.329115954965459        1.0183677874131547     
           0          10  -36.922127867214940       -3.3854214803863414     
           5          10  -29.108836869644605       -2.3253558342073433     
          10          10   0.0000000000000000        0.0000000000000000     
          15          10  -31.343505713463671       -4.5934858696305980     
          20          10  -34.865425518226800       -6.2148231680936306E-002
          25          10   0.0000000000000000        0.0000000000000000     
          30          10   0.0000000000000000        0.0000000000000000     
          35          10  -30.596830663185415        3.3317918308206629     
          40          10  -32.813983807855607       0.19029211122401080     
          45          10  -32.076778623988389       -2.5214066872258911     
          50          10   0.0000000000000000        0.0000000000000000     
          55          10  -30.122610358098711        3.5418825870259241     
          60          10  -34.810947046750584      -0.37347779521468283     
          65          10  -62.148912735295880        4.3654460734288136     
          70          10   0.0000000000000000        0.0000000000000000     
          75          10  -31.188087751061744       -1.2159314198356697     
          80          10  -31.632247200619190       0.83410274761774872     
          85          10  -31.898865639519158       -3.9506929927490830     
          90          10  -32.801211866981816       -1.1064429395091224     
          95          10   0.0000000000000000        0.0000000000000000     
           0          11   0.0000000000000000        0.0000000000000000     
           5          11  -35.123541556951743        1.2695684234920179     
          10          11  -37.402469962293239      -0.46298555808732544     
          15          11  -35.162140094060490       0.80427808827110425     
          20          11  -32.652079965167502      -0.72880543040554358     
          25          11  -35.624331818127075       -1.6118128569964085     
          30          11  -32.360649145317666       -2.6762202591257278     
          35          11  -37.024734211783539       -1.8432496415599076     
          40          11  -34.065811140493452       0.82980736589632897     
          45          11  -36.765502629663160       -2.6124118470249869     
          50          11  -31.656951790992593        2.3901519793767534     
          55          11   0.0000000000000000        0.0000000000000000     
          60          11   0.0000000000000000        0.0000000000000000     
          65          11  -36.591717676444091       -2.1289511949973416     
          70          11  -32.153782515607077       0.71949196755127787     
          75          11  -34.682445012848007       0.40777901855193477     
          80          11   0.0000000000000000        0.0000000000000000     
          85          11   0.0000000000000000        0.0000000000000000     
          90          11  -32.125522872021861      -0.50575045751344305     
          95          11  -31.715599640804726      -0.32721456767248469     
           0          12   0.0000000000000000        0.0000000000000000     
           5          12   0.0000000000000000        0.0000000000000000     
          10          12  -29.040775818538478        2.4208493750776938     
          15          12  -35.854299319213467       -1.0122966120285071     
          20          12  -34.725596088627242        1.5321973850745962     
          25          12   0.0000000000000000        0.0000000000000000     
          30          12  -37.392446018031933       -1.9552702099545627     
          35          12   0.0000000000000000        0.0000000000000000     
          40          12  -33.861958297549677        3.9653148191831633     
          45          12   0.0000000000000000        0.0000000000000000     
          50          12  -29.450228322573935       -1.1519471368437451     
          55          12  -30.097808050300046        3.7100597629802223     
          60          12  -36.614519858559902        3.9782793069775835     
          65          12  -39.627939720290328       -3.3453798056370943     
          70          12  -34.799131812590645       0.21191834727929404     
          75          12  -34.119908761667261        1.0874417396777858     
          80          12  -67.796163599211923       -5.6583649734420760     
          85          12  -32.589320273004319       -3.1787630910073972     
          90          12  -34.393927945259861        2.3309155049666685     
          95          12  -39.508222994939501       0.62308857623705194     
           0          13   0.0000000000000000        0.0000000000000000     
           5          13   0.0000000000000000        0.0000000000000000     
          10          13  -37.911005179624979        4.8794634461923891     
          15          13   0.0000000000000000        0.0000000000000000     
          20          13  -34.944798703691049       -2.3928534384864975     
          25          13  -38.103148647934404        1.4373848151372215     
          30          13  -38.366831849643290       -1.4592382314226882     
          35          13  -33.133802174916127       -1.1998187225970014E-002
          40          13  -32.951461771091317       0.12408066552893615     
          45          13  -35.467941479154774        2.0086306312094848     
          50          13  -34.111749484537768       -2.5897910927774603     
          55          13   0.0000000000000000        0.0000000000000000     
          60          13   0.0000000000000000        0.0000000000000000     
          65          13  -38.213257505717024        7.3430310218114414     
          70          13  -37.428635853800074        1.6871506669779990     
          75          13   0.0000000000000000        0.0000000000000000     
          80          13   0.0000000000000000        0.0000000000000000     
          85          13  -34.696921411878634      -0.18179592387923549     
          90          13   0.0000000000000000        0.0000000000000000     
          95          13   0.0000000000000000        0.0000000000000000     
           0          14   0.0000000000000000        0.0000000000000000     
           5          14   0.0000000000000000        0.0000000000000000     
          10          14   0.0000000000000000        0.0000000000000000     
          15          14  -43.058821456662955        2.6040180778252875     
          20          14   0.0000000000000000        0.0000000000000000     
          25          14   0.0000000000000000        0.0000000000000000     
          30          14   0.0000000000000000        0.0000000000000000     
          35          14   0.0000000000000000        0.0000000000000000     
          40          14  -37.476074151641114       -1.3287525132810174     
          45          14   0.0000000000000000        0.0000000000000000     
          50          14   0.0000000000000000        0.0000000000000000     
          55          14   0.0000000000000000        0.0000000000000000     
          60          14   0.0000000000000000        0.0000000000000000     
          65          14   0.0000000000000000        0.0000000000000000     
          70          14   0.0000000000000000        0.0000000000000000     
          75          14   0.0000000000000000        0.0000000000000000     
          80          14   0.0000000000000000        0.0000000000000000     
          85          14  -32.236687361759664       0.32482467725358788     
          90          14   0.0000000000000000        0.0000000000000000     
          95          14   0.0000000000000000        0.0000000000000000     
           0          15   0.0000000000000000        0.0000000000000000     
           5          15   0.0000000000000000        0.0000000000000000     
          10          15   0.0000000000000000        0.0000000000000000     
          15          15   0.0000000000000000        0.0000000000000000     
          20          15   0.0000000000000000        0.0000000000000000     
          25          15   0.0000000000000000        0.0000000000000000     
          30          15   0.0000000000000000        0.0000000000000000     
          35          15   0.0000000000000000        0.0000000000000000     
          40          15   0.0000000000000000        0.0000000000000000     
          45          15   0.0000000000000000        0.0000000000000000     
          50          15   0.0000000000000000        0.0000000000000000     
          55          15   0.0000000000000000        0.0000000000000000     
          60          15   0.0000000000000000        0.0000000000000000     
          65          15   0.0000000000000000        0.0000000000000000     
          70          15   0.0000000000000000        0.0000000000000000     
          75          15   0.0000000000000000        0.0000000000000000     
          80          15   0.0000000000000000        0.0000000000000000     
          85          15  -38.503825965747751       -1.0778289207280523     
          90          15   0.0000000000000000        0.0000000000000000     
          95          15   0.0000000000000000        0.0000000000000000     
           0          16   0.0000000000000000        0.0000000000000000     
           5          16   0.0000000000000000        0.0000000000000000     
          10          16   0.0000000000000000        0.0000000000000000     
          15          16   0.0000000000000000        0.0000000000000000     
          20          16   0.0000000000000000        0.0000000000000000     
          25          16   0.0000000000000000        0.0000000000000000     
          30          16   0.0000000000000000        0.0000000000000000     
          35          16   0.0000000000000000        0.0000000000000000     
          40          16   0.0000000000000000        0.0000000000000000     
          45          16   0.0000000000000000        0.0000000000000000     
          50          16   0.0000000000000000        0.0000000000000000     
          55          16   0.0000000000000000        0.0000000000000000     
          60          16   0.0000000000000000        0.0000000000000000     
          65          16   0.0000000000000000        0.0000000000000000     
          70          16   0.0000000000000000        0.0000000000000000     
          75          16   0.0000000000000000        0.0000000000000000     
          80          16   0.0000000000000000        0.0000000000000000     
          85          16   0.0000000000000000        0.0000000000000000     
          90          16   0.0000000000000000        0.0000000000000000     
          95          16   0.0000000000000000        0.0000000000000000     
