           0           0   0.0000000000000000        0.0000000000000000     
           5           0   0.0000000000000000        0.0000000000000000     
          10           0   0.0000000000000000        0.0000000000000000     
          15           0   0.0000000000000000        0.0000000000000000     
          20           0   0.0000000000000000        0.0000000000000000     
          25           0   0.0000000000000000        0.0000000000000000     
          30           0   0.0000000000000000        0.0000000000000000     
          35           0   0.0000000000000000        0.0000000000000000     
          40           0   0.0000000000000000        0.0000000000000000     
          45           0   0.0000000000000000        0.0000000000000000     
          50           0   0.0000000000000000        0.0000000000000000     
          55           0   0.0000000000000000        0.0000000000000000     
          60           0   0.0000000000000000        0.0000000000000000     
          65           0   0.0000000000000000        0.0000000000000000     
          70           0   0.0000000000000000        0.0000000000000000     
          75           0   0.0000000000000000        0.0000000000000000     
          80           0   0.0000000000000000        0.0000000000000000     
          85           0   0.0000000000000000        0.0000000000000000     
          90           0   0.0000000000000000        0.0000000000000000     
          95           0   0.0000000000000000        0.0000000000000000     
           0           1  -2.8953923531593873       0.32832253219261531     
           5           1   1.8234463221267205        1.6107634828421702     
          10           1  -3.4645547026013190        1.9264406727270700     
          15           1  -4.7090059335452850       -1.8631478118724676     
          20           1  -3.6565703130442273       -1.2357118864603223     
          25           1  -4.0033374773429387       0.61839908701455393     
          30           1  -3.2242452525110821      -0.58857468952511205     
          35           1  -3.6474653463258733       0.35934815374116802     
          40           1  -3.1107539163599540       -1.1989322697980587     
          45           1  -4.3206883741220281       0.54996965086373528     
          50           1  -3.0150620036195619       -2.9905835313137619     
          55           1  -2.0623794394936112        2.7077123581975560     
          60           1  -6.0898078789151100      -0.88492763267833396     
          65           1  -2.4593982669074421       0.81081947581496117     
          70           1 -0.94673129694911040        2.0833472117243179     
          75           1  -2.6313813888378945        2.1583517700063393     
          80           1  -2.7520765328858943        2.1358345983546467     
          85           1  -3.5781527066092167       -1.2268739466714251     
          90           1  -1.4258868284855453       -1.3405136877409074     
          95           1  -3.5544803848353013        1.3273019581094836     
           0           2  -5.9226582379970356      -0.93844268781007045     
           5           2  -2.0009381356489442        3.8590081894152028     
          10           2  -7.2046556074134571       -5.1399790558548375     
          15           2  -9.2821830592271226       0.45124195072077100     
          20           2  -5.6845530980709214      -0.81619159998158608     
          25           2  -5.1898060431554427        2.3081936202840048     
          30           2  -7.5539377300515298       -1.5525856931186688     
          35           2   0.0000000000000000        0.0000000000000000     
          40           2  -4.4240569278741759       0.36550708552018918     
          45           2  -5.4374159977044201       0.88918144229843676     
          50           2   0.0000000000000000        0.0000000000000000     
          55           2  -6.6553593121909671      -0.19062675797654194     
          60           2   0.0000000000000000        0.0000000000000000     
          65           2  -9.1266347732954500       -1.1095963653251495     
          70           2  -8.1186386627507545        2.3539456347654308     
          75           2  -5.7736768336980049       -1.3619649262985867     
          80           2  -4.2439262785620713        5.0436314098178947     
          85           2  -2.5905382190671844      -0.65378435606611163     
          90           2  -11.768837235521801       -1.7642745086088318     
          95           2  -4.9278386995155188      -0.47064028203314123     
           0           3  -8.0287243435989133       -1.0858448117190278     
           5           3  -9.9090447497429679       -1.5232904572060058     
          10           3  -9.8510790021411054       -1.1837293637451118     
          15           3  -9.4060240204196788        1.7623607137107200     
          20           3  -12.261468703833600        1.1549930991616719E-002
          25           3  -10.513629200232799        2.6769568844220437     
          30           3  -8.9502259396567752      -0.20865343315135121     
          35           3  -10.000924153814594       0.12882824812043836     
          40           3  -7.4392086013830294        1.5097804732788767     
          45           3   0.0000000000000000        0.0000000000000000     
          50           3   0.0000000000000000        0.0000000000000000     
          55           3  -5.9085417487025893        1.2245886721484744     
          60           3  -9.4224301176382141       -1.6376684086893967     
          65           3  -8.0602313780531176       0.15603834669475347     
          70           3  -9.8082118693554321        1.3735450718055375     
          75           3  -9.3593767271471506       -2.0341813520174945     
          80           3   0.0000000000000000        0.0000000000000000     
          85           3  -9.9983114393609185        2.2688382590052569     
          90           3  -9.4480283240017116       -1.5743819622948685     
          95           3  -11.199497220459875       -2.5915148343558236     
           0           4  -10.529178402357426       -1.9140052275057329     
           5           4  -11.640819283416093      -0.98780377531415553     
          10           4   0.0000000000000000        0.0000000000000000     
          15           4  -11.329916053091083        3.4269033584166664E-002
          20           4  -11.502396243656676        1.6046810040482029     
          25           4  -10.515759830660443        4.3728061160308584     
          30           4   0.0000000000000000        0.0000000000000000     
          35           4  -11.981817272825879      -0.86929173551908434     
          40           4  -12.825073033866374        3.3834827897560871     
          45           4  -7.8891204634246037        1.5417561774233590     
          50           4  -11.753042628654953        1.2372848698394279     
          55           4  -13.113492150651496       0.99792721649727412     
          60           4  -10.799823716212131      -0.27294117877829649     
          65           4  -12.672431739346735       0.36108425035763503     
          70           4   0.0000000000000000        0.0000000000000000     
          75           4  -12.147062531298047      -0.18586521567609537     
          80           4  -11.582148469031495      -0.25241315063873060     
          85           4  -11.264756713629254        3.5490172217667038     
          90           4  -12.009734654938597       -1.0443766960710477     
          95           4   0.0000000000000000        0.0000000000000000     
           0           5  -16.908461920186745       -1.4157853976737300     
           5           5  -14.150027377977104       -1.2129069024968686     
          10           5  -15.830810977952581       -1.1779078405371735     
          15           5  -14.618854869761222       -5.2391427037612459     
          20           5  -11.158601550427250      -0.32715334945088159     
          25           5  -14.681815007513421        1.3893107122875392     
          30           5  -13.834899669582512       0.39001973651586752     
          35           5  -15.634676130460434       -3.6098067492940089     
          40           5  -15.687059797855341       -1.7878948287819441     
          45           5  -10.537603152158681       0.90504325974016808     
          50           5  -7.5832221272520428       0.81809051919456977     
          55           5  -13.949860728885710       -4.7793080768165908     
          60           5  -13.985277419585884        1.2474369579740241     
          65           5  -14.657264424684513       -1.1641739626000458     
          70           5  -13.889161010141038       0.25755524969639509     
          75           5  -17.102225717877673       -3.7624366470723203     
          80           5  -13.219190804889536      -0.97189459978608284     
          85           5  -14.390433344360076      -0.45317749682638464     
          90           5  -14.375729365454504      -0.92820823964778754     
          95           5   0.0000000000000000        0.0000000000000000     
           0           6  -17.426437487881309       -4.6883201223479887E-002
           5           6  -13.967152360856439        1.6556716529425586     
          10           6  -15.252059791963646       0.66043327625386894     
          15           6  -16.843841554088357       -1.2905216119474261     
          20           6  -15.735763914044298       -1.3344820747285269     
          25           6  -14.255281746855530        2.9119195597804293     
          30           6  -16.212631687491097       0.86293470107801085     
          35           6  -14.830956902969206      -0.50448703547090190     
          40           6  -13.164282072821720       0.56947860751499491     
          45           6  -15.504504181151901        2.7285215726102763     
          50           6  -15.598200979383137      -0.17454898804558638     
          55           6  -12.403539856080670        2.0471931030119350     
          60           6  -16.571515192502773       -1.8507337500572874     
          65           6  -14.867974698162811       -1.8744128063552523     
          70           6  -13.899195444864176       -1.4411019964244431     
          75           6  -19.200239281573772       -1.2534360839211445     
          80           6  -16.846482935761742       0.96534394169456306     
          85           6   0.0000000000000000        0.0000000000000000     
          90           6   0.0000000000000000        0.0000000000000000     
          95           6  -14.060147361547592        1.5111502165199298     
           0           7  -17.733656722061784       0.60381476808757384     
           5           7  -19.171022926198766        3.5592002511020127     
          10           7  -20.997149524424330       -4.4652465458483448E-003
          15           7  -17.971642990923797      -0.30164326218162785     
          20           7  -20.200851428064936        3.7294929694908774     
          25           7  -19.463415779448212       0.13411054128553701     
          30           7  -16.944524135347194      -0.90177633151888870     
          35           7  -17.788399907274766      -0.72122209958003225     
          40           7  -17.224815416838624      -0.54081154784668684     
          45           7  -17.941289404248550        1.2166781607714228     
          50           7  -16.257178369656344        1.8910330532495578     
          55           7  -14.190501086090990       0.47928863733837090     
          60           7  -18.920329098790489        1.3835305640963469     
          65           7  -16.125194642100382       -2.5343276569778084     
          70           7  -16.105273843791679       0.61409900458997413     
          75           7   0.0000000000000000        0.0000000000000000     
          80           7   0.0000000000000000        0.0000000000000000     
          85           7  -19.165063648713954        1.9110150993917330     
          90           7   0.0000000000000000        0.0000000000000000     
          95           7  -17.674364471034210       -1.1282548701707640     
           0           8  -18.426002782614969      -0.20259710273862197     
           5           8  -19.342805074371583       0.13729283056207464     
          10           8  -19.655083652088123        1.8261642872907657     
          15           8  -20.005558187063954       0.14523275897460053     
          20           8  -20.378578726933938        1.3257211082873255     
          25           8  -18.040872003020070       0.77521315434481153     
          30           8  -18.915360079496679        2.1425964076549064     
          35           8  -19.323422048032057      -0.57786769238177271     
          40           8  -18.086830237322715      -0.94809146753860318     
          45           8  -20.799885624498415       -3.5120118222842223     
          50           8   0.0000000000000000        0.0000000000000000     
          55           8   0.0000000000000000        0.0000000000000000     
          60           8  -16.883889397050211       0.41962123521699368     
          65           8   0.0000000000000000        0.0000000000000000     
          70           8  -17.344966960237684        2.9150975792902045     
          75           8  -15.058807031422816       0.27321669653801450     
          80           8  -18.015966469207001       -1.2051955707192974     
          85           8  -18.124930739205070       0.42844931797958452     
          90           8  -19.458856734502206       0.43802412234228427     
          95           8   0.0000000000000000        0.0000000000000000     
           0           9  -20.080150546881448       -1.4822813483306163     
           5           9  -21.993778898861116       0.68940044339882434     
          10           9  -21.779533689798569       0.95610581841043540     
          15           9   0.0000000000000000        0.0000000000000000     
          20           9   0.0000000000000000        0.0000000000000000     
          25           9  -20.501816723879074      -0.98710981468741466     
          30           9  -20.637895428521347       0.65722421945579867     
          35           9  -21.200895970778788        2.3303898900017828     
          40           9   0.0000000000000000        0.0000000000000000     
          45           9  -20.762858980880594       0.29390353100566813     
          50           9  -20.446331249033278       -1.1906058145605414     
          55           9   0.0000000000000000        0.0000000000000000     
          60           9  -20.745759488605131       0.77309882207998726     
          65           9  -20.442222694541101       -1.2191967568675466     
          70           9   0.0000000000000000        0.0000000000000000     
          75           9  -20.827216177892183       -1.8234049680820874     
          80           9  -20.366110695348993       -1.8677252474397221     
          85           9  -21.123154339548478      -0.55837043934303665     
          90           9  -17.686433734027673       0.46140454924348262     
          95           9  -20.688504145383035       -1.8845555977264894     
           0          10   0.0000000000000000        0.0000000000000000     
           5          10   0.0000000000000000        0.0000000000000000     
          10          10   0.0000000000000000        0.0000000000000000     
          15          10  -21.072402008384117        1.5767955373569009     
          20          10   0.0000000000000000        0.0000000000000000     
          25          10  -21.111204572754616        1.6478803189023949     
          30          10  -22.178465840667627      -0.39894127588979700     
          35          10  -22.504986801052951       0.90950832154490513     
          40          10  -19.063925973554774        2.6078697306708420     
          45          10   0.0000000000000000        0.0000000000000000     
          50          10  -21.875361376331171      -0.21062606700539277     
          55          10  -19.817994486110990       -1.9696699307480969     
          60          10   0.0000000000000000        0.0000000000000000     
          65          10  -21.575083566673925      -0.14880084503232638     
          70          10   0.0000000000000000        0.0000000000000000     
          75          10  -21.771989174581563       -3.0289414299566886     
          80          10  -22.010738822970666        1.2506637576592539     
          85          10  -21.713257186988244        1.4035152638491866     
          90          10  -21.547277645836971        1.0479679662989128     
          95          10  -19.091743918338011        2.3822606621592968     
           0          11  -19.654432121962994      -0.73687621005902315     
           5          11  -22.589270159651953       -4.1067343927458921     
          10          11  -28.596513710068550       -3.4790835827180899     
          15          11  -23.013686878590178        2.0820688103739826     
          20          11  -22.247295653379240        1.5617998789352328     
          25          11  -24.015869213087626       -2.3113728976476011     
          30          11  -23.382979552941663        2.8558704637760002     
          35          11   0.0000000000000000        0.0000000000000000     
          40          11   0.0000000000000000        0.0000000000000000     
          45          11  -22.914171626027269       -2.5552509512039023     
          50          11   0.0000000000000000        0.0000000000000000     
          55          11   0.0000000000000000        0.0000000000000000     
          60          11  -21.459979620601644        3.5076506234155147     
          65          11  -25.659811845244462        2.0913973932046304     
          70          11   0.0000000000000000        0.0000000000000000     
          75          11   0.0000000000000000        0.0000000000000000     
          80          11  -22.965620315105184        2.8882988832990009     
          85          11  -21.742412743677164      -0.37942859700379472     
          90          11  -22.270581401357958       0.20418827617163515     
          95          11  -20.418374462067845      -0.26442176777052850     
           0          12  -23.277013196946747       -1.3862762269845064     
           5          12   0.0000000000000000        0.0000000000000000     
          10          12   0.0000000000000000        0.0000000000000000     
          15          12   0.0000000000000000        0.0000000000000000     
          20          12   0.0000000000000000        0.0000000000000000     
          25          12   0.0000000000000000        0.0000000000000000     
          30          12   0.0000000000000000        0.0000000000000000     
          35          12   0.0000000000000000        0.0000000000000000     
          40          12   0.0000000000000000        0.0000000000000000     
          45          12   0.0000000000000000        0.0000000000000000     
          50          12   0.0000000000000000        0.0000000000000000     
          55          12  -22.333185353531348        9.4665443644004199E-002
          60          12   0.0000000000000000        0.0000000000000000     
          65          12   0.0000000000000000        0.0000000000000000     
          70          12  -23.855268348640379      -0.96034940195721674     
          75          12  -23.202569721334498       0.47303748967664205     
          80          12   0.0000000000000000        0.0000000000000000     
          85          12   0.0000000000000000        0.0000000000000000     
          90          12  -25.218989314197415        1.6861236387910594     
          95          12  -26.722575478217436       -2.9808092980232459     
           0          13   0.0000000000000000        0.0000000000000000     
           5          13   0.0000000000000000        0.0000000000000000     
          10          13   0.0000000000000000        0.0000000000000000     
          15          13   0.0000000000000000        0.0000000000000000     
          20          13   0.0000000000000000        0.0000000000000000     
          25          13   0.0000000000000000        0.0000000000000000     
          30          13   0.0000000000000000        0.0000000000000000     
          35          13   0.0000000000000000        0.0000000000000000     
          40          13   0.0000000000000000        0.0000000000000000     
          45          13   0.0000000000000000        0.0000000000000000     
          50          13   0.0000000000000000        0.0000000000000000     
          55          13   0.0000000000000000        0.0000000000000000     
          60          13   0.0000000000000000        0.0000000000000000     
          65          13   0.0000000000000000        0.0000000000000000     
          70          13   0.0000000000000000        0.0000000000000000     
          75          13   0.0000000000000000        0.0000000000000000     
          80          13   0.0000000000000000        0.0000000000000000     
          85          13   0.0000000000000000        0.0000000000000000     
          90          13   0.0000000000000000        0.0000000000000000     
          95          13   0.0000000000000000        0.0000000000000000     
           0          14   0.0000000000000000        0.0000000000000000     
           5          14   0.0000000000000000        0.0000000000000000     
          10          14   0.0000000000000000        0.0000000000000000     
          15          14   0.0000000000000000        0.0000000000000000     
          20          14   0.0000000000000000        0.0000000000000000     
          25          14   0.0000000000000000        0.0000000000000000     
          30          14   0.0000000000000000        0.0000000000000000     
          35          14   0.0000000000000000        0.0000000000000000     
          40          14   0.0000000000000000        0.0000000000000000     
          45          14   0.0000000000000000        0.0000000000000000     
          50          14   0.0000000000000000        0.0000000000000000     
          55          14   0.0000000000000000        0.0000000000000000     
          60          14   0.0000000000000000        0.0000000000000000     
          65          14   0.0000000000000000        0.0000000000000000     
          70          14   0.0000000000000000        0.0000000000000000     
          75          14   0.0000000000000000        0.0000000000000000     
          80          14   0.0000000000000000        0.0000000000000000     
          85          14   0.0000000000000000        0.0000000000000000     
          90          14   0.0000000000000000        0.0000000000000000     
          95          14   0.0000000000000000        0.0000000000000000     
           0          15   0.0000000000000000        0.0000000000000000     
           5          15   0.0000000000000000        0.0000000000000000     
          10          15   0.0000000000000000        0.0000000000000000     
          15          15   0.0000000000000000        0.0000000000000000     
          20          15   0.0000000000000000        0.0000000000000000     
          25          15   0.0000000000000000        0.0000000000000000     
          30          15   0.0000000000000000        0.0000000000000000     
          35          15   0.0000000000000000        0.0000000000000000     
          40          15   0.0000000000000000        0.0000000000000000     
          45          15   0.0000000000000000        0.0000000000000000     
          50          15   0.0000000000000000        0.0000000000000000     
          55          15   0.0000000000000000        0.0000000000000000     
          60          15   0.0000000000000000        0.0000000000000000     
          65          15   0.0000000000000000        0.0000000000000000     
          70          15   0.0000000000000000        0.0000000000000000     
          75          15   0.0000000000000000        0.0000000000000000     
          80          15   0.0000000000000000        0.0000000000000000     
          85          15   0.0000000000000000        0.0000000000000000     
          90          15   0.0000000000000000        0.0000000000000000     
          95          15   0.0000000000000000        0.0000000000000000     
           0          16   0.0000000000000000        0.0000000000000000     
           5          16   0.0000000000000000        0.0000000000000000     
          10          16   0.0000000000000000        0.0000000000000000     
          15          16   0.0000000000000000        0.0000000000000000     
          20          16   0.0000000000000000        0.0000000000000000     
          25          16   0.0000000000000000        0.0000000000000000     
          30          16   0.0000000000000000        0.0000000000000000     
          35          16   0.0000000000000000        0.0000000000000000     
          40          16   0.0000000000000000        0.0000000000000000     
          45          16   0.0000000000000000        0.0000000000000000     
          50          16   0.0000000000000000        0.0000000000000000     
          55          16   0.0000000000000000        0.0000000000000000     
          60          16   0.0000000000000000        0.0000000000000000     
          65          16   0.0000000000000000        0.0000000000000000     
          70          16   0.0000000000000000        0.0000000000000000     
          75          16   0.0000000000000000        0.0000000000000000     
          80          16   0.0000000000000000        0.0000000000000000     
          85          16   0.0000000000000000        0.0000000000000000     
          90          16   0.0000000000000000        0.0000000000000000     
          95          16   0.0000000000000000        0.0000000000000000     
