           0           0   0.0000000000000000        0.0000000000000000     
           5           0   0.0000000000000000        0.0000000000000000     
          10           0   0.0000000000000000        0.0000000000000000     
          15           0   0.0000000000000000        0.0000000000000000     
          20           0   0.0000000000000000        0.0000000000000000     
          25           0   0.0000000000000000        0.0000000000000000     
          30           0   0.0000000000000000        0.0000000000000000     
          35           0   0.0000000000000000        0.0000000000000000     
          40           0   0.0000000000000000        0.0000000000000000     
          45           0   0.0000000000000000        0.0000000000000000     
          50           0   0.0000000000000000        0.0000000000000000     
          55           0   0.0000000000000000        0.0000000000000000     
          60           0   0.0000000000000000        0.0000000000000000     
          65           0   0.0000000000000000        0.0000000000000000     
          70           0   0.0000000000000000        0.0000000000000000     
          75           0   0.0000000000000000        0.0000000000000000     
          80           0   0.0000000000000000        0.0000000000000000     
          85           0   0.0000000000000000        0.0000000000000000     
          90           0   0.0000000000000000        0.0000000000000000     
          95           0   0.0000000000000000        0.0000000000000000     
           0           1 -0.38833354224443450       -6.8088583248249179E-002
           5           1 -0.44989872165945854       0.26253836892364824     
          10           1 -0.37998935512817411       -6.7530950413896562E-002
          15           1 -0.43222862472269696       0.26424157468118992     
          20           1 -0.36133889944167663       -7.0045728960410614E-002
          25           1 -0.42167287075400850       0.26274976887674661     
          30           1 -0.35603691252106273       -4.3988972907582635E-002
          35           1 -0.41706591520807024       0.25368377711165735     
          40           1 -0.35583348502399303       -4.5838605490233775E-002
          45           1 -0.41023910291926313       0.24910442236292241     
          50           1 -0.34863897074188799       -6.3310230686841606E-002
          55           1 -0.41787095732104262       0.24474357031567529     
          60           1 -0.36098875746404246       -6.4329561219045317E-002
          65           1 -0.42261193598847058       0.25478091171704520     
          70           1 -0.36989046279245485       -5.3034590672407234E-002
          75           1 -0.43583811596192845       0.26120225838033306     
          80           1 -0.38061258536004061       -6.5184898552228532E-002
          85           1 -0.45578816624924912       0.27471975605930510     
          90           1 -0.38255518404639588       -5.4228035512027262E-002
          95           1 -0.45157544484197842       0.26899031899674242     
           0           2 -0.40440628230067888       -7.7860797025319783E-002
           5           2 -0.39855043802550227       -6.5966639344328115E-002
          10           2 -0.40694656298967402       -8.9600719803684115E-002
          15           2 -0.39483564523656867       -5.7099903427726417E-002
          20           2 -0.39534225315662752       -9.4354743218616477E-002
          25           2 -0.38115176518971339       -3.0983636132297931E-002
          30           2 -0.37042869035275316       -5.1995246677094542E-002
          35           2 -0.36819306025392962       -3.0989371360146123E-002
          40           2 -0.36582352958447473       -4.9712404182056247E-002
          45           2 -0.37580327433062166       -4.8600252338104610E-002
          50           2 -0.37816590911177173       -8.1005260068600649E-002
          55           2 -0.37553185038063930       -5.8217945222427403E-002
          60           2 -0.39163570939138026       -8.4926732273338246E-002
          65           2 -0.39167689905639236       -4.7515539172149346E-002
          70           2 -0.39020892266705687       -6.2101104219003389E-002
          75           2 -0.38773223707266880       -4.5236329193620861E-002
          80           2 -0.39553542166004263       -7.6453222173089586E-002
          85           2 -0.39634043325520452       -5.3028858510995036E-002
          90           2 -0.39387282072311791       -6.1589569588793580E-002
          95           2 -0.40475299194042691       -3.6200830051402733E-002
           0           3 -0.37187238218994167       -4.6466687497748183E-002
           5           3 -0.35729951166629803       -8.2915568015984320E-002
          10           3 -0.35896480302000100       -3.3353429955695901E-002
          15           3 -0.35149291225167190       -7.1054552484017819E-002
          20           3 -0.36512898461182886       -3.7936251131576171E-002
          25           3 -0.35909396190803022       -4.3219904970470679E-002
          30           3 -0.35106895674985594       -1.3752441163639162E-002
          35           3 -0.34716213814789398       -3.6461865957626571E-002
          40           3 -0.35485502845489236       -3.0049669341725149E-002
          45           3 -0.36939092677101826       -5.2287201492973168E-002
          50           3 -0.37011592922908676       -5.4169378738144758E-002
          55           3 -0.36796033946018269       -6.0177236465008832E-002
          60           3 -0.36868537890200059       -4.4286084848188523E-002
          65           3 -0.37055781042738545       -5.7939921123129068E-002
          70           3 -0.35982978950244160       -1.6460423619690800E-002
          75           3 -0.36490041139813911       -5.5067076911718971E-002
          80           3 -0.37782245435380446       -4.3153318036726063E-002
          85           3 -0.37155351456874541       -6.0301409028351571E-002
          90           3 -0.36879099639008928       -2.3461075666642017E-002
          95           3 -0.37182403374913520       -5.1758281811586926E-002
           0           4 -0.75225795537245399      -0.10989553681728381     
           5           4 -0.74416722688930292      -0.17003935955273164     
          10           4 -0.73822846713866852      -0.12546977923744151     
          15           4 -0.72445430777001718      -0.14349362584820113     
          20           4 -0.74593485321017283       -8.6628231223961905E-002
          25           4 -0.76165179116571835       -9.7642231300376636E-002
          30           4 -0.73964242595536689       -6.6661913398213812E-002
          35           4 -0.72700228422206692       -7.9092493727728197E-002
          40           4 -0.74784876129996292       -5.8603737698170733E-002
          45           4 -0.76093554941536468      -0.12318159213098312     
          50           4 -0.74950603853096709       -8.7131839272558409E-002
          55           4 -0.76209942019289656      -0.12660442517908876     
          60           4 -0.76755610326273427       -9.7146676529824560E-002
          65           4 -0.76975176845905935      -0.12827461542297414     
          70           4 -0.74468278512540564       -7.1929559135597287E-002
          75           4 -0.76066785936745873      -0.12003116030001593     
          80           4 -0.74196097664014360       -9.3776091842912024E-002
          85           4 -0.73763505312740563      -0.11864905006930826     
          90           4 -0.72936507777399129      -0.10177089004859141     
          95           4 -0.73025660498160505      -0.10435273102515907     
           0           5 -0.40697462702743437       -6.0835563666650216E-002
           5           5 -0.40802783619398042       -2.1549590254466011E-002
          10           5 -0.40625988536824309       -6.7838612292092648E-002
          15           5 -0.39823227971247377       -3.2136171266294866E-002
          20           5 -0.39928304355285604       -4.7895138921560942E-002
          25           5 -0.41069968398588230       -1.2400898290465534E-002
          30           5 -0.40494001499524757       -4.6527962416220703E-002
          35           5 -0.40878034258895468       -7.3037985037771591E-003
          40           5 -0.43100298725562425       -6.3520272752803919E-002
          45           5 -0.42021863343677524       -1.2530120168108283E-002
          50           5 -0.42029120070452564       -5.3978316669756055E-002
          55           5 -0.42129922899647454       -1.1039740197560377E-002
          60           5 -0.42411572405143261       -6.1618255129403110E-002
          65           5 -0.42071137791310775       -1.4246416260021988E-002
          70           5 -0.41335590523772225       -4.7557033635570178E-002
          75           5 -0.41797614457550480       -1.5923532368233850E-002
          80           5 -0.41310241350345223       -6.3906081151365868E-002
          85           5 -0.40772485604634312       -2.2122426317494615E-002
          90           5 -0.40234566000663108       -6.7709047004704814E-002
          95           5 -0.40246759425599521       -1.7584020950422996E-002
           0           6 -0.44088979250012095       -5.0346726907513073E-002
           5           6 -0.44263363360830255        1.1258830041604995E-002
          10           6 -0.44007502302711998       -4.6735613126180908E-002
          15           6 -0.44189857093535068        9.5674624667196895E-004
          20           6 -0.44975346307651876       -4.3828831688408343E-002
          25           6 -0.44315052130983190        1.5813562361799427E-002
          30           6 -0.45528290469221133       -4.9597773164045122E-002
          35           6 -0.45629163590632515        1.1977449840827603E-002
          40           6 -0.45611078608231992       -3.9866864414150882E-002
          45           6 -0.45885090251829297        1.6129163751266162E-002
          50           6 -0.45775584879947928       -3.5646923732812752E-002
          55           6 -0.45972817744655003        1.6360357579792151E-002
          60           6 -0.46147606010293885       -4.7295496736765585E-002
          65           6 -0.45077227724732438        1.2761813188433280E-002
          70           6 -0.45006520082324641       -3.3760002504656939E-002
          75           6 -0.44820885214846840        3.6244434165055850E-003
          80           6 -0.45205081647736733       -4.4406813550779134E-002
          85           6 -0.45361307471125656        7.7503976303461286E-003
          90           6 -0.44866476180516202       -4.3728115834973380E-002
          95           6 -0.44798748973562397        1.3416273225708153E-002
           0           7 -0.49001131810680332        2.7811594702775722E-002
           5           7 -0.48253078906324021       -2.0019971613827181E-002
          10           7 -0.48258317295157838        4.4482927306077613E-002
          15           7 -0.48809326512078144       -2.3483753861519574E-002
          20           7 -0.49456061853803135        4.6812468070811519E-002
          25           7 -0.48793357597887166       -2.9433910997411772E-003
          30           7 -0.49827089249276924        3.4941143520761386E-002
          35           7 -0.49984740584818610       -2.3301893952165642E-002
          40           7 -0.51437569684509299        5.2675899775422863E-002
          45           7 -0.50655367580532129       -1.7708780952752079E-002
          50           7 -0.50168866536637324        5.5916234025232825E-002
          55           7 -0.50895261757943899       -6.4900783502963577E-003
          60           7 -0.50659999551783130        4.8813505859612860E-002
          65           7 -0.50291060397000820       -1.8120369196239494E-002
          70           7 -0.50118088850581444        4.3603048869300665E-002
          75           7 -0.49495342366867590       -2.5539914401129238E-002
          80           7 -0.49986990305228574        3.2410252042147647E-002
          85           7 -0.49682448597820894       -1.9068163217283995E-002
          90           7 -0.48537663438708023        3.0826602266387226E-002
          95           7 -0.49173754284481674       -1.1554167294036688E-002
           0           8 -0.53549508702843696        5.6309328240189416E-002
           5           8 -0.52441340390618763        5.4745953459445218E-003
          10           8 -0.52561789392058245        7.0548935298120341E-002
          15           8 -0.54539885466553528        1.3178963982340974E-002
          20           8 -0.54551222905985242        7.8878068947574320E-002
          25           8 -0.54212035792033930        1.3050477143394801E-002
          30           8 -0.55013756631083766        6.6827915885525613E-002
          35           8 -0.57002359902469379        7.1762580677869892E-003
          40           8 -0.57288262407695356        7.5911496573155546E-002
          45           8 -0.56962854564801546        1.5447162420301197E-002
          50           8 -0.56879578398394415        9.4886508499314459E-002
          55           8 -0.56373210583160471        2.3643945725737581E-002
          60           8 -0.56749384754084531        8.2443113340602281E-002
          65           8 -0.56008496102322169        1.4766435221247320E-002
          70           8 -0.54609270961236689        7.8784354533567580E-002
          75           8 -0.55164368582438783       -2.0027337299666215E-003
          80           8 -0.54287374354089479        5.5133152372377481E-002
          85           8 -0.54000008454124782        4.9170071658721781E-003
          90           8 -0.53146906452639087        5.5792444966229482E-002
          95           8 -0.54026596480127864        1.0440843976056158E-002
           0           9 -0.58970537332739270        2.2985216299176159E-002
           5           9 -0.57456313684589588        8.3540785658087202E-002
          10           9 -0.56751541381849790        4.1948062277086251E-002
          15           9 -0.59890682342356172        9.2840510212965910E-002
          20           9 -0.60539594617381454        4.6818484520372294E-002
          25           9 -0.59947103052238049       0.12105641982174120     
          30           9 -0.60125472623795417        3.7952577205402349E-002
          35           9 -0.63037041510227709       0.11084446209785881     
          40           9 -0.62090756092203492        3.6384767367891868E-002
          45           9 -0.63154471227733211       0.11417564200755237     
          50           9 -0.63390449600575494        6.2183641498236852E-002
          55           9 -0.61091111813738053       0.12271856562051653     
          60           9 -0.61384890056359609        5.0133588347378577E-002
          65           9 -0.60935124494676529       0.12174545469534337     
          70           9 -0.61473848369075768        3.5649572680540587E-002
          75           9 -0.61798833279169685       0.10683639941611034     
          80           9 -0.59721856281669261        2.3716354862202138E-002
          85           9 -0.59098814944036349        8.9339820377176693E-002
          90           9 -0.58939742054064936        2.5914811310201458E-002
          95           9 -0.59239596389204507        9.0397005436670952E-002
           0          10   0.0000000000000000        0.0000000000000000     
           5          10   0.0000000000000000        0.0000000000000000     
          10          10   0.0000000000000000        0.0000000000000000     
          15          10   0.0000000000000000        0.0000000000000000     
          20          10   0.0000000000000000        0.0000000000000000     
          25          10   0.0000000000000000        0.0000000000000000     
          30          10   0.0000000000000000        0.0000000000000000     
          35          10   0.0000000000000000        0.0000000000000000     
          40          10   0.0000000000000000        0.0000000000000000     
          45          10   0.0000000000000000        0.0000000000000000     
          50          10   0.0000000000000000        0.0000000000000000     
          55          10   0.0000000000000000        0.0000000000000000     
          60          10   0.0000000000000000        0.0000000000000000     
          65          10   0.0000000000000000        0.0000000000000000     
          70          10   0.0000000000000000        0.0000000000000000     
          75          10   0.0000000000000000        0.0000000000000000     
          80          10   0.0000000000000000        0.0000000000000000     
          85          10   0.0000000000000000        0.0000000000000000     
          90          10   0.0000000000000000        0.0000000000000000     
          95          10   0.0000000000000000        0.0000000000000000     
           0          11   0.0000000000000000        0.0000000000000000     
           5          11   0.0000000000000000        0.0000000000000000     
          10          11   0.0000000000000000        0.0000000000000000     
          15          11   0.0000000000000000        0.0000000000000000     
          20          11   0.0000000000000000        0.0000000000000000     
          25          11   0.0000000000000000        0.0000000000000000     
          30          11   0.0000000000000000        0.0000000000000000     
          35          11   0.0000000000000000        0.0000000000000000     
          40          11   0.0000000000000000        0.0000000000000000     
          45          11   0.0000000000000000        0.0000000000000000     
          50          11   0.0000000000000000        0.0000000000000000     
          55          11   0.0000000000000000        0.0000000000000000     
          60          11   0.0000000000000000        0.0000000000000000     
          65          11   0.0000000000000000        0.0000000000000000     
          70          11   0.0000000000000000        0.0000000000000000     
          75          11   0.0000000000000000        0.0000000000000000     
          80          11   0.0000000000000000        0.0000000000000000     
          85          11   0.0000000000000000        0.0000000000000000     
          90          11   0.0000000000000000        0.0000000000000000     
          95          11   0.0000000000000000        0.0000000000000000     
           0          12   0.0000000000000000        0.0000000000000000     
           5          12   0.0000000000000000        0.0000000000000000     
          10          12   0.0000000000000000        0.0000000000000000     
          15          12   0.0000000000000000        0.0000000000000000     
          20          12   0.0000000000000000        0.0000000000000000     
          25          12   0.0000000000000000        0.0000000000000000     
          30          12   0.0000000000000000        0.0000000000000000     
          35          12   0.0000000000000000        0.0000000000000000     
          40          12   0.0000000000000000        0.0000000000000000     
          45          12   0.0000000000000000        0.0000000000000000     
          50          12   0.0000000000000000        0.0000000000000000     
          55          12   0.0000000000000000        0.0000000000000000     
          60          12   0.0000000000000000        0.0000000000000000     
          65          12   0.0000000000000000        0.0000000000000000     
          70          12   0.0000000000000000        0.0000000000000000     
          75          12   0.0000000000000000        0.0000000000000000     
          80          12   0.0000000000000000        0.0000000000000000     
          85          12   0.0000000000000000        0.0000000000000000     
          90          12   0.0000000000000000        0.0000000000000000     
          95          12   0.0000000000000000        0.0000000000000000     
           0          13   0.0000000000000000        0.0000000000000000     
           5          13   0.0000000000000000        0.0000000000000000     
          10          13   0.0000000000000000        0.0000000000000000     
          15          13   0.0000000000000000        0.0000000000000000     
          20          13   0.0000000000000000        0.0000000000000000     
          25          13   0.0000000000000000        0.0000000000000000     
          30          13   0.0000000000000000        0.0000000000000000     
          35          13   0.0000000000000000        0.0000000000000000     
          40          13   0.0000000000000000        0.0000000000000000     
          45          13   0.0000000000000000        0.0000000000000000     
          50          13   0.0000000000000000        0.0000000000000000     
          55          13   0.0000000000000000        0.0000000000000000     
          60          13   0.0000000000000000        0.0000000000000000     
          65          13   0.0000000000000000        0.0000000000000000     
          70          13   0.0000000000000000        0.0000000000000000     
          75          13   0.0000000000000000        0.0000000000000000     
          80          13   0.0000000000000000        0.0000000000000000     
          85          13   0.0000000000000000        0.0000000000000000     
          90          13   0.0000000000000000        0.0000000000000000     
          95          13   0.0000000000000000        0.0000000000000000     
           0          14   0.0000000000000000        0.0000000000000000     
           5          14   0.0000000000000000        0.0000000000000000     
          10          14   0.0000000000000000        0.0000000000000000     
          15          14   0.0000000000000000        0.0000000000000000     
          20          14   0.0000000000000000        0.0000000000000000     
          25          14   0.0000000000000000        0.0000000000000000     
          30          14   0.0000000000000000        0.0000000000000000     
          35          14   0.0000000000000000        0.0000000000000000     
          40          14   0.0000000000000000        0.0000000000000000     
          45          14   0.0000000000000000        0.0000000000000000     
          50          14   0.0000000000000000        0.0000000000000000     
          55          14   0.0000000000000000        0.0000000000000000     
          60          14   0.0000000000000000        0.0000000000000000     
          65          14   0.0000000000000000        0.0000000000000000     
          70          14   0.0000000000000000        0.0000000000000000     
          75          14   0.0000000000000000        0.0000000000000000     
          80          14   0.0000000000000000        0.0000000000000000     
          85          14   0.0000000000000000        0.0000000000000000     
          90          14   0.0000000000000000        0.0000000000000000     
          95          14   0.0000000000000000        0.0000000000000000     
           0          15   0.0000000000000000        0.0000000000000000     
           5          15   0.0000000000000000        0.0000000000000000     
          10          15   0.0000000000000000        0.0000000000000000     
          15          15   0.0000000000000000        0.0000000000000000     
          20          15   0.0000000000000000        0.0000000000000000     
          25          15   0.0000000000000000        0.0000000000000000     
          30          15   0.0000000000000000        0.0000000000000000     
          35          15   0.0000000000000000        0.0000000000000000     
          40          15   0.0000000000000000        0.0000000000000000     
          45          15   0.0000000000000000        0.0000000000000000     
          50          15   0.0000000000000000        0.0000000000000000     
          55          15   0.0000000000000000        0.0000000000000000     
          60          15   0.0000000000000000        0.0000000000000000     
          65          15   0.0000000000000000        0.0000000000000000     
          70          15   0.0000000000000000        0.0000000000000000     
          75          15   0.0000000000000000        0.0000000000000000     
          80          15   0.0000000000000000        0.0000000000000000     
          85          15   0.0000000000000000        0.0000000000000000     
          90          15   0.0000000000000000        0.0000000000000000     
          95          15   0.0000000000000000        0.0000000000000000     
           0          16   0.0000000000000000        0.0000000000000000     
           5          16   0.0000000000000000        0.0000000000000000     
          10          16   0.0000000000000000        0.0000000000000000     
          15          16   0.0000000000000000        0.0000000000000000     
          20          16   0.0000000000000000        0.0000000000000000     
          25          16   0.0000000000000000        0.0000000000000000     
          30          16   0.0000000000000000        0.0000000000000000     
          35          16   0.0000000000000000        0.0000000000000000     
          40          16   0.0000000000000000        0.0000000000000000     
          45          16   0.0000000000000000        0.0000000000000000     
          50          16   0.0000000000000000        0.0000000000000000     
          55          16   0.0000000000000000        0.0000000000000000     
          60          16   0.0000000000000000        0.0000000000000000     
          65          16   0.0000000000000000        0.0000000000000000     
          70          16   0.0000000000000000        0.0000000000000000     
          75          16   0.0000000000000000        0.0000000000000000     
          80          16   0.0000000000000000        0.0000000000000000     
          85          16   0.0000000000000000        0.0000000000000000     
          90          16   0.0000000000000000        0.0000000000000000     
          95          16   0.0000000000000000        0.0000000000000000     
