           0           0   0.0000000000000000        0.0000000000000000     
           5           0   0.0000000000000000        0.0000000000000000     
          10           0   0.0000000000000000        0.0000000000000000     
          15           0   0.0000000000000000        0.0000000000000000     
          20           0   0.0000000000000000        0.0000000000000000     
          25           0   0.0000000000000000        0.0000000000000000     
          30           0   0.0000000000000000        0.0000000000000000     
          35           0   0.0000000000000000        0.0000000000000000     
          40           0   0.0000000000000000        0.0000000000000000     
          45           0   0.0000000000000000        0.0000000000000000     
          50           0   0.0000000000000000        0.0000000000000000     
          55           0   0.0000000000000000        0.0000000000000000     
          60           0   0.0000000000000000        0.0000000000000000     
          65           0   0.0000000000000000        0.0000000000000000     
          70           0   0.0000000000000000        0.0000000000000000     
          75           0   0.0000000000000000        0.0000000000000000     
          80           0   0.0000000000000000        0.0000000000000000     
          85           0   0.0000000000000000        0.0000000000000000     
          90           0   0.0000000000000000        0.0000000000000000     
          95           0   0.0000000000000000        0.0000000000000000     
           0           1 -0.70489666099821102      -0.47015080849810431     
           5           1 -0.51563480359728686        6.4483457662412036E-002
          10           1 -0.61152398301622668      -0.40626511341401716     
          15           1 -0.50428318622230961        9.4608553135033802E-002
          20           1 -0.62341260626652684      -0.42145270013005387     
          25           1 -0.48270678615125462       0.14273899211714181     
          30           1 -0.61945211054847960      -0.41711197013793999     
          35           1 -0.47245045465160729       0.11750125992082694     
          40           1 -0.60751224030042295      -0.40924014225285354     
          45           1 -0.47396068488581022       0.12246154903472473     
          50           1 -0.61466227606388202      -0.41626265368521764     
          55           1 -0.49345556636382071       0.12935068021691087     
          60           1 -0.65972004623660041      -0.45350135514987677     
          65           1 -0.50530379574809103       0.13068635714041932     
          70           1 -0.64738701816224875      -0.43788463216065665     
          75           1 -0.51598399778640669       0.12108764182117149     
          80           1 -0.67339560345658356      -0.45468046193208878     
          85           1 -0.57491715601543092        7.9179266566642426E-002
          90           1 -0.72836932396569409      -0.50087073594329290     
          95           1 -0.60278050632689428        6.3473704851046975E-002
           0           2 -0.55239910950133364        3.8923032823490189E-002
           5           2 -0.52063259529333550        5.7564199271720184E-002
          10           2 -0.51841570552824123        7.2501988175321941E-002
          15           2 -0.49187620661861331       0.10028909053660939     
          20           2 -0.48154171906844567       0.13259023878831044     
          25           2 -0.48027863961408457       0.16622410117239639     
          30           2 -0.45465767172458982       0.17475135722255786     
          35           2 -0.45548885946544715       0.13661475001258694     
          40           2 -0.45598996027962357       0.13593621124741162     
          45           2 -0.47459058233556561       0.14813232725785497     
          50           2 -0.47867859045425121       0.14760619565956645     
          55           2 -0.50863928350963761       0.15943144218155680     
          60           2 -0.50157564203345828       0.14448126907096182     
          65           2 -0.49919478662729944       0.15465404339387590     
          70           2 -0.48588529388382540       0.15618638049996747     
          75           2 -0.50847241816143196       0.13417205809940214     
          80           2 -0.52053387108230709       0.11692776527016946     
          85           2 -0.55080277604702133        6.8389551555192440E-002
          90           2 -0.56331411485643912        5.8797727855441906E-002
          95           2 -0.56165872166502595        3.0254157739051379E-002
           0           3 -0.53874762187614000        4.1536845878376027E-002
           5           3 -0.52626045037751368        5.3229527714471203E-002
          10           3 -0.51900121134984545        7.7290113689176820E-002
          15           3 -0.50295842813241620       0.10305249692255103     
          20           3 -0.48264476500747833       0.13506008475827613     
          25           3 -0.48337514337859488       0.16687325184561175     
          30           3 -0.45281573768818362       0.18244425621816163     
          35           3 -0.44336334205752337       0.15756364815766588     
          40           3 -0.46604803070948719       0.15535946508604681     
          45           3 -0.47621882011128491       0.16163575426331178     
          50           3 -0.51202445490616810       0.17756514390177003     
          55           3 -0.51307909327391599       0.16812291328438533     
          60           3 -0.52166713540913179       0.16985251974244164     
          65           3 -0.50611329250216386       0.16326775953645623     
          70           3 -0.48840773366976009       0.15982224901289754     
          75           3 -0.49334762437069912       0.14720681667856894     
          80           3 -0.51500576311980240       0.12068401166187570     
          85           3 -0.51449735387620876        8.3116686051543098E-002
          90           3 -0.52330649580767385        4.0788484412246362E-003
          95           3 -0.53841508773189162        2.8212301947938556E-002
           0           4  -1.0695866288780442        6.4325243291918355E-002
           5           4  -1.0482594308891535       0.10146217377826616     
          10           4  -1.0539704751533208       0.15428980501219769     
          15           4  -1.0272816721723643       0.21950510336044005     
          20           4 -0.98263746913573868       0.28609007429736266     
          25           4 -0.96086935474914981       0.33686567807222900     
          30           4 -0.90572725907733798       0.38404505197764394     
          35           4 -0.89550065833776671       0.35577998549918277     
          40           4 -0.92065346084524435       0.33476056088943551     
          45           4 -0.98213881397413161       0.35220129594115690     
          50           4  -1.0184526876244604       0.36221967955718526     
          55           4  -1.0195961071701731       0.36197537678805958     
          60           4  -1.0186784348320543       0.35662587689166969     
          65           4 -0.99322936328860578       0.35647239836844591     
          70           4 -0.96133316446866957       0.33640514718324965     
          75           4 -0.97748677966080777       0.31149920463935388     
          80           4 -0.99644450671121376       0.24771620767971569     
          85           4 -0.97452658451402385       0.14976172693081935     
          90           4  -1.0048006985385882        2.4129730977762165E-002
          95           4  -1.0392022515759436        3.9338321902171458E-002
           0           5 -0.52375475991128795        3.6210386684665252E-002
           5           5 -0.52313414392379798        5.5319290415134503E-002
          10           5 -0.53054329926638388        7.5742358065511439E-002
          15           5 -0.51949496626235714       0.11378251158600250     
          20           5 -0.50119923606928296       0.14675829763444170     
          25           5 -0.48338550149296111       0.17176819462338955     
          30           5 -0.46591386539063251       0.20177353531547482     
          35           5 -0.45672410749375558       0.19295356443294054     
          40           5 -0.46806340545657577       0.18458056350922902     
          45           5 -0.49927370817215433       0.18215818356370761     
          50           5 -0.50941330641762761       0.18747925788265007     
          55           5 -0.50697590527448710       0.18650184495427879     
          60           5 -0.50250408740737385       0.18827704880930440     
          65           5 -0.49282126497018908       0.18689239843272532     
          70           5 -0.47648939940359014       0.17418251093470616     
          75           5 -0.48095131866432439       0.15992871078118753     
          80           5 -0.47732007402601084       0.12480065549880237     
          85           5 -0.46312265631343053        7.0712278303908249E-002
          90           5 -0.46234185781202086        8.4589395354939256E-003
          95           5 -0.49576600780198987        2.3737008745250421E-002
           0           6 -0.50424261367310041        3.2141480694747315E-002
           5           6 -0.52150259993943848        5.5337158682000620E-002
          10           6 -0.52810318382334742        7.3823982615905948E-002
          15           6 -0.52160532824530037       0.11126603105982014     
          20           6 -0.51140704226071421       0.14669368517239434     
          25           6 -0.50533895857185485       0.16675655932552047     
          30           6 -0.47861284201644594       0.20499076231139668     
          35           6 -0.46360034673398332       0.20102134373090053     
          40           6 -0.47516220018195554       0.19211787933404167     
          45           6 -0.48948171432527943       0.18729241747283965     
          50           6 -0.50532908595357640       0.18949558535652500     
          55           6 -0.50885177085291389       0.19059530868670294     
          60           6 -0.50205990920204613       0.19315714375522930     
          65           6 -0.49356187567184406       0.19373966446245561     
          70           6 -0.47785872617112091       0.17913403709268749     
          75           6 -0.47517738813951382       0.16611727811532973     
          80           6 -0.46471718832208353       0.13203468965716780     
          85           6 -0.45272966076481680        7.5576525890852508E-002
          90           6 -0.44779231338054615        5.2343010903399545E-003
          95           6 -0.48863867199600008        2.2612589916093384E-002
           0           7 -0.49823969673123969        3.3559285568252051E-002
           5           7 -0.51362312914360331        5.9410978603402498E-002
          10           7 -0.52439979731921937        8.3009194873362446E-002
          15           7 -0.51689146241429285       0.11383425003064218     
          20           7 -0.52220021393267757       0.14937113780977285     
          25           7 -0.51528255276878099       0.17810635719595069     
          30           7 -0.48539587261586803       0.20679231990783364     
          35           7 -0.47070835218931961       0.20478788269162607     
          40           7 -0.48323988558252040       0.19937191197083592     
          45           7 -0.48979748378030763       0.19519632826980882     
          50           7 -0.50006385642120676       0.19768296316335920     
          55           7 -0.51001479398848915       0.19412378243988115     
          60           7 -0.50275227561513702       0.19882080399824531     
          65           7 -0.49173605681573918       0.19657256322691552     
          70           7 -0.47753998664745723       0.18092046859763400     
          75           7 -0.46986034504925556       0.16177401763073362     
          80           7 -0.45097425584117445       0.12545820524234585     
          85           7 -0.44063994344867297        6.7032709711867255E-002
          90           7 -0.44943826964072287        6.4231305074713418E-003
          95           7 -0.48568903196155588        2.3297948690270687E-002
           0           8 -0.49740650850713108        2.7606958914461188E-002
           5           8 -0.49751148234911113        5.9660444033937665E-002
          10           8 -0.51455831246549621        8.6854281109438602E-002
          15           8 -0.52252151458986873       0.11090440575678429     
          20           8 -0.53440180918684632       0.14239954939654353     
          25           8 -0.52856397520173459       0.17864993671068419     
          30           8 -0.49820154181645648       0.20338021115229310     
          35           8 -0.47244737469753773       0.21100241203164671     
          40           8 -0.48742056002026857       0.20360727225110509     
          45           8 -0.48655645279893633       0.20182495962473013     
          50           8 -0.49644923890923565       0.20723617683238160     
          55           8 -0.51142828887407177       0.19644386921591206     
          60           8 -0.50714540279273024       0.20193952465774601     
          65           8 -0.49364987305011709       0.20119340354618487     
          70           8 -0.47855270331353950       0.18451389824925002     
          75           8 -0.46739969427278538       0.16446299114569740     
          80           8 -0.44329391563735498       0.12948408643076448     
          85           8 -0.42721559978531332        7.2404252042801431E-002
          90           8 -0.40867991280890692        3.4726000235352217E-002
          95           8 -0.48597976444852975        1.6829284934516409E-002
           0           9 -0.49240059960375948        2.7191283402672184E-002
           5           9 -0.49140308644002317        6.4265232886384638E-002
          10           9 -0.51166389836154735        9.5803675614902772E-002
          15           9 -0.53596911688380544       0.11419398221690358     
          20           9 -0.54080999980499200       0.14190468309749349     
          25           9 -0.53246388501904107       0.18387638330175093     
          30           9 -0.50023923847675178       0.20309800513373943     
          35           9 -0.47396500942653574       0.21305717924136047     
          40           9 -0.48936993849224564       0.20348497850264380     
          45           9 -0.48985014601043986       0.20915392580533876     
          50           9 -0.49769178136926939       0.21414022134180755     
          55           9 -0.51275855724952635       0.19819451513747310     
          60           9 -0.50823538444433325       0.20436214923869045     
          65           9 -0.49212005436061190       0.19954075720640674     
          70           9 -0.47555293541279298       0.18359389421185313     
          75           9 -0.46262265939844838       0.16049619431690587     
          80           9 -0.43494659053067153       0.12348636937886681     
          85           9 -0.41194000942823550        6.6408390129168993E-002
          90           9 -0.40026345864419000        3.9240596079181955E-002
          95           9 -0.48693002312916178        1.6893657566185993E-002
           0          10   0.0000000000000000        0.0000000000000000     
           5          10   0.0000000000000000        0.0000000000000000     
          10          10   0.0000000000000000        0.0000000000000000     
          15          10   0.0000000000000000        0.0000000000000000     
          20          10   0.0000000000000000        0.0000000000000000     
          25          10   0.0000000000000000        0.0000000000000000     
          30          10   0.0000000000000000        0.0000000000000000     
          35          10   0.0000000000000000        0.0000000000000000     
          40          10   0.0000000000000000        0.0000000000000000     
          45          10   0.0000000000000000        0.0000000000000000     
          50          10   0.0000000000000000        0.0000000000000000     
          55          10   0.0000000000000000        0.0000000000000000     
          60          10   0.0000000000000000        0.0000000000000000     
          65          10   0.0000000000000000        0.0000000000000000     
          70          10   0.0000000000000000        0.0000000000000000     
          75          10   0.0000000000000000        0.0000000000000000     
          80          10   0.0000000000000000        0.0000000000000000     
          85          10   0.0000000000000000        0.0000000000000000     
          90          10   0.0000000000000000        0.0000000000000000     
          95          10   0.0000000000000000        0.0000000000000000     
           0          11   0.0000000000000000        0.0000000000000000     
           5          11   0.0000000000000000        0.0000000000000000     
          10          11   0.0000000000000000        0.0000000000000000     
          15          11   0.0000000000000000        0.0000000000000000     
          20          11   0.0000000000000000        0.0000000000000000     
          25          11   0.0000000000000000        0.0000000000000000     
          30          11   0.0000000000000000        0.0000000000000000     
          35          11   0.0000000000000000        0.0000000000000000     
          40          11   0.0000000000000000        0.0000000000000000     
          45          11   0.0000000000000000        0.0000000000000000     
          50          11   0.0000000000000000        0.0000000000000000     
          55          11   0.0000000000000000        0.0000000000000000     
          60          11   0.0000000000000000        0.0000000000000000     
          65          11   0.0000000000000000        0.0000000000000000     
          70          11   0.0000000000000000        0.0000000000000000     
          75          11   0.0000000000000000        0.0000000000000000     
          80          11   0.0000000000000000        0.0000000000000000     
          85          11   0.0000000000000000        0.0000000000000000     
          90          11   0.0000000000000000        0.0000000000000000     
          95          11   0.0000000000000000        0.0000000000000000     
           0          12   0.0000000000000000        0.0000000000000000     
           5          12   0.0000000000000000        0.0000000000000000     
          10          12   0.0000000000000000        0.0000000000000000     
          15          12   0.0000000000000000        0.0000000000000000     
          20          12   0.0000000000000000        0.0000000000000000     
          25          12   0.0000000000000000        0.0000000000000000     
          30          12   0.0000000000000000        0.0000000000000000     
          35          12   0.0000000000000000        0.0000000000000000     
          40          12   0.0000000000000000        0.0000000000000000     
          45          12   0.0000000000000000        0.0000000000000000     
          50          12   0.0000000000000000        0.0000000000000000     
          55          12   0.0000000000000000        0.0000000000000000     
          60          12   0.0000000000000000        0.0000000000000000     
          65          12   0.0000000000000000        0.0000000000000000     
          70          12   0.0000000000000000        0.0000000000000000     
          75          12   0.0000000000000000        0.0000000000000000     
          80          12   0.0000000000000000        0.0000000000000000     
          85          12   0.0000000000000000        0.0000000000000000     
          90          12   0.0000000000000000        0.0000000000000000     
          95          12   0.0000000000000000        0.0000000000000000     
           0          13   0.0000000000000000        0.0000000000000000     
           5          13   0.0000000000000000        0.0000000000000000     
          10          13   0.0000000000000000        0.0000000000000000     
          15          13   0.0000000000000000        0.0000000000000000     
          20          13   0.0000000000000000        0.0000000000000000     
          25          13   0.0000000000000000        0.0000000000000000     
          30          13   0.0000000000000000        0.0000000000000000     
          35          13   0.0000000000000000        0.0000000000000000     
          40          13   0.0000000000000000        0.0000000000000000     
          45          13   0.0000000000000000        0.0000000000000000     
          50          13   0.0000000000000000        0.0000000000000000     
          55          13   0.0000000000000000        0.0000000000000000     
          60          13   0.0000000000000000        0.0000000000000000     
          65          13   0.0000000000000000        0.0000000000000000     
          70          13   0.0000000000000000        0.0000000000000000     
          75          13   0.0000000000000000        0.0000000000000000     
          80          13   0.0000000000000000        0.0000000000000000     
          85          13   0.0000000000000000        0.0000000000000000     
          90          13   0.0000000000000000        0.0000000000000000     
          95          13   0.0000000000000000        0.0000000000000000     
           0          14   0.0000000000000000        0.0000000000000000     
           5          14   0.0000000000000000        0.0000000000000000     
          10          14   0.0000000000000000        0.0000000000000000     
          15          14   0.0000000000000000        0.0000000000000000     
          20          14   0.0000000000000000        0.0000000000000000     
          25          14   0.0000000000000000        0.0000000000000000     
          30          14   0.0000000000000000        0.0000000000000000     
          35          14   0.0000000000000000        0.0000000000000000     
          40          14   0.0000000000000000        0.0000000000000000     
          45          14   0.0000000000000000        0.0000000000000000     
          50          14   0.0000000000000000        0.0000000000000000     
          55          14   0.0000000000000000        0.0000000000000000     
          60          14   0.0000000000000000        0.0000000000000000     
          65          14   0.0000000000000000        0.0000000000000000     
          70          14   0.0000000000000000        0.0000000000000000     
          75          14   0.0000000000000000        0.0000000000000000     
          80          14   0.0000000000000000        0.0000000000000000     
          85          14   0.0000000000000000        0.0000000000000000     
          90          14   0.0000000000000000        0.0000000000000000     
          95          14   0.0000000000000000        0.0000000000000000     
           0          15   0.0000000000000000        0.0000000000000000     
           5          15   0.0000000000000000        0.0000000000000000     
          10          15   0.0000000000000000        0.0000000000000000     
          15          15   0.0000000000000000        0.0000000000000000     
          20          15   0.0000000000000000        0.0000000000000000     
          25          15   0.0000000000000000        0.0000000000000000     
          30          15   0.0000000000000000        0.0000000000000000     
          35          15   0.0000000000000000        0.0000000000000000     
          40          15   0.0000000000000000        0.0000000000000000     
          45          15   0.0000000000000000        0.0000000000000000     
          50          15   0.0000000000000000        0.0000000000000000     
          55          15   0.0000000000000000        0.0000000000000000     
          60          15   0.0000000000000000        0.0000000000000000     
          65          15   0.0000000000000000        0.0000000000000000     
          70          15   0.0000000000000000        0.0000000000000000     
          75          15   0.0000000000000000        0.0000000000000000     
          80          15   0.0000000000000000        0.0000000000000000     
          85          15   0.0000000000000000        0.0000000000000000     
          90          15   0.0000000000000000        0.0000000000000000     
          95          15   0.0000000000000000        0.0000000000000000     
           0          16   0.0000000000000000        0.0000000000000000     
           5          16   0.0000000000000000        0.0000000000000000     
          10          16   0.0000000000000000        0.0000000000000000     
          15          16   0.0000000000000000        0.0000000000000000     
          20          16   0.0000000000000000        0.0000000000000000     
          25          16   0.0000000000000000        0.0000000000000000     
          30          16   0.0000000000000000        0.0000000000000000     
          35          16   0.0000000000000000        0.0000000000000000     
          40          16   0.0000000000000000        0.0000000000000000     
          45          16   0.0000000000000000        0.0000000000000000     
          50          16   0.0000000000000000        0.0000000000000000     
          55          16   0.0000000000000000        0.0000000000000000     
          60          16   0.0000000000000000        0.0000000000000000     
          65          16   0.0000000000000000        0.0000000000000000     
          70          16   0.0000000000000000        0.0000000000000000     
          75          16   0.0000000000000000        0.0000000000000000     
          80          16   0.0000000000000000        0.0000000000000000     
          85          16   0.0000000000000000        0.0000000000000000     
          90          16   0.0000000000000000        0.0000000000000000     
          95          16   0.0000000000000000        0.0000000000000000     
