           0           0   0.0000000000000000        0.0000000000000000     
           5           0   0.0000000000000000        0.0000000000000000     
          10           0   0.0000000000000000        0.0000000000000000     
          15           0   0.0000000000000000        0.0000000000000000     
          20           0   0.0000000000000000        0.0000000000000000     
          25           0   0.0000000000000000        0.0000000000000000     
          30           0   0.0000000000000000        0.0000000000000000     
          35           0   0.0000000000000000        0.0000000000000000     
          40           0   0.0000000000000000        0.0000000000000000     
          45           0   0.0000000000000000        0.0000000000000000     
          50           0   0.0000000000000000        0.0000000000000000     
          55           0   0.0000000000000000        0.0000000000000000     
          60           0   0.0000000000000000        0.0000000000000000     
          65           0   0.0000000000000000        0.0000000000000000     
          70           0   0.0000000000000000        0.0000000000000000     
          75           0   0.0000000000000000        0.0000000000000000     
          80           0   0.0000000000000000        0.0000000000000000     
          85           0   0.0000000000000000        0.0000000000000000     
          90           0   0.0000000000000000        0.0000000000000000     
          95           0   0.0000000000000000        0.0000000000000000     
           0           1 -0.40286934009856057      -0.25313042110175488     
           5           1 -0.34067398704706875       0.13212847776222780     
          10           1 -0.47626409678258597      -0.28402480899858418     
          15           1 -0.39453187906879350       0.12009630596776510     
          20           1 -0.46977900693079278      -0.28015896850197564     
          25           1 -0.39159617335471353        8.3410936435601712E-002
          30           1 -0.46458015564354582      -0.29224824616647105     
          35           1 -0.40547853615180429        6.6575625262688121E-002
          40           1 -0.47248146781697642      -0.28615805788168025     
          45           1 -0.39482315116856626        5.0652216311286580E-002
          50           1 -0.44705796327093594      -0.26855103837375438     
          55           1 -0.39380022041513030        1.0974489745851912E-002
          60           1 -0.41424076648866048      -0.23343963372890464     
          65           1 -0.37284851899244131        1.6346831396285566E-002
          70           1 -0.45254068645306234      -0.27372934770841795     
          75           1 -0.42407479242001500        5.8997125117477012E-002
          80           1 -0.47266067355167252      -0.27648888756170997     
          85           1 -0.40374213575944395       0.11391873854682544     
          90           1 -0.51000443789916972      -0.31951130237350966     
          95           1 -0.33542247450668583       0.15166629013241284     
           0           2 -0.28868249506763810       0.22272553065416645     
           5           2 -0.33014381148444016       0.13806624578061033     
          10           2 -0.39334648984201692       0.15872587649123915     
          15           2 -0.42721077303298216       0.16041121308818518     
          20           2 -0.40758238139204650        9.1982796803780076E-002
          25           2 -0.42193957606073695       0.11933770577732261     
          30           2 -0.44974257074059665        4.9519895528593594E-002
          35           2 -0.45542088273009540        9.6409103074179825E-002
          40           2 -0.44686570035423756        2.5296384604800437E-002
          45           2 -0.41992835402737683        6.0151749954329148E-002
          50           2 -0.42503786943370869        9.4981213694111943E-003
          55           2 -0.41108921191579384        5.6446127527642886E-003
          60           2 -0.41246471553790798        6.5585380371047108E-003
          65           2 -0.41538020042253265        1.6817445036565459E-002
          70           2 -0.44397820722963388        2.4580444508703891E-002
          75           2 -0.41877677773527466        5.6323318777806719E-002
          80           2 -0.41611585999135059        9.1588893078586864E-002
          85           2 -0.39535911888322062       0.13028541684168005     
          90           2 -0.38630843455678132       0.17164264457969480     
          95           2 -0.33401256487763931       0.18051518294814883     
           0           3 -0.30330248429924489       0.21778390667748226     
           5           3 -0.27118022731809077       0.18378833529952843     
          10           3 -0.42543942232242671       0.18603736258615555     
          15           3 -0.43485395014641881       0.15995686234893114     
          20           3 -0.42970617196047556       0.15737427464745934     
          25           3 -0.40223198775279911       0.13353745620836577     
          30           3 -0.41286073257040812       0.10803917178225930     
          35           3 -0.42931766525811099       0.10891643925425853     
          40           3 -0.41204196811861493        6.5230507553248884E-002
          45           3 -0.41898002383078392        5.7723604673931561E-002
          50           3 -0.42241782630014768        1.0194421373732609E-002
          55           3 -0.43696397280967858       -5.6711884677262958E-003
          60           3 -0.44019224819891178        8.7304745566285646E-003
          65           3 -0.44125062288458139        2.0899231789606176E-003
          70           3 -0.44473900160824087        2.8709968791229556E-002
          75           3 -0.42347176140822285        5.2472470017939088E-002
          80           3 -0.41516190634638406        8.0918487708192544E-002
          85           3 -0.40991786093513838       0.12830929697393856     
          90           3 -0.39114649602822738       0.19020770299915668     
          95           3 -0.34693466808732865       0.18392195778815790     
           0           4 -0.65781771736772576       0.46214072531913786     
           5           4 -0.56558533737760541       0.42842491192018883     
          10           4 -0.81505142143001308       0.39378435718884219     
          15           4 -0.82198692870072421       0.36860319916787176     
          20           4 -0.81593597256457429       0.31819496115748080     
          25           4 -0.81939927401464274       0.27729687236188738     
          30           4 -0.80852103760520322       0.23817765830713711     
          35           4 -0.81412785501555618       0.18276383305426691     
          40           4 -0.78587097490867563       0.12480007009152416     
          45           4 -0.79227351289290482        9.1158420185699640E-002
          50           4 -0.84179826053798479        1.5012357499344375E-002
          55           4 -0.89137843794162563       -5.1529198952238175E-003
          60           4 -0.90264743096923894       -9.7815957156299760E-003
          65           4 -0.90282911571648583        7.2269606610220194E-003
          70           4 -0.90628407846793380        4.6825500508163032E-002
          75           4 -0.86073210702863889        9.6148409558516335E-002
          80           4 -0.84718461941690748       0.16187833866254664     
          85           4 -0.85885027324650309       0.28073475836887241     
          90           4 -0.78752027832251770       0.39387251468347984     
          95           4 -0.72518982598523962       0.41213191216638023     
           0           5 -0.34358183256644192       0.23101772966160894     
           5           5 -0.29550446186910051       0.23910486840250655     
          10           5 -0.38205266752910916       0.20231169213680289     
          15           5 -0.36772218916958366       0.18524757544824411     
          20           5 -0.38187985879289954       0.16548808907668189     
          25           5 -0.39646548778193846       0.13953818557510544     
          30           5 -0.41210387292878181       0.12051657134470872     
          35           5 -0.40051237451876887        8.5810235574967919E-002
          40           5 -0.38749357255341010        6.2548274715190644E-002
          45           5 -0.38104185158260861        4.0135604901792021E-002
          50           5 -0.41847407540984705        7.0597878831790695E-003
          55           5 -0.44496533210036660       -6.8130614083727892E-003
          60           5 -0.45282377598709900       -8.3763603297981604E-003
          65           5 -0.45689674216475851       -1.1498140128907153E-003
          70           5 -0.46456286113993883        1.8675524970923618E-002
          75           5 -0.44427811914715676        4.5785639311013426E-002
          80           5 -0.43952331800767297        8.3199664260291684E-002
          85           5 -0.44721386274204633       0.14810662644748618     
          90           5 -0.41378843697259526       0.20571296829530183     
          95           5 -0.39431939022449569       0.23179021051866755     
           0           6 -0.36074365022925603       0.22612927152998452     
           5           6 -0.30815862750444012       0.24918396953843569     
          10           6 -0.36942896308289619       0.20647972056586639     
          15           6 -0.36210585137474993       0.19285419380565827     
          20           6 -0.35905995940055391       0.15922600951956412     
          25           6 -0.38409925783966514       0.15109212836428298     
          30           6 -0.40691311877338876       0.11279576318745654     
          35           6 -0.39336173340842606        8.5039058759228681E-002
          40           6 -0.38603560735595011        6.6817775832284099E-002
          45           6 -0.37983435291266687        4.0963241954017349E-002
          50           6 -0.41133249204960975        2.2702038382504952E-003
          55           6 -0.43851483610524156       -4.6969104516847437E-003
          60           6 -0.44778256643951408       -1.0442548457056944E-002
          65           6 -0.45783750131533907       -4.6284899024584547E-003
          70           6 -0.47093633696704273        1.4115941029402279E-002
          75           6 -0.46064568635983960        3.9883147673336339E-002
          80           6 -0.45325403768003980        8.2183227023691074E-002
          85           6 -0.46144302380923818       0.14479463797290038     
          90           6 -0.43383601671109773       0.20579627056260819     
          95           6 -0.41680542778976815       0.24920823120666569     
           0           7 -0.36382496565623423       0.22693587661937187     
           5           7 -0.32082453741644201       0.25092703196172295     
          10           7 -0.36454155083909257       0.22535157532921346     
          15           7 -0.35782547966434208       0.20107282525216874     
          20           7 -0.35677760706676054       0.16351630768962622     
          25           7 -0.35820185793511428       0.13657254251953077     
          30           7 -0.37506446645352298       0.10233561388517387     
          35           7 -0.38237525171069819        9.1166845463952484E-002
          40           7 -0.38514274187662068        6.7250312634214993E-002
          45           7 -0.37050348339562333        3.3767057376898890E-002
          50           7 -0.40973012755074478        1.4076572929511144E-003
          55           7 -0.44103596305689052       -5.1314597593332678E-003
          60           7 -0.44468526017027443       -1.0859128880547075E-002
          65           7 -0.46497315025817443       -6.5794983283851138E-003
          70           7 -0.47712407535982493        1.5124492014351176E-002
          75           7 -0.47192561105191544        4.2285377728212836E-002
          80           7 -0.47257394612643111        8.9296065830524185E-002
          85           7 -0.47487927552936071       0.15191560287508565     
          90           7 -0.45160912883090987       0.21362275698155742     
          95           7 -0.43093806674221469       0.26288901755933125     
           0           8 -0.37781631137046023       0.22412584799624824     
           5           8 -0.33724465329232345       0.25316984530121545     
          10           8 -0.32308896211752369       0.22934669000385099     
          15           8 -0.35425363820174027       0.22134186473010686     
          20           8 -0.35733729058406993       0.17840414865410992     
          25           8 -0.36404114366561657       0.13470295098017004     
          30           8 -0.35638401438831124       0.11167966050606992     
          35           8 -0.36905097541506393        8.7214013548830849E-002
          40           8 -0.38179712593233717        7.0885642688978123E-002
          45           8 -0.37190838590106523        3.3069643743388610E-002
          50           8 -0.39859175728906848        8.7384762448294850E-003
          55           8 -0.44736046049820288       -3.1165537883737215E-003
          60           8 -0.44347374831943398       -1.2657946539817999E-002
          65           8 -0.46391770659681697       -3.9540963303608123E-003
          70           8 -0.48103325404724728        1.2231074215662829E-002
          75           8 -0.48078937091133866        3.8613213089178089E-002
          80           8 -0.48855890121046741        8.5114243457695693E-002
          85           8 -0.49124210015349945       0.14915162539708149     
          90           8 -0.47079776102521009       0.20625187002742962     
          95           8 -0.43970543742943846       0.26635515796513687     
           0           9 -0.38219312747111989       0.22788797957140616     
           5           9 -0.34291684731346805       0.25153748641315588     
          10           9 -0.31804960793913040       0.24119685217094400     
          15           9 -0.35025649848918761       0.22315293132457725     
          20           9 -0.35323488164706873       0.17662012251840054     
          25           9 -0.36661407056826079       0.13600136153257836     
          30           9 -0.36313674399934825       0.11388528553979427     
          35           9 -0.37153847795678985        9.8749155723609761E-002
          40           9 -0.37437415372210125        6.9144731913439728E-002
          45           9 -0.36113758703493204        2.1792104938356260E-002
          50           9 -0.39916363181902170        1.7839901378380318E-003
          55           9 -0.43385386355510036       -1.1800843573439579E-002
          60           9 -0.44168573541725209       -1.3903851749930141E-002
          65           9 -0.47704395960579404        4.4287280509536231E-003
          70           9 -0.48615826834463860        1.5352464286522149E-002
          75           9 -0.48931778657390623        4.2625568799081748E-002
          80           9 -0.51289225041273312        9.7322757115492209E-002
          85           9 -0.50110000351821782       0.15647942009699989     
          90           9 -0.48295872190351474       0.21098757747139985     
          95           9 -0.43349286251270769       0.26415249637423699     
           0          10   0.0000000000000000        0.0000000000000000     
           5          10   0.0000000000000000        0.0000000000000000     
          10          10   0.0000000000000000        0.0000000000000000     
          15          10   0.0000000000000000        0.0000000000000000     
          20          10   0.0000000000000000        0.0000000000000000     
          25          10   0.0000000000000000        0.0000000000000000     
          30          10   0.0000000000000000        0.0000000000000000     
          35          10   0.0000000000000000        0.0000000000000000     
          40          10   0.0000000000000000        0.0000000000000000     
          45          10   0.0000000000000000        0.0000000000000000     
          50          10   0.0000000000000000        0.0000000000000000     
          55          10   0.0000000000000000        0.0000000000000000     
          60          10   0.0000000000000000        0.0000000000000000     
          65          10   0.0000000000000000        0.0000000000000000     
          70          10   0.0000000000000000        0.0000000000000000     
          75          10   0.0000000000000000        0.0000000000000000     
          80          10   0.0000000000000000        0.0000000000000000     
          85          10   0.0000000000000000        0.0000000000000000     
          90          10   0.0000000000000000        0.0000000000000000     
          95          10   0.0000000000000000        0.0000000000000000     
           0          11   0.0000000000000000        0.0000000000000000     
           5          11   0.0000000000000000        0.0000000000000000     
          10          11   0.0000000000000000        0.0000000000000000     
          15          11   0.0000000000000000        0.0000000000000000     
          20          11   0.0000000000000000        0.0000000000000000     
          25          11   0.0000000000000000        0.0000000000000000     
          30          11   0.0000000000000000        0.0000000000000000     
          35          11   0.0000000000000000        0.0000000000000000     
          40          11   0.0000000000000000        0.0000000000000000     
          45          11   0.0000000000000000        0.0000000000000000     
          50          11   0.0000000000000000        0.0000000000000000     
          55          11   0.0000000000000000        0.0000000000000000     
          60          11   0.0000000000000000        0.0000000000000000     
          65          11   0.0000000000000000        0.0000000000000000     
          70          11   0.0000000000000000        0.0000000000000000     
          75          11   0.0000000000000000        0.0000000000000000     
          80          11   0.0000000000000000        0.0000000000000000     
          85          11   0.0000000000000000        0.0000000000000000     
          90          11   0.0000000000000000        0.0000000000000000     
          95          11   0.0000000000000000        0.0000000000000000     
           0          12   0.0000000000000000        0.0000000000000000     
           5          12   0.0000000000000000        0.0000000000000000     
          10          12   0.0000000000000000        0.0000000000000000     
          15          12   0.0000000000000000        0.0000000000000000     
          20          12   0.0000000000000000        0.0000000000000000     
          25          12   0.0000000000000000        0.0000000000000000     
          30          12   0.0000000000000000        0.0000000000000000     
          35          12   0.0000000000000000        0.0000000000000000     
          40          12   0.0000000000000000        0.0000000000000000     
          45          12   0.0000000000000000        0.0000000000000000     
          50          12   0.0000000000000000        0.0000000000000000     
          55          12   0.0000000000000000        0.0000000000000000     
          60          12   0.0000000000000000        0.0000000000000000     
          65          12   0.0000000000000000        0.0000000000000000     
          70          12   0.0000000000000000        0.0000000000000000     
          75          12   0.0000000000000000        0.0000000000000000     
          80          12   0.0000000000000000        0.0000000000000000     
          85          12   0.0000000000000000        0.0000000000000000     
          90          12   0.0000000000000000        0.0000000000000000     
          95          12   0.0000000000000000        0.0000000000000000     
           0          13   0.0000000000000000        0.0000000000000000     
           5          13   0.0000000000000000        0.0000000000000000     
          10          13   0.0000000000000000        0.0000000000000000     
          15          13   0.0000000000000000        0.0000000000000000     
          20          13   0.0000000000000000        0.0000000000000000     
          25          13   0.0000000000000000        0.0000000000000000     
          30          13   0.0000000000000000        0.0000000000000000     
          35          13   0.0000000000000000        0.0000000000000000     
          40          13   0.0000000000000000        0.0000000000000000     
          45          13   0.0000000000000000        0.0000000000000000     
          50          13   0.0000000000000000        0.0000000000000000     
          55          13   0.0000000000000000        0.0000000000000000     
          60          13   0.0000000000000000        0.0000000000000000     
          65          13   0.0000000000000000        0.0000000000000000     
          70          13   0.0000000000000000        0.0000000000000000     
          75          13   0.0000000000000000        0.0000000000000000     
          80          13   0.0000000000000000        0.0000000000000000     
          85          13   0.0000000000000000        0.0000000000000000     
          90          13   0.0000000000000000        0.0000000000000000     
          95          13   0.0000000000000000        0.0000000000000000     
           0          14   0.0000000000000000        0.0000000000000000     
           5          14   0.0000000000000000        0.0000000000000000     
          10          14   0.0000000000000000        0.0000000000000000     
          15          14   0.0000000000000000        0.0000000000000000     
          20          14   0.0000000000000000        0.0000000000000000     
          25          14   0.0000000000000000        0.0000000000000000     
          30          14   0.0000000000000000        0.0000000000000000     
          35          14   0.0000000000000000        0.0000000000000000     
          40          14   0.0000000000000000        0.0000000000000000     
          45          14   0.0000000000000000        0.0000000000000000     
          50          14   0.0000000000000000        0.0000000000000000     
          55          14   0.0000000000000000        0.0000000000000000     
          60          14   0.0000000000000000        0.0000000000000000     
          65          14   0.0000000000000000        0.0000000000000000     
          70          14   0.0000000000000000        0.0000000000000000     
          75          14   0.0000000000000000        0.0000000000000000     
          80          14   0.0000000000000000        0.0000000000000000     
          85          14   0.0000000000000000        0.0000000000000000     
          90          14   0.0000000000000000        0.0000000000000000     
          95          14   0.0000000000000000        0.0000000000000000     
           0          15   0.0000000000000000        0.0000000000000000     
           5          15   0.0000000000000000        0.0000000000000000     
          10          15   0.0000000000000000        0.0000000000000000     
          15          15   0.0000000000000000        0.0000000000000000     
          20          15   0.0000000000000000        0.0000000000000000     
          25          15   0.0000000000000000        0.0000000000000000     
          30          15   0.0000000000000000        0.0000000000000000     
          35          15   0.0000000000000000        0.0000000000000000     
          40          15   0.0000000000000000        0.0000000000000000     
          45          15   0.0000000000000000        0.0000000000000000     
          50          15   0.0000000000000000        0.0000000000000000     
          55          15   0.0000000000000000        0.0000000000000000     
          60          15   0.0000000000000000        0.0000000000000000     
          65          15   0.0000000000000000        0.0000000000000000     
          70          15   0.0000000000000000        0.0000000000000000     
          75          15   0.0000000000000000        0.0000000000000000     
          80          15   0.0000000000000000        0.0000000000000000     
          85          15   0.0000000000000000        0.0000000000000000     
          90          15   0.0000000000000000        0.0000000000000000     
          95          15   0.0000000000000000        0.0000000000000000     
           0          16   0.0000000000000000        0.0000000000000000     
           5          16   0.0000000000000000        0.0000000000000000     
          10          16   0.0000000000000000        0.0000000000000000     
          15          16   0.0000000000000000        0.0000000000000000     
          20          16   0.0000000000000000        0.0000000000000000     
          25          16   0.0000000000000000        0.0000000000000000     
          30          16   0.0000000000000000        0.0000000000000000     
          35          16   0.0000000000000000        0.0000000000000000     
          40          16   0.0000000000000000        0.0000000000000000     
          45          16   0.0000000000000000        0.0000000000000000     
          50          16   0.0000000000000000        0.0000000000000000     
          55          16   0.0000000000000000        0.0000000000000000     
          60          16   0.0000000000000000        0.0000000000000000     
          65          16   0.0000000000000000        0.0000000000000000     
          70          16   0.0000000000000000        0.0000000000000000     
          75          16   0.0000000000000000        0.0000000000000000     
          80          16   0.0000000000000000        0.0000000000000000     
          85          16   0.0000000000000000        0.0000000000000000     
          90          16   0.0000000000000000        0.0000000000000000     
          95          16   0.0000000000000000        0.0000000000000000     
