           0           0   0.0000000000000000        0.0000000000000000     
           5           0   0.0000000000000000        0.0000000000000000     
          10           0   0.0000000000000000        0.0000000000000000     
          15           0   0.0000000000000000        0.0000000000000000     
          20           0   0.0000000000000000        0.0000000000000000     
          25           0   0.0000000000000000        0.0000000000000000     
          30           0   0.0000000000000000        0.0000000000000000     
          35           0   0.0000000000000000        0.0000000000000000     
          40           0   0.0000000000000000        0.0000000000000000     
          45           0   0.0000000000000000        0.0000000000000000     
          50           0   0.0000000000000000        0.0000000000000000     
          55           0   0.0000000000000000        0.0000000000000000     
          60           0   0.0000000000000000        0.0000000000000000     
          65           0   0.0000000000000000        0.0000000000000000     
          70           0   0.0000000000000000        0.0000000000000000     
          75           0   0.0000000000000000        0.0000000000000000     
          80           0   0.0000000000000000        0.0000000000000000     
          85           0   0.0000000000000000        0.0000000000000000     
          90           0   0.0000000000000000        0.0000000000000000     
          95           0   0.0000000000000000        0.0000000000000000     
           0           1   0.0000000000000000        0.0000000000000000     
           5           1  -3.9327655474430401E-002   3.7396745658480057     
          10           1  -10.684550062212139       -5.9526985368751895     
          15           1  -9.7096959341236300       -3.7807451298310646     
          20           1   0.0000000000000000        0.0000000000000000     
          25           1 -0.38930180567220418       0.30054969929138586     
          30           1  -9.9992804213755448       -1.4462951098881405     
          35           1 -0.94544684650088584        6.1116286986684365     
          40           1   0.0000000000000000        0.0000000000000000     
          45           1  -2.1011240826140920       -8.8208078438078985     
          50           1   0.0000000000000000        0.0000000000000000     
          55           1  -8.7179705990791945        2.8978372314458767     
          60           1   0.0000000000000000        0.0000000000000000     
          65           1   0.0000000000000000        0.0000000000000000     
          70           1   0.0000000000000000        0.0000000000000000     
          75           1  -1.0567254641813406        5.1651798982366159     
          80           1   0.0000000000000000        0.0000000000000000     
          85           1  -3.6180088313386705       -1.0088170756317183     
          90           1  -4.6505114386974356       -3.7705828834067034     
          95           1   1.4674961825988930        2.0855880265524540     
           0           2  -8.5726945486180863       -5.4558569721274708     
           5           2  -7.8875940030798120        1.4461626937367633     
          10           2   0.0000000000000000        0.0000000000000000     
          15           2  -14.005216744443771       -2.2807541820313304     
          20           2  -7.3627366012374296       -2.1656386988055942     
          25           2  -8.8354301217563602        16.366255321695888     
          30           2  -17.127164697789965       -14.782640391355351     
          35           2  -4.7149159214399106       -4.7440552010868942     
          40           2  -13.217193225507629       -8.0383633283442890     
          45           2  -15.472063211632303       -2.8579692817998215     
          50           2  -7.8737877941392753      -0.52702504837576214     
          55           2  -15.565267466399746      -0.88110879437497402     
          60           2  -8.0190616964159744        1.5234782288353621     
          65           2  -10.654842284480992       0.14157725213737038     
          70           2  -10.273051023617086        4.2115480521465187     
          75           2  -6.2177533583707145        3.7303501479990508     
          80           2  -19.095514972775618       -4.8444362576161026     
          85           2  -16.070226619078198       -4.2507378554779152     
          90           2  -12.742850693925334       -2.4930243380660855     
          95           2  -15.877931059335992        1.1511417536347324     
           0           3   0.0000000000000000        0.0000000000000000     
           5           3  -13.447871156109237      -0.72526116402960028     
          10           3  -18.696005993827924       -1.1099206962494890     
          15           3  -18.550344673888830       -7.1360172702328306     
          20           3  -18.283210255418680        6.7030769179732275     
          25           3  -15.768056578977507       0.86300320209398151     
          30           3   0.0000000000000000        0.0000000000000000     
          35           3   0.0000000000000000        0.0000000000000000     
          40           3  -22.240446501307076       -5.2205535797389402     
          45           3  -13.554901222221361        4.0231401516188647     
          50           3  -6.6497395097542267        3.6520090841518638     
          55           3   0.0000000000000000        0.0000000000000000     
          60           3  -15.583950612807485       0.74833465369072982     
          65           3  -20.197602436127227       -10.225138513015875     
          70           3  -21.486202769338547       -2.7677512266111037     
          75           3  -19.153393387156825        1.1707787226900024     
          80           3  -17.292864213729331       0.34564714878726477     
          85           3  -24.011428817303226       -10.283869094518394     
          90           3  -21.138659006965099       -2.5210238596828916     
          95           3  -17.152546326784091        5.3479046699811406     
           0           4  -15.912646379098726        2.0835318726186713     
           5           4  -17.716296721670410       -4.4638797887364134     
          10           4  -25.203550564221189      -0.58243406782398921     
          15           4  -20.865725092971132        7.5858289871888473E-004
          20           4  -14.410703470417729        5.0505797143030051     
          25           4   0.0000000000000000        0.0000000000000000     
          30           4  -13.579710569118220       0.40250684602671782     
          35           4  -11.874281958483834        5.2449251249031548     
          40           4  -15.247679119525515       -1.5386821988139232     
          45           4  -7.1291073851398323        9.1965649285663531     
          50           4   0.0000000000000000        0.0000000000000000     
          55           4  -12.397681473004241      -0.25657805356349428     
          60           4   0.0000000000000000        0.0000000000000000     
          65           4   0.0000000000000000        0.0000000000000000     
          70           4   0.0000000000000000        0.0000000000000000     
          75           4  -28.346646417318766       -2.6986965093334092     
          80           4  -20.980970802568777       -2.6898827903698574     
          85           4   0.0000000000000000        0.0000000000000000     
          90           4   0.0000000000000000        0.0000000000000000     
          95           4  -20.250221607582830        6.1037161319932309     
           0           5   0.0000000000000000        0.0000000000000000     
           5           5  -23.635443093663611       -6.0892348177965516     
          10           5   0.0000000000000000        0.0000000000000000     
          15           5  -48.668436746890364        7.3794992587039587     
          20           5  -27.147653415013906       -2.9044258440125148     
          25           5  -21.903297702650093        9.3187498793900758     
          30           5   0.0000000000000000        0.0000000000000000     
          35           5   0.0000000000000000        0.0000000000000000     
          40           5   0.0000000000000000        0.0000000000000000     
          45           5  -23.194099915215816        1.2223217557183474     
          50           5   0.0000000000000000        0.0000000000000000     
          55           5  -30.482238104241333       -4.6931088339219329     
          60           5  -27.172056295441394       -3.5860567428747103     
          65           5  -26.394494866721629       -4.0325840197752427     
          70           5  -28.157387529361699       -5.0338402957672557     
          75           5   0.0000000000000000        0.0000000000000000     
          80           5   0.0000000000000000        0.0000000000000000     
          85           5  -25.037017616895696       -1.8564095219941734     
          90           5  -23.452121154505789        4.2742336289558480     
          95           5  -22.974648798950170        1.2750344992706886     
           0           6  -55.654808504493886        6.3425107488335186     
           5           6  -25.906570895366521      -0.24482824566351979     
          10           6  -21.391215710417910       -2.9133078007514968     
          15           6  -27.862536875105093      -0.13778264162933596     
          20           6   0.0000000000000000        0.0000000000000000     
          25           6   0.0000000000000000        0.0000000000000000     
          30           6  -21.725340351395062        3.7042724861846565     
          35           6  -29.528704813017725       -4.5962587181813674     
          40           6  -54.993933240083948       -3.2596931927741934     
          45           6  -25.240049684356336       -1.4010601811831336     
          50           6  -32.275132991657074       -5.4684638244806294     
          55           6  -33.198961644416158       -5.0895972145736934     
          60           6   0.0000000000000000        0.0000000000000000     
          65           6  -31.946854987481288      -0.16830116747801327     
          70           6  -32.145885554157871       -1.8403558574853207E-002
          75           6  -37.099996900380461       -4.8554584876070450     
          80           6  -27.822186218671163      -0.77844684945649334     
          85           6  -31.143353775675564        3.1911899569481150     
          90           6  -30.182656090929072       -5.7604331812166620     
          95           6  -30.493759850784841        2.3827135137022282     
           0           7   0.0000000000000000        0.0000000000000000     
           5           7   0.0000000000000000        0.0000000000000000     
          10           7  -31.310600193954485       -1.8085295809466828     
          15           7   0.0000000000000000        0.0000000000000000     
          20           7  -32.121148842101377       0.95790462264933041     
          25           7  -38.504102738876611        1.4885809774645153     
          30           7  -23.797875418729575       -1.3343287882117139     
          35           7  -32.465433661599263        2.0765770062647348     
          40           7   0.0000000000000000        0.0000000000000000     
          45           7  -28.300992527405811       -3.5679219674333851     
          50           7  -25.106038650761775      -0.48802779608170255     
          55           7  -29.907811987008870       -3.3553495266325228     
          60           7   0.0000000000000000        0.0000000000000000     
          65           7  -33.938701227711476        1.0936215139567551     
          70           7  -37.840430567470662        2.1206334954637640     
          75           7   0.0000000000000000        0.0000000000000000     
          80           7   0.0000000000000000        0.0000000000000000     
          85           7  -39.699550885998747        1.9054459377931821     
          90           7   0.0000000000000000        0.0000000000000000     
          95           7  -26.631406343611275       0.34272426902237640     
           0           8  -33.686036141176707       -3.5255912797627076     
           5           8   0.0000000000000000        0.0000000000000000     
          10           8  -35.479319601705583        5.6917879502904611E-002
          15           8  -32.557648736926126        4.7756575014634706     
          20           8   0.0000000000000000        0.0000000000000000     
          25           8  -36.329552138170129       -6.0266943845110887     
          30           8  -29.499149938025937        2.0601130546449298     
          35           8  -35.368800850861248        3.5457484210521528     
          40           8  -34.951000431817647        3.8816817343434451     
          45           8   0.0000000000000000        0.0000000000000000     
          50           8   0.0000000000000000        0.0000000000000000     
          55           8  -34.727083299053163       0.48244669935471052     
          60           8  -35.443521618461205       -4.2494525280023510     
          65           8  -34.422119751198466        3.4141614254945551     
          70           8  -40.270678833778106       -1.9027142850891465     
          75           8  -39.405195698449802       -3.9729303575430919     
          80           8  -28.491899044595925        1.6026967079962873     
          85           8  -31.261773403130633        1.1328752487038685     
          90           8  -37.123530729061827        1.1074954828949046     
          95           8  -37.244359140444772       -1.5528535677322708     
           0           9   0.0000000000000000        0.0000000000000000     
           5           9  -33.245123685765599        4.5590576386356219     
          10           9  -33.723102560951901        3.4073352174868177     
          15           9  -31.464863386023723        3.1640559466961093     
          20           9  -30.902378532182695        1.9729967221504552     
          25           9  -36.606317633758323        2.7778069429462704     
          30           9  -41.213835597737614       -1.9866289521086600     
          35           9  -34.521490077636940       -1.7561382953079629     
          40           9   0.0000000000000000        0.0000000000000000     
          45           9  -40.577712062344062        5.4393400890884180     
          50           9   0.0000000000000000        0.0000000000000000     
          55           9  -34.751025578287909        2.0644237877931459     
          60           9  -35.355224776338900        1.8397424298211007     
          65           9  -38.877711351545940       -2.0643215581372942E-003
          70           9   0.0000000000000000        0.0000000000000000     
          75           9  -38.398212632628770       -2.7129510214773944     
          80           9  -39.418235515498168        2.1533619538605109     
          85           9   0.0000000000000000        0.0000000000000000     
          90           9   0.0000000000000000        0.0000000000000000     
          95           9  -36.768001078755219       0.80951506542525919     
           0          10  -37.876165324071671       -1.3324923066893035     
           5          10   0.0000000000000000        0.0000000000000000     
          10          10  -39.727623843326398       -4.6819485077609357     
          15          10  -42.451498368460960        1.5726064188559263     
          20          10   0.0000000000000000        0.0000000000000000     
          25          10   0.0000000000000000        0.0000000000000000     
          30          10  -38.803795273807395       -1.1857901820544470     
          35          10   0.0000000000000000        0.0000000000000000     
          40          10  -42.155679075648322        3.8869293725785070     
          45          10   0.0000000000000000        0.0000000000000000     
          50          10  -34.649086594313872        2.4621805453772794     
          55          10  -39.170376763735248       0.64108902717130434     
          60          10  -41.365387466356651      -0.57880860539150092     
          65          10   0.0000000000000000        0.0000000000000000     
          70          10  -38.867598233522926        1.8002617236323459     
          75          10  -41.378201664130643       -3.3988706665777357     
          80          10  -40.891510816223331       -1.3876490862241297     
          85          10   0.0000000000000000        0.0000000000000000     
          90          10  -33.551079795230976      -0.95454970110431248     
          95          10  -40.686777442644484       0.44617480992492631     
           0          11  -45.505453663051142       -2.2496453719522691     
           5          11  -84.292883590664218       0.32309998329260736     
          10          11  -49.650680645072498       -2.2804667526177269     
          15          11  -40.446624641035100        5.4684233534363358     
          20          11  -45.563880758727748       -2.0520046365657407     
          25          11  -44.854561802196713      -0.46311611138882824     
          30          11   0.0000000000000000        0.0000000000000000     
          35          11  -42.217753035274086        1.3680134273652556     
          40          11  -40.569647869403980        1.7626628681899348     
          45          11  -45.045873105564738        2.8481989795015039     
          50          11   0.0000000000000000        0.0000000000000000     
          55          11  -45.485184132800782       -9.1913350326322529E-002
          60          11  -44.836954250939698       -1.7166553347092162     
          65          11   0.0000000000000000        0.0000000000000000     
          70          11  -37.700799175226507       -2.5768973703765852     
          75          11  -42.603974085508867       -3.7916155184181122     
          80          11   0.0000000000000000        0.0000000000000000     
          85          11   0.0000000000000000        0.0000000000000000     
          90          11  -39.593361570311458        1.4765759091250885     
          95          11  -44.492573179795158        1.4181821513847837     
           0          12  -46.487982573918949      -0.97794410108598129     
           5          12  -50.872947044919847      -0.57377978881056890     
          10          12   0.0000000000000000        0.0000000000000000     
          15          12  -41.802256386258563        2.9086389113519573     
          20          12  -44.337742638376199       -3.0892893373302144     
          25          12  -48.673049588039419       -1.0498773829414887     
          30          12  -46.386208522406491       -1.0985231378146665     
          35          12  -42.820163987400406       0.97444020734194225     
          40          12  -47.995323454301797        3.6973272886786646     
          45          12   0.0000000000000000        0.0000000000000000     
          50          12  -42.002699911805053       -2.4813121948241701E-002
          55          12  -40.177520570949810        2.1791608194288159     
          60          12  -43.362079794491137      -0.96930177979182019     
          65          12  -95.451897761762439       -4.5599191565948161     
          70          12   0.0000000000000000        0.0000000000000000     
          75          12  -49.791922839901304       0.61530192202674527     
          80          12  -42.362773766413397      -0.23870654776381173     
          85          12  -49.174582803530598       -2.0475440431066971     
          90          12  -47.365100401250970       -1.5939142997556388     
          95          12  -52.563758951791328      -0.33626994826896350     
           0          13   0.0000000000000000        0.0000000000000000     
           5          13   0.0000000000000000        0.0000000000000000     
          10          13  -47.598728022304471        2.1701205372703924     
          15          13   0.0000000000000000        0.0000000000000000     
          20          13  -42.433467751799014       -4.4627462917734562     
          25          13   0.0000000000000000        0.0000000000000000     
          30          13  -47.723775836843174       -1.0716536509125518     
          35          13  -46.092298879614191        4.0613902366803956     
          40          13   0.0000000000000000        0.0000000000000000     
          45          13   0.0000000000000000        0.0000000000000000     
          50          13  -47.204691502074070        2.3932218079547596     
          55          13  -47.506207407792544       0.29708645954862334     
          60          13   0.0000000000000000        0.0000000000000000     
          65          13  -48.182579084325994       -3.1781617065185230     
          70          13  -48.108229912529055       -1.3796249219577561     
          75          13  -49.323502542151232        1.9805214729817777     
          80          13  -48.773406843949374        1.6943185326656618     
          85          13   0.0000000000000000        0.0000000000000000     
          90          13  -45.162171906341086       -1.4405119482052697     
          95          13   0.0000000000000000        0.0000000000000000     
           0          14  -48.603106244189604        2.1734271966344920     
           5          14  -47.774738927910398        3.8313521228960923     
          10          14  -46.450871419772000        1.2949627647440565     
          15          14  -50.582130310345974      -0.51829450407048228     
          20          14   0.0000000000000000        0.0000000000000000     
          25          14  -47.868458285051929       -2.1431281511308242     
          30          14  -48.906298619790789        4.1872683897992147E-003
          35          14   0.0000000000000000        0.0000000000000000     
          40          14   0.0000000000000000        0.0000000000000000     
          45          14  -48.308613203857931       -2.3812176955484432     
          50          14   0.0000000000000000        0.0000000000000000     
          55          14   0.0000000000000000        0.0000000000000000     
          60          14  -44.613561555593151        1.0998013380270066     
          65          14   0.0000000000000000        0.0000000000000000     
          70          14  -52.266791016180036        4.5483942575241798     
          75          14   0.0000000000000000        0.0000000000000000     
          80          14  -42.424012102415531        2.5775770109692786     
          85          14  -47.414423124436667        3.2362825236109671     
          90          14   0.0000000000000000        0.0000000000000000     
          95          14   0.0000000000000000        0.0000000000000000     
           0          15  -50.421993664093165        2.0546960169287587     
           5          15   0.0000000000000000        0.0000000000000000     
          10          15   0.0000000000000000        0.0000000000000000     
          15          15   0.0000000000000000        0.0000000000000000     
          20          15   0.0000000000000000        0.0000000000000000     
          25          15   0.0000000000000000        0.0000000000000000     
          30          15   0.0000000000000000        0.0000000000000000     
          35          15   0.0000000000000000        0.0000000000000000     
          40          15   0.0000000000000000        0.0000000000000000     
          45          15   0.0000000000000000        0.0000000000000000     
          50          15  -46.072315768412864      -0.81853259975339654     
          55          15  -50.261113012055603        2.4968779804535046     
          60          15  -50.039941872412896       0.92301163776120632     
          65          15  -47.731144429192796        1.4999293811523984     
          70          15  -53.514982192766070        7.9155856597079577     
          75          15   0.0000000000000000        0.0000000000000000     
          80          15   0.0000000000000000        0.0000000000000000     
          85          15   0.0000000000000000        0.0000000000000000     
          90          15   0.0000000000000000        0.0000000000000000     
          95          15   0.0000000000000000        0.0000000000000000     
           0          16   0.0000000000000000        0.0000000000000000     
           5          16   0.0000000000000000        0.0000000000000000     
          10          16   0.0000000000000000        0.0000000000000000     
          15          16   0.0000000000000000        0.0000000000000000     
          20          16   0.0000000000000000        0.0000000000000000     
          25          16  -48.057142544806197        2.3661176347822277     
          30          16   0.0000000000000000        0.0000000000000000     
          35          16   0.0000000000000000        0.0000000000000000     
          40          16   0.0000000000000000        0.0000000000000000     
          45          16   0.0000000000000000        0.0000000000000000     
          50          16   0.0000000000000000        0.0000000000000000     
          55          16   0.0000000000000000        0.0000000000000000     
          60          16   0.0000000000000000        0.0000000000000000     
          65          16   0.0000000000000000        0.0000000000000000     
          70          16   0.0000000000000000        0.0000000000000000     
          75          16   0.0000000000000000        0.0000000000000000     
          80          16   0.0000000000000000        0.0000000000000000     
          85          16  -50.385626066216105        1.0070359100033954     
          90          16   0.0000000000000000        0.0000000000000000     
          95          16   0.0000000000000000        0.0000000000000000     
