           0           0   0.0000000000000000        0.0000000000000000     
           5           0   0.0000000000000000        0.0000000000000000     
          10           0   0.0000000000000000        0.0000000000000000     
          15           0   0.0000000000000000        0.0000000000000000     
          20           0   0.0000000000000000        0.0000000000000000     
          25           0   0.0000000000000000        0.0000000000000000     
          30           0   0.0000000000000000        0.0000000000000000     
          35           0   0.0000000000000000        0.0000000000000000     
          40           0   0.0000000000000000        0.0000000000000000     
          45           0   0.0000000000000000        0.0000000000000000     
          50           0   0.0000000000000000        0.0000000000000000     
          55           0   0.0000000000000000        0.0000000000000000     
          60           0   0.0000000000000000        0.0000000000000000     
          65           0   0.0000000000000000        0.0000000000000000     
          70           0   0.0000000000000000        0.0000000000000000     
          75           0   0.0000000000000000        0.0000000000000000     
          80           0   0.0000000000000000        0.0000000000000000     
          85           0   0.0000000000000000        0.0000000000000000     
          90           0   0.0000000000000000        0.0000000000000000     
          95           0   0.0000000000000000        0.0000000000000000     
           0           1   3.7825191766190089       0.64475385673778973     
           5           1   0.0000000000000000        0.0000000000000000     
          10           1   0.0000000000000000        0.0000000000000000     
          15           1  -11.135349561026686        8.6820641975060564     
          20           1  -6.7017844499517309       0.34619968577898064     
          25           1  -15.163294955797824        3.3250642179383227     
          30           1   0.0000000000000000        0.0000000000000000     
          35           1  -9.3742037955024671       -10.392266856376065     
          40           1  -13.749608969817473        7.6895527985842982     
          45           1  -10.613180533312061       -4.8713433784208782     
          50           1  -8.0317275927654919       -3.4428018614285349     
          55           1  -5.7548279377783729       0.86928373337791243     
          60           1  -4.9464090830042551        1.4651666949250242     
          65           1  -18.048015269513940       -12.775929843198419     
          70           1   0.0000000000000000        0.0000000000000000     
          75           1  -12.786623612370818        2.4089390222292728     
          80           1  -19.061827623332306       -8.2436870584290389     
          85           1  -9.5687280062151103        2.2131772442146591     
          90           1   0.0000000000000000        0.0000000000000000     
          95           1  -15.537097722884141       -4.6558293123233341     
           0           2  -14.570295490188844       -1.0617063628082235     
           5           2   0.0000000000000000        0.0000000000000000     
          10           2  -17.912272345110836       -2.2787106926314138     
          15           2  -15.032717346468161        8.8828146823249909     
          20           2   0.0000000000000000        0.0000000000000000     
          25           2  -16.976950098488430        1.1842602518896683     
          30           2  -15.367843034184148       -6.7625861490139272     
          35           2  -19.361530726058618       -4.8412713740830782     
          40           2  -18.488505000675559       -2.4851803278114204     
          45           2   0.0000000000000000        0.0000000000000000     
          50           2  -16.321053100796235       -2.4248017280448231     
          55           2  -15.870777492708044       0.43886263510373169     
          60           2  -9.7020060319152890       0.50971465296090201     
          65           2  -25.901580904914567        2.6498569342914280     
          70           2   0.0000000000000000        0.0000000000000000     
          75           2   0.0000000000000000        0.0000000000000000     
          80           2   0.0000000000000000        0.0000000000000000     
          85           2  -11.540591723147031       0.29657968548368885     
          90           2  -10.658476496487879       -4.4879234833405945     
          95           2  -27.714060734993495       -2.5700160811270578     
           0           3   0.0000000000000000        0.0000000000000000     
           5           3  -18.083412622895700      -0.98299746101648822     
          10           3   0.0000000000000000        0.0000000000000000     
          15           3   0.0000000000000000        0.0000000000000000     
          20           3   0.0000000000000000        0.0000000000000000     
          25           3   0.0000000000000000        0.0000000000000000     
          30           3  -27.261608359037126       -1.6162394795937729     
          35           3   0.0000000000000000        0.0000000000000000     
          40           3  -20.471154330437002       -4.5052356087094125     
          45           3  -22.775919354813823       0.76883856559462060     
          50           3   0.0000000000000000        0.0000000000000000     
          55           3  -14.143217540407704       -3.5835965349173549     
          60           3   0.0000000000000000        0.0000000000000000     
          65           3  -23.232634003207409       -2.4591150366282122     
          70           3  -21.988967010244664       -3.6997506192593121     
          75           3  -17.357931820569661        6.5978190551119198     
          80           3   0.0000000000000000        0.0000000000000000     
          85           3   0.0000000000000000        0.0000000000000000     
          90           3  -8.2826173809991133      -0.60212964188899321     
          95           3  -10.607444736336902       -2.4445433550157603     
           0           4  -24.195785125187829        4.7205534308547570     
           5           4  -24.816031585275233      -0.30798200767900852     
          10           4  -17.699433852405022        7.3511897248268454     
          15           4  -23.844232157905765       -3.5912306790075732     
          20           4  -25.946956890621209        9.8651191033694019     
          25           4  -13.292427641182769        8.3267797495389928     
          30           4   0.0000000000000000        0.0000000000000000     
          35           4  -24.520626517556821       0.31746220324535557     
          40           4  -22.336663941331381       -9.6755312783658454     
          45           4   0.0000000000000000        0.0000000000000000     
          50           4   0.0000000000000000        0.0000000000000000     
          55           4  -23.880000076417218       -3.8156447470560906     
          60           4  -26.236827360861525        2.2331605368153262     
          65           4   0.0000000000000000        0.0000000000000000     
          70           4   0.0000000000000000        0.0000000000000000     
          75           4  -22.890675460089938      -0.55060899470493752     
          80           4  -24.710962611678156       -4.1779553085463661     
          85           4  -19.534297056438277        12.965741744603854     
          90           4   0.0000000000000000        0.0000000000000000     
          95           4  -33.113671439011227        8.5318777364262743     
           0           5  -25.245522137671422        4.2868274963803188     
           5           5  -23.214527682307029        1.7214603950632679     
          10           5  -30.794378714507076       -3.8075423492811566     
          15           5  -28.684173801387658      -0.71264420760552838     
          20           5   0.0000000000000000        0.0000000000000000     
          25           5   0.0000000000000000        0.0000000000000000     
          30           5   0.0000000000000000        0.0000000000000000     
          35           5  -26.013981173704792       -2.3075262092486781     
          40           5  -24.614032316563339        7.2069267412322446     
          45           5   0.0000000000000000        0.0000000000000000     
          50           5  -27.730747491858665       -2.5416980692627433     
          55           5   0.0000000000000000        0.0000000000000000     
          60           5  -27.310108551077406       -3.4565685171861205     
          65           5  -24.626380143715210       -5.2185952626482290     
          70           5  -27.316072385232815       -2.9039653783025088     
          75           5   0.0000000000000000        0.0000000000000000     
          80           5   0.0000000000000000        0.0000000000000000     
          85           5  -29.084084192803061       -8.1034068733254472     
          90           5  -30.451527174975013       -1.8005180902624929     
          95           5  -30.435201482319485        11.708780477674985     
           0           6  -29.994570327635525       -4.3677053050084069     
           5           6   0.0000000000000000        0.0000000000000000     
          10           6   0.0000000000000000        0.0000000000000000     
          15           6   0.0000000000000000        0.0000000000000000     
          20           6  -30.466441867922356       -2.4112114376739768     
          25           6   0.0000000000000000        0.0000000000000000     
          30           6   0.0000000000000000        0.0000000000000000     
          35           6   0.0000000000000000        0.0000000000000000     
          40           6  -17.367893762525455        1.5055946444109125     
          45           6  -31.683774422788247        2.4897897865150398     
          50           6  -33.674677794834906        8.2183549107961440     
          55           6  -40.913657581924667        1.1320940780645827     
          60           6   0.0000000000000000        0.0000000000000000     
          65           6   0.0000000000000000        0.0000000000000000     
          70           6  -31.258385510355424        4.3803071867465349E-002
          75           6  -21.362850476478457       -2.9953512871250254     
          80           6  -32.125379582268465       -4.1100266693883114     
          85           6   0.0000000000000000        0.0000000000000000     
          90           6  -30.743370862893471      -0.43931666373175915     
          95           6  -26.410465380095616       -2.8649276261605294     
           0           7   0.0000000000000000        0.0000000000000000     
           5           7   0.0000000000000000        0.0000000000000000     
          10           7  -37.991386073699118        4.1968075324971821     
          15           7  -39.829318908033429       -5.0664426301461063     
          20           7   0.0000000000000000        0.0000000000000000     
          25           7  -36.140112481568565       -3.2806335383250840     
          30           7  -37.799784324690222       -4.9264986207075978     
          35           7   0.0000000000000000        0.0000000000000000     
          40           7  -38.935318174608824       -5.6972092690044107     
          45           7   0.0000000000000000        0.0000000000000000     
          50           7   0.0000000000000000        0.0000000000000000     
          55           7  -35.026805393485461       -2.4534740101689323     
          60           7  -32.973444503241467      -0.21094749745653729     
          65           7   0.0000000000000000        0.0000000000000000     
          70           7   0.0000000000000000        0.0000000000000000     
          75           7   0.0000000000000000        0.0000000000000000     
          80           7   0.0000000000000000        0.0000000000000000     
          85           7  -37.674760991492917       -2.7154898201420252     
          90           7   0.0000000000000000        0.0000000000000000     
          95           7   0.0000000000000000        0.0000000000000000     
           0           8  -44.624496682908465      -0.39590232648656354     
           5           8   0.0000000000000000        0.0000000000000000     
          10           8  -37.576697500476541       -2.3674111834370848     
          15           8  -38.182570706197794       0.83473996482119617     
          20           8  -32.601167550652121        1.7749777215225748     
          25           8  -41.792783923746413        2.9472603883018422     
          30           8  -34.498437216630151        3.0070713352703393     
          35           8  -29.714203081141477        7.7107746447158121     
          40           8  -39.574111059685890       -3.2312824734415102     
          45           8  -29.150225499705584       -3.6451681773730371     
          50           8  -42.162076983132124       -4.2690936584133254     
          55           8  -24.207935593523189        5.9055461353185734     
          60           8  -37.745580070556173        1.2700834752177315     
          65           8  -39.463780364812351        3.8781531472320552     
          70           8  -44.723828912154318        3.0775415997918998     
          75           8   0.0000000000000000        0.0000000000000000     
          80           8  -41.627517037099437       -1.2562449316089186     
          85           8  -39.109473014704577       -1.0685191659032256     
          90           8  -40.364533043160122      -0.22559612060213396     
          95           8  -30.769849339904454       0.38431821042017589     
           0           9  -38.270125092631503      -0.45461600119089951     
           5           9  -43.747334179884412       -3.6914846830971015     
          10           9  -40.339008102669993        1.0846291630617344     
          15           9   0.0000000000000000        0.0000000000000000     
          20           9  -43.741098975935699        2.5834169178384769     
          25           9  -44.718377726162828       -2.2989857157806881     
          30           9  -40.584441019486661       0.77524251954841361     
          35           9  -37.046268235343405        9.5647024895217925     
          40           9  -36.983586703911442        3.6673646498375234     
          45           9  -39.246731571083160        2.9097723013737919     
          50           9   0.0000000000000000        0.0000000000000000     
          55           9  -43.910467720706947       -1.5880759556186064     
          60           9  -41.211145015651596        4.8516677164567312     
          65           9   0.0000000000000000        0.0000000000000000     
          70           9  -42.468792141150402       -1.6211694069934168     
          75           9  -32.914960523555692        11.613928502773874     
          80           9  -40.521808723283925        7.5185260615651117     
          85           9  -37.301347649432159       -1.2500751447763747     
          90           9  -40.137640840427480       -1.1184535595898382     
          95           9  -36.671961649332729        1.3774569005331472     
           0          10  -50.950989011810385        1.7420229201103865     
           5          10   0.0000000000000000        0.0000000000000000     
          10          10  -45.635768190859238       0.19303112032353908     
          15          10   0.0000000000000000        0.0000000000000000     
          20          10  -45.756363537066136        7.2684551377388829     
          25          10  -44.333369635616293      -0.39096613032363337     
          30          10  -40.825495578999949       -1.0082806196987093     
          35          10  -44.910331478433818        4.0711706333329545     
          40          10   0.0000000000000000        0.0000000000000000     
          45          10  -33.784137089583055        7.1686933384373930     
          50          10  -40.126842634435889      -0.24718626362663088     
          55          10  -41.883360303600625        5.6531441558416162     
          60          10  -46.498431152173225       0.18142290259426375     
          65          10  -47.966126796055164       -3.9935573520022416     
          70          10   0.0000000000000000        0.0000000000000000     
          75          10  -43.047612582611805        8.9514555599023993E-002
          80          10   0.0000000000000000        0.0000000000000000     
          85          10  -48.571020692165234       -1.5537757006089947     
          90          10   0.0000000000000000        0.0000000000000000     
          95          10  -43.699973410014081       -1.9282142254084533     
           0          11  -46.914434950927060        1.4623671621638579     
           5          11  -51.646047209445989       -4.8521301838544417     
          10          11   0.0000000000000000        0.0000000000000000     
          15          11  -97.927740480656666       -2.2672186941719019     
          20          11  -47.324731762508065       -4.2407786850606755     
          25          11   0.0000000000000000        0.0000000000000000     
          30          11   0.0000000000000000        0.0000000000000000     
          35          11  -45.553201396302256      -0.69391346500857765     
          40          11  -42.794930442155987      -0.97615407407936061     
          45          11  -42.330686077534097        3.4419997326740059     
          50          11  -50.780236965124459       -2.1767912715464632     
          55          11   0.0000000000000000        0.0000000000000000     
          60          11   0.0000000000000000        0.0000000000000000     
          65          11  -43.828579955444980        4.3595454020373126     
          70          11  -44.126936994999255        4.7056066251638384     
          75          11  -50.287386897593933       -2.7539187184899561     
          80          11  -49.392420026777017       -3.8907534416665612     
          85          11   0.0000000000000000        0.0000000000000000     
          90          11  -44.407742036085551        4.2993611665220755     
          95          11   0.0000000000000000        0.0000000000000000     
           0          12  -47.071559143117696        1.3348053052286701     
           5          12   0.0000000000000000        0.0000000000000000     
          10          12  -51.150752677049383        2.1424906852463010     
          15          12  -50.310182812296489       -1.3148657055861435     
          20          12  -48.972328922367581       0.55831080824297885     
          25          12  -46.797153770832267      -0.17673974563869876     
          30          12  -49.290653986702182       -3.1604289895437176     
          35          12  -45.643247428799327       -1.5079992325173208     
          40          12  -46.119871984799943       -2.9004990982794965     
          45          12  -47.451641635447572        1.1603830799788994     
          50          12   0.0000000000000000        0.0000000000000000     
          55          12  -49.302398362414124       0.52762841462161703     
          60          12  -47.685338072724903       0.61333867951596233     
          65          12   0.0000000000000000        0.0000000000000000     
          70          12   0.0000000000000000        0.0000000000000000     
          75          12   0.0000000000000000        0.0000000000000000     
          80          12   0.0000000000000000        0.0000000000000000     
          85          12  -46.846886887408346       -1.4298236636811623     
          90          12  -49.713203130536954       -2.5785943491474228     
          95          12  -48.665926950874905       0.87189530639797397     
           0          13   0.0000000000000000        0.0000000000000000     
           5          13  -52.354943846517621      -0.70932392435274494     
          10          13   0.0000000000000000        0.0000000000000000     
          15          13   0.0000000000000000        0.0000000000000000     
          20          13   0.0000000000000000        0.0000000000000000     
          25          13   0.0000000000000000        0.0000000000000000     
          30          13  -51.284589515532275       -2.4821495040594499     
          35          13   0.0000000000000000        0.0000000000000000     
          40          13  -47.405275803598101       -3.2788324944821312     
          45          13  -51.822105260868057        1.8530454655785178     
          50          13  -49.434137826551705       -2.6727233436130149     
          55          13   0.0000000000000000        0.0000000000000000     
          60          13   0.0000000000000000        0.0000000000000000     
          65          13  -50.262480224532169       -3.7781462881181227     
          70          13  -50.091121953315110      -0.58959647820877592     
          75          13  -50.637193798408475      -0.81284145477589220     
          80          13  -52.258613707678592       -1.2705207141383568     
          85          13  -99.430696071038938       -2.3380328625677294     
          90          13  -44.884760151759906       -1.0104819992040603     
          95          13  -49.542876879158371      -0.57075970818054600     
           0          14  -49.874825571064036        1.2153961182281847     
           5          14  -53.145205758737823       -2.5281072994420839     
          10          14   0.0000000000000000        0.0000000000000000     
          15          14   0.0000000000000000        0.0000000000000000     
          20          14  -49.125892155430506       -4.5969544020252329E-002
          25          14  -48.065152334544337        3.3764742781006163     
          30          14  -52.111619018191391      -0.90935310807616077     
          35          14  -45.955130075157058       0.15209171971619639     
          40          14   0.0000000000000000        0.0000000000000000     
          45          14   0.0000000000000000        0.0000000000000000     
          50          14  -53.053179789088745        5.8128469256235604     
          55          14   0.0000000000000000        0.0000000000000000     
          60          14  -52.377938354410958      -0.63649994765491158     
          65          14  -52.754154237035777        4.4692552042224776     
          70          14   0.0000000000000000        0.0000000000000000     
          75          14   0.0000000000000000        0.0000000000000000     
          80          14  -50.511643605304357       0.94068475035236077     
          85          14   0.0000000000000000        0.0000000000000000     
          90          14  -51.224116554990928       0.16042390130088791     
          95          14  -51.887796477174675       0.53751088256781543     
           0          15   0.0000000000000000        0.0000000000000000     
           5          15   0.0000000000000000        0.0000000000000000     
          10          15   0.0000000000000000        0.0000000000000000     
          15          15  -48.390426327138414       -2.7768090970159420     
          20          15   0.0000000000000000        0.0000000000000000     
          25          15   0.0000000000000000        0.0000000000000000     
          30          15   0.0000000000000000        0.0000000000000000     
          35          15   0.0000000000000000        0.0000000000000000     
          40          15  -49.152396861060765        1.2429366605903880     
          45          15  -47.881446416653262        1.5710717159134191     
          50          15   0.0000000000000000        0.0000000000000000     
          55          15  -53.955158340386333        3.0686344427532930     
          60          15   0.0000000000000000        0.0000000000000000     
          65          15   0.0000000000000000        0.0000000000000000     
          70          15   0.0000000000000000        0.0000000000000000     
          75          15  -53.046590979874964        1.7969095369352317     
          80          15   0.0000000000000000        0.0000000000000000     
          85          15   0.0000000000000000        0.0000000000000000     
          90          15   0.0000000000000000        0.0000000000000000     
          95          15  -53.670058995649583       -1.2427022482608407     
           0          16  -47.590399885070745       -2.4119975125991289     
           5          16   0.0000000000000000        0.0000000000000000     
          10          16   0.0000000000000000        0.0000000000000000     
          15          16   0.0000000000000000        0.0000000000000000     
          20          16  -49.742928684999299        2.1080103091186686     
          25          16  -54.463605525612024       -2.5268224772823089     
          30          16  -53.365549902082421      -0.43841591017113046     
          35          16   0.0000000000000000        0.0000000000000000     
          40          16   0.0000000000000000        0.0000000000000000     
          45          16   0.0000000000000000        0.0000000000000000     
          50          16  -50.446668560866215        2.9931957800677367     
          55          16   0.0000000000000000        0.0000000000000000     
          60          16   0.0000000000000000        0.0000000000000000     
          65          16  -49.600867658838865       -3.4909348290135256     
          70          16   0.0000000000000000        0.0000000000000000     
          75          16  -48.654362296431941       -3.4306775367021203     
          80          16   0.0000000000000000        0.0000000000000000     
          85          16  -54.626581285290854       -1.4069486629075811     
          90          16   0.0000000000000000        0.0000000000000000     
          95          16   0.0000000000000000        0.0000000000000000     
