           0           0   0.0000000000000000        0.0000000000000000     
           5           0   0.0000000000000000        0.0000000000000000     
          10           0   0.0000000000000000        0.0000000000000000     
          15           0   0.0000000000000000        0.0000000000000000     
          20           0   0.0000000000000000        0.0000000000000000     
          25           0   0.0000000000000000        0.0000000000000000     
          30           0   0.0000000000000000        0.0000000000000000     
          35           0   0.0000000000000000        0.0000000000000000     
          40           0   0.0000000000000000        0.0000000000000000     
          45           0   0.0000000000000000        0.0000000000000000     
          50           0   0.0000000000000000        0.0000000000000000     
          55           0   0.0000000000000000        0.0000000000000000     
          60           0   0.0000000000000000        0.0000000000000000     
          65           0   0.0000000000000000        0.0000000000000000     
          70           0   0.0000000000000000        0.0000000000000000     
          75           0   0.0000000000000000        0.0000000000000000     
          80           0   0.0000000000000000        0.0000000000000000     
          85           0   0.0000000000000000        0.0000000000000000     
          90           0   0.0000000000000000        0.0000000000000000     
          95           0   0.0000000000000000        0.0000000000000000     
           0           1   0.0000000000000000        0.0000000000000000     
           5           1  -8.1275302066030619        4.8220701258538945     
          10           1  -12.763741907964032       -5.7315116397171906     
          15           1   0.0000000000000000        0.0000000000000000     
          20           1  -7.4233307389093284        10.182636955384794     
          25           1  -7.8170751918271719        9.1213321531335989     
          30           1  -13.693922842765716       0.37253412381588191     
          35           1   0.0000000000000000        0.0000000000000000     
          40           1  -10.083356123153919        4.0756707529843172     
          45           1  -4.6212496020459071        5.8029701109396647     
          50           1   0.0000000000000000        0.0000000000000000     
          55           1  -9.6201082507008095       -5.9405547795932101     
          60           1   1.6313499035902623       -1.8277922311726869     
          65           1   0.0000000000000000        0.0000000000000000     
          70           1   0.0000000000000000        0.0000000000000000     
          75           1  -9.9474871762339490       -4.0943581405783469     
          80           1   0.0000000000000000        0.0000000000000000     
          85           1   0.0000000000000000        0.0000000000000000     
          90           1   0.0000000000000000        0.0000000000000000     
          95           1  -12.250237782680529       -8.2793141257453406     
           0           2   0.0000000000000000        0.0000000000000000     
           5           2  -13.397027995041277       0.66592282583766149     
          10           2  -15.666414427517594        9.1304022284166564     
          15           2  -23.422944770814524        11.430013221338520     
          20           2   0.0000000000000000        0.0000000000000000     
          25           2  -12.178627977128542       -7.1503002306938512     
          30           2   0.0000000000000000        0.0000000000000000     
          35           2  -7.4151794615318067        1.1632223867863445     
          40           2   0.0000000000000000        0.0000000000000000     
          45           2   0.0000000000000000        0.0000000000000000     
          50           2  -16.562936879189749        2.5139097370385777     
          55           2   0.0000000000000000        0.0000000000000000     
          60           2  -13.759484130773103       -6.6547968096442034     
          65           2   0.0000000000000000        0.0000000000000000     
          70           2  -19.506161893403373       -5.7487042525883325     
          75           2   0.0000000000000000        0.0000000000000000     
          80           2   0.0000000000000000        0.0000000000000000     
          85           2   0.0000000000000000        0.0000000000000000     
          90           2   0.0000000000000000        0.0000000000000000     
          95           2  -5.7712406249521564       -3.3216561995752514     
           0           3  -22.384909613288176       -4.0948024964881924     
           5           3   0.0000000000000000        0.0000000000000000     
          10           3   0.0000000000000000        0.0000000000000000     
          15           3  -16.385845655051412       -2.7025449472484198     
          20           3  -20.573726108352730       -7.2187746809415643     
          25           3   0.0000000000000000        0.0000000000000000     
          30           3   0.0000000000000000        0.0000000000000000     
          35           3  -15.899019232392675        2.0006395311966685     
          40           3   0.0000000000000000        0.0000000000000000     
          45           3  -26.784167568862927       -1.8349308052290070     
          50           3   0.0000000000000000        0.0000000000000000     
          55           3   0.0000000000000000        0.0000000000000000     
          60           3  -25.766330059582288        1.2901972950318807     
          65           3   0.0000000000000000        0.0000000000000000     
          70           3  -15.235913448563565        1.2066632133178601     
          75           3  -23.723355192331042       -7.6711978614341092     
          80           3   0.0000000000000000        0.0000000000000000     
          85           3   0.0000000000000000        0.0000000000000000     
          90           3  -19.808273846777524       -5.8920004825901984     
          95           3  -18.515846259887780        3.6579377559142756     
           0           4   0.0000000000000000        0.0000000000000000     
           5           4   0.0000000000000000        0.0000000000000000     
          10           4  -34.166442277347997       -7.4018097680905726     
          15           4  -27.616914820836058       -4.1539637492915560     
          20           4   0.0000000000000000        0.0000000000000000     
          25           4   0.0000000000000000        0.0000000000000000     
          30           4  -17.717435576702911        4.7635506761123381     
          35           4   0.0000000000000000        0.0000000000000000     
          40           4  -8.1924297910518362        10.375815010248424     
          45           4  -27.183958673262509       -4.6771470464745946     
          50           4  -18.903443579816326        1.3756554204613636     
          55           4  -23.172657797090324       -4.9440057318816955     
          60           4  -20.791108332005592        1.7604855145014753     
          65           4  -20.664113440815868        3.6684793083274769E-002
          70           4  -25.640344166717455       -5.8967878400606466     
          75           4  -23.118185976827021      -0.48447312198884873     
          80           4   0.0000000000000000        0.0000000000000000     
          85           4   0.0000000000000000        0.0000000000000000     
          90           4  -28.978788661575550        2.4056311051401380     
          95           4  -22.706691669114321       0.53860868189037348     
           0           5  -51.141561150998541       -3.5769517836126141     
           5           5   0.0000000000000000        0.0000000000000000     
          10           5  -23.551908871173310        3.7284689151428907     
          15           5  -29.873481771938160        1.4351521413136226     
          20           5  -32.535332530834182       0.87337572707735234     
          25           5  -28.175359178206349       0.25891354756613083     
          30           5  -29.610307254941404       -5.5887483943051208     
          35           5  -20.303804702592743        7.0147534140163614     
          40           5  -28.385035602092046        13.999917512705906     
          45           5  -29.739791674927574        2.8967020047732106     
          50           5  -31.605216592254237       -2.7091599262973887     
          55           5   0.0000000000000000        0.0000000000000000     
          60           5   0.0000000000000000        0.0000000000000000     
          65           5  -24.895693463875546      -0.48489680106289512     
          70           5  -32.204099756043547       -1.8576580472595694     
          75           5   0.0000000000000000        0.0000000000000000     
          80           5   0.0000000000000000        0.0000000000000000     
          85           5  -28.473909206425674        2.6758408375782139     
          90           5   0.0000000000000000        0.0000000000000000     
          95           5  -30.290999250510708        3.8289457904872037     
           0           6  -33.795698807502944        1.2318399770583355     
           5           6   0.0000000000000000        0.0000000000000000     
          10           6  -33.871401300586967       -7.4870726620224204     
          15           6  -32.883468204865096       -5.2156586400942118     
          20           6   0.0000000000000000        0.0000000000000000     
          25           6  -31.625892559183910       0.43234198356945086     
          30           6  -32.220281103949588       -4.6150444283021841     
          35           6   0.0000000000000000        0.0000000000000000     
          40           6  -36.093817711559950      -0.73424189100723680     
          45           6   0.0000000000000000        0.0000000000000000     
          50           6  -33.389738097397981       -1.8303071983849506     
          55           6  -23.405076503948408        4.9252974599456323     
          60           6   0.0000000000000000        0.0000000000000000     
          65           6  -27.909257073090998        3.2508408341858086     
          70           6  -38.466956739071634       -1.3338837111787072     
          75           6  -30.901801541105556       -2.8867029523871324     
          80           6  -37.079037983360763       -4.3443532637388316     
          85           6   0.0000000000000000        0.0000000000000000     
          90           6  -37.640694936911245       -5.4490082314861965     
          95           6  -32.836340881132742       0.16204059525737335     
           0           7  -38.310612315875375        2.4437874783922453     
           5           7   0.0000000000000000        0.0000000000000000     
          10           7  -42.253699187444482        8.6021074567499412     
          15           7   0.0000000000000000        0.0000000000000000     
          20           7  -35.558663482611053        3.4028062427315930     
          25           7  -31.902126203497971      -0.61891811025116539     
          30           7  -38.702625189639406       0.57770873016060875     
          35           7  -35.857981700786468       -5.5449494622950013     
          40           7  -26.250591568626191        9.0364890916427854     
          45           7  -30.430216795807041       -3.8684359964813453     
          50           7  -37.424964368426572        2.3736063110790795     
          55           7  -35.625906192180423       -9.3839876504908659E-002
          60           7  -36.021397562322477      -0.25330647291266217     
          65           7  -38.259479878988145        1.0416026254089772     
          70           7   0.0000000000000000        0.0000000000000000     
          75           7  -29.238313831072560        4.4928625115270293     
          80           7  -39.866497316225491       -1.8086095323655016     
          85           7  -50.582623351758116       -3.2235757244203356     
          90           7   0.0000000000000000        0.0000000000000000     
          95           7  -36.594308300763601        2.2799687008712155     
           0           8   0.0000000000000000        0.0000000000000000     
           5           8  -35.105331505880244       -1.8774172440494397     
          10           8   0.0000000000000000        0.0000000000000000     
          15           8  -79.388104352364763       -6.7239401703478308     
          20           8  -36.170551126311068        2.2616861806223909     
          25           8   0.0000000000000000        0.0000000000000000     
          30           8  -41.521726104036816        1.1548814220407877     
          35           8  -42.501786975890354       0.95323068255659393     
          40           8   0.0000000000000000        0.0000000000000000     
          45           8  -40.784850222976843        6.7878614472416388     
          50           8  -35.597192767937713        1.7565419402920668     
          55           8  -45.307471052353776       -8.5372617464329892E-002
          60           8  -46.030207647120847        5.2058017486711350     
          65           8   0.0000000000000000        0.0000000000000000     
          70           8  -39.424336700548679       -9.4847800546915551E-003
          75           8  -38.922751072689721       -4.5370908145070388     
          80           8  -41.826078769915398       -2.4031219870046527     
          85           8   0.0000000000000000        0.0000000000000000     
          90           8   0.0000000000000000        0.0000000000000000     
          95           8  -35.902278199344551        6.3444589561800768     
           0           9  -41.021246082863506        1.2814916829473333     
           5           9   0.0000000000000000        0.0000000000000000     
          10           9  -84.386196502350685        1.1405051397872512     
          15           9   0.0000000000000000        0.0000000000000000     
          20           9  -45.196989028788437        2.3351027804707769E-002
          25           9  -43.944928862487131       -2.8934018966797481     
          30           9   0.0000000000000000        0.0000000000000000     
          35           9  -38.452790512621959        4.2322569507025065     
          40           9  -32.970850246343275       -7.0298108552080407E-002
          45           9  -37.406283973879795      -0.66898835197726214     
          50           9  -41.040396402394208       -1.3039872235243166     
          55           9  -44.866599182356026       -1.8526807260421663     
          60           9  -44.492867148662185        1.8177039373856729     
          65           9  -91.058984609162508       -1.6021887070039043     
          70           9  -40.622331459942984        1.1556163946124798     
          75           9   0.0000000000000000        0.0000000000000000     
          80           9  -42.728218669978446       -3.2293561824658923E-002
          85           9  -45.366582645769427       -2.0016502409259118     
          90           9   0.0000000000000000        0.0000000000000000     
          95           9  -43.126923389920080        1.4558888273707993     
           0          10  -45.356302619468657       -1.6022701676998707     
           5          10   0.0000000000000000        0.0000000000000000     
          10          10   0.0000000000000000        0.0000000000000000     
          15          10  -46.685652887070717       -1.1657381414753587     
          20          10   0.0000000000000000        0.0000000000000000     
          25          10   0.0000000000000000        0.0000000000000000     
          30          10  -48.297697550481189       -3.7704432232121832     
          35          10   0.0000000000000000        0.0000000000000000     
          40          10  -44.687462602368555       0.13285611447422241     
          45          10  -46.005509443887149       0.54232770470896696     
          50          10  -44.726570579882718       -2.8146973296383493     
          55          10   0.0000000000000000        0.0000000000000000     
          60          10  -47.271298545936702       -2.9290033714257646     
          65          10  -44.561249521208879        2.3325509416771695     
          70          10  -46.242631801334255       -1.3169837290138986     
          75          10  -42.640252169547921      -0.80678697429448221     
          80          10   0.0000000000000000        0.0000000000000000     
          85          10  -51.538870652692026       -1.7515287330116536     
          90          10  -49.219982144492747       0.87143027790226313     
          95          10   0.0000000000000000        0.0000000000000000     
           0          11  -48.567664339115858       -1.2037025108480037     
           5          11   0.0000000000000000        0.0000000000000000     
          10          11  -44.599337707822428        1.1732189602309262     
          15          11   0.0000000000000000        0.0000000000000000     
          20          11  -47.482008935197939       -3.0027134800558741     
          25          11  -48.046939584196480       -5.2447348461814869     
          30          11  -44.471762361144584       -1.8188244508721141     
          35          11  -46.666526852874313       -1.7150904875773421     
          40          11  -45.659613007700273        3.3330770129591514     
          45          11   0.0000000000000000        0.0000000000000000     
          50          11   0.0000000000000000        0.0000000000000000     
          55          11  -41.912792700244950       -3.1308575198973898     
          60          11  -50.885464469345720       -1.2372857641818058     
          65          11  -49.071413495269667       -1.8755183970409206     
          70          11  -48.570350066583501        1.0647502405181086     
          75          11  -49.067533923832229       -2.7018766544717465     
          80          11   0.0000000000000000        0.0000000000000000     
          85          11  -48.062533180441847       -1.9050388998298473     
          90          11  -48.984237290454757       -2.1796054558809175     
          95          11   0.0000000000000000        0.0000000000000000     
           0          12  -50.075251057221656        4.1143620153594185     
           5          12  -51.252088841295951       0.84494812417013065     
          10          12   0.0000000000000000        0.0000000000000000     
          15          12  -45.148175132130319        5.9267384211825203     
          20          12   0.0000000000000000        0.0000000000000000     
          25          12  -49.456473852025340       -3.2071769285746399     
          30          12  -47.140338321547404       0.85116070449586800     
          35          12  -50.081269472528334       0.30389128212071626     
          40          12   0.0000000000000000        0.0000000000000000     
          45          12   0.0000000000000000        0.0000000000000000     
          50          12  -47.410645841168275        2.1661249201532229     
          55          12  -45.775923982063205        7.3192509741915046E-003
          60          12  -51.287382251601343       -1.0518933169034739     
          65          12   0.0000000000000000        0.0000000000000000     
          70          12  -48.358171595523913       -3.2217818131119458     
          75          12   0.0000000000000000        0.0000000000000000     
          80          12  -44.719494186367115        3.3624721854774720     
          85          12   0.0000000000000000        0.0000000000000000     
          90          12  -49.460408818404744       -1.0475858496317159     
          95          12  -48.256564351802922        3.6360094602994053     
           0          13  -50.923921888948975      -0.40160503714581353     
           5          13  -52.012689085110253       0.52329565146003176     
          10          13   0.0000000000000000        0.0000000000000000     
          15          13  -49.824187505969064       0.33373865350405651     
          20          13  -48.926211779658502        3.1404255814226900     
          25          13  -49.398206834005975      -0.89763750270144271     
          30          13  -44.826069073025110        3.6879847416582123     
          35          13   0.0000000000000000        0.0000000000000000     
          40          13  -54.461939625412015       -1.3368288030957132     
          45          13  -55.092898906963228        1.5155753604023658     
          50          13  -48.729559128162236       -1.1637075279313791     
          55          13  -49.971342836698796        3.0255958334191035     
          60          13  -48.142686923497990        3.3053940822203032     
          65          13  -100.73976676267193        3.3241331006017560     
          70          13  -50.644912072854709      -0.20644849572981627     
          75          13   0.0000000000000000        0.0000000000000000     
          80          13  -55.853952479125724       -1.4188694209327224     
          85          13   0.0000000000000000        0.0000000000000000     
          90          13  -49.404999898214896      -0.77824115110480818     
          95          13  -50.030035690511454      -0.93923284674168883     
           0          14   0.0000000000000000        0.0000000000000000     
           5          14  -56.505190769553515       -2.9015018043754282     
          10          14   0.0000000000000000        0.0000000000000000     
          15          14  -52.278916617041205        1.3091876164939009     
          20          14   0.0000000000000000        0.0000000000000000     
          25          14  -51.788433635451270       -3.8271883499962911     
          30          14  -102.13329731087128       -2.4013129802469280     
          35          14  -51.262641006246668      -0.92623158058025012     
          40          14  -54.356458530122609        2.4764083163564266     
          45          14   0.0000000000000000        0.0000000000000000     
          50          14  -52.800225161462322      -0.64019178618757167     
          55          14   0.0000000000000000        0.0000000000000000     
          60          14   0.0000000000000000        0.0000000000000000     
          65          14   0.0000000000000000        0.0000000000000000     
          70          14  -48.234687826536060        4.3543604336182540     
          75          14  -51.503284683391826      -0.42121576732334631     
          80          14   0.0000000000000000        0.0000000000000000     
          85          14  -53.825093125610124        3.2100701583370750     
          90          14  -49.883340803873466       -1.4206245565606679     
          95          14   0.0000000000000000        0.0000000000000000     
           0          15  -58.367093891740772        1.1235898413364254     
           5          15   0.0000000000000000        0.0000000000000000     
          10          15   0.0000000000000000        0.0000000000000000     
          15          15   0.0000000000000000        0.0000000000000000     
          20          15  -54.045824269550735        2.0288349955155383     
          25          15   0.0000000000000000        0.0000000000000000     
          30          15   0.0000000000000000        0.0000000000000000     
          35          15   0.0000000000000000        0.0000000000000000     
          40          15   0.0000000000000000        0.0000000000000000     
          45          15  -48.836448060853854        4.6837406600186426     
          50          15   0.0000000000000000        0.0000000000000000     
          55          15  -55.887181200446889      -0.94890020908344752     
          60          15  -53.374561949155463      -0.17346784694005635     
          65          15  -56.483256917019276        1.0881416676600253     
          70          15   0.0000000000000000        0.0000000000000000     
          75          15  -54.596350572708729        2.3818674829012565     
          80          15  -56.681361727513035       -1.0331096998594802     
          85          15   0.0000000000000000        0.0000000000000000     
          90          15   0.0000000000000000        0.0000000000000000     
          95          15   0.0000000000000000        0.0000000000000000     
           0          16   0.0000000000000000        0.0000000000000000     
           5          16   0.0000000000000000        0.0000000000000000     
          10          16   0.0000000000000000        0.0000000000000000     
          15          16   0.0000000000000000        0.0000000000000000     
          20          16   0.0000000000000000        0.0000000000000000     
          25          16  -52.022845563683973       -1.1823316018855223     
          30          16   0.0000000000000000        0.0000000000000000     
          35          16   0.0000000000000000        0.0000000000000000     
          40          16   0.0000000000000000        0.0000000000000000     
          45          16   0.0000000000000000        0.0000000000000000     
          50          16   0.0000000000000000        0.0000000000000000     
          55          16   0.0000000000000000        0.0000000000000000     
          60          16   0.0000000000000000        0.0000000000000000     
          65          16   0.0000000000000000        0.0000000000000000     
          70          16   0.0000000000000000        0.0000000000000000     
          75          16   0.0000000000000000        0.0000000000000000     
          80          16   0.0000000000000000        0.0000000000000000     
          85          16   0.0000000000000000        0.0000000000000000     
          90          16  -50.404038168281318       -1.8386021753968862E-002
          95          16   0.0000000000000000        0.0000000000000000     
