           0           0   0.0000000000000000        0.0000000000000000     
           5           0   0.0000000000000000        0.0000000000000000     
          10           0   0.0000000000000000        0.0000000000000000     
          15           0   0.0000000000000000        0.0000000000000000     
          20           0   0.0000000000000000        0.0000000000000000     
          25           0   0.0000000000000000        0.0000000000000000     
          30           0   0.0000000000000000        0.0000000000000000     
          35           0   0.0000000000000000        0.0000000000000000     
          40           0   0.0000000000000000        0.0000000000000000     
          45           0   0.0000000000000000        0.0000000000000000     
          50           0   0.0000000000000000        0.0000000000000000     
          55           0   0.0000000000000000        0.0000000000000000     
          60           0   0.0000000000000000        0.0000000000000000     
          65           0   0.0000000000000000        0.0000000000000000     
          70           0   0.0000000000000000        0.0000000000000000     
          75           0   0.0000000000000000        0.0000000000000000     
          80           0   0.0000000000000000        0.0000000000000000     
          85           0   0.0000000000000000        0.0000000000000000     
          90           0   0.0000000000000000        0.0000000000000000     
          95           0   0.0000000000000000        0.0000000000000000     
           0           1  -7.7356187733351733       -5.1531841735075190     
           5           1  -4.3907302839896190       -4.9745491905794914     
          10           1  -3.4459642409068181       0.80534897774153791     
          15           1  -8.5419519663076926        10.909228826099238     
          20           1   0.0000000000000000        0.0000000000000000     
          25           1  -3.9016346374154409        1.2640074668412993     
          30           1   1.4764147498880220       0.26277039397060165     
          35           1  -12.846604307767961       -2.1940351900018307     
          40           1   0.0000000000000000        0.0000000000000000     
          45           1  0.58072257516528225       -1.3520217539420010     
          50           1  -5.1326942638496575       -5.5781160930368223     
          55           1  -10.007977109083299       -1.2254760079355442     
          60           1  -7.2072348668683617        1.6079048327788392     
          65           1 -0.85199808999902871        6.4983319548028717     
          70           1  -6.3837457812354614        1.5681441324755241     
          75           1  -3.7776104399966925        6.9741224317376727     
          80           1 -0.52348523830403337       0.28105814315670941     
          85           1  -1.0121008998709158        3.6302976294755318     
          90           1  -8.8784787043749702       -5.1301457846930631     
          95           1  -2.3702416809356919       -1.9310221237200942     
           0           2  -15.435396330105293      -0.36296808100910738     
           5           2  -15.419938173901748      -0.81294608942794611     
          10           2   0.0000000000000000        0.0000000000000000     
          15           2  -15.498952542252198       -7.2760930337656404     
          20           2  -9.6356380222317739       -5.3651125207387906     
          25           2  -4.1239224424316490        6.8942812784156260     
          30           2   0.0000000000000000        0.0000000000000000     
          35           2  -7.0809174394526053        4.0943970108120453     
          40           2  -11.284101569799532       -3.5557702303457006     
          45           2  -3.8572141482262623        2.4597894131916931     
          50           2  -5.7503263093394708       0.30962631019537667     
          55           2  -1.5721792406608870       0.11283798794226030     
          60           2  -12.895538306736398        1.1194584534512941     
          65           2  -8.4434215917639222       -4.1428410506672009     
          70           2  -15.564474341900336        9.1780726145929137     
          75           2   0.0000000000000000        0.0000000000000000     
          80           2   0.0000000000000000        0.0000000000000000     
          85           2  -6.0948809829852735        1.1592380840896865     
          90           2   0.0000000000000000        0.0000000000000000     
          95           2  -8.4654900152969503       -2.3668049477576503     
           0           3  -20.020632115220202       -2.9294954448699784     
           5           3   0.0000000000000000        0.0000000000000000     
          10           3  -18.678432281964419       -1.8412038463822000     
          15           3  -17.616588424607116        2.3681345188908409     
          20           3   0.0000000000000000        0.0000000000000000     
          25           3   0.0000000000000000        0.0000000000000000     
          30           3  -14.896800899855123       -2.7660426279174644     
          35           3   0.0000000000000000        0.0000000000000000     
          40           3  -17.441100457844527       0.84314913165073335     
          45           3  -24.739917031268988       -4.2312971622449069     
          50           3  -18.826201477182281       -1.2982630808400231     
          55           3  -12.819425964138986       -4.0708133607392227     
          60           3  -15.493154609842463        4.3821386115583394     
          65           3  -12.260252716984610       -4.9800262657528904     
          70           3   0.0000000000000000        0.0000000000000000     
          75           3  -17.132565436455138       -1.3011393859141407     
          80           3  -10.217653915631786        1.0452650686176845     
          85           3  -10.724445121041981        1.4433604238073272     
          90           3  -5.9464325280345065        6.5271847725023591     
          95           3  -17.194238947766394        4.8948592602693353     
           0           4  -15.616333595492998       -4.8401485811622180     
           5           4  -25.406677479598017       -2.4803441645371294     
          10           4  -19.338862813960134       -3.1822091330901969E-002
          15           4  -14.404798468721225        7.0220479021054771     
          20           4  -14.047121654527928       -3.5829262972209008     
          25           4  -15.628586704572456        3.6895486646359998     
          30           4  -18.724955682642985       -1.4415835786651954     
          35           4  -33.922112657123193       -3.3052848348447128     
          40           4   0.0000000000000000        0.0000000000000000     
          45           4   0.0000000000000000        0.0000000000000000     
          50           4  -22.412517136416454       -3.3815576754969712     
          55           4   0.0000000000000000        0.0000000000000000     
          60           4  -12.087190703766737       -2.2345404705736982     
          65           4  -21.815406764105205       -1.3654138166474539     
          70           4  -22.189703612482958      -0.23505699278114633     
          75           4   0.0000000000000000        0.0000000000000000     
          80           4  -18.737169063669512       -3.8154201491336082     
          85           4  -21.877868407571555      -0.23135569433119230     
          90           4   0.0000000000000000        0.0000000000000000     
          95           4  -20.960719324918387       0.69062196206726156     
           0           5  -25.022894963139287      -0.52263649862549499     
           5           5  -15.940559841776114        1.7664561491814723     
          10           5   0.0000000000000000        0.0000000000000000     
          15           5   0.0000000000000000        0.0000000000000000     
          20           5  -19.488503957560965       -1.5797334275857722     
          25           5  -38.546293516112939        1.4515610268661661     
          30           5  -18.840079918369668        2.7605032317801204E-002
          35           5  -21.764444950278516       -5.8348091483884090     
          40           5  -18.717534174328421       -1.3884534556174444     
          45           5   0.0000000000000000        0.0000000000000000     
          50           5  -19.771955836702659      -0.81083564117623297     
          55           5  -19.490637707590963       -3.1187285537237486     
          60           5  -19.806198528797836       0.72206836836397059     
          65           5  -27.044305791790180       -1.4882114041769867     
          70           5   0.0000000000000000        0.0000000000000000     
          75           5  -29.142068299208290       0.72292155472997166     
          80           5  -22.337169849251381      -0.77204638908145995     
          85           5  -23.567015613750186      -0.47776069653782116     
          90           5  -19.550018273051251      -0.69357553649673775     
          95           5   0.0000000000000000        0.0000000000000000     
           0           6  -29.992495902075309        3.6207336064331130     
           5           6  -26.730578680216333        5.1427922250946168     
          10           6  -16.756021898363116        2.8129880650018535     
          15           6  -24.667871706194333       -2.1959591253528643     
          20           6  -25.123497251406945        2.7831007253942275     
          25           6  -25.670359176253044        3.0228849028146598     
          30           6  -24.176634832286936       0.46445867604827384     
          35           6  -20.965555419820703       -3.6303543505544766     
          40           6  -28.149100625327605       0.85770234964588354     
          45           6  -25.253074812852105       -3.7815196539847662     
          50           6  -22.139404921261985       -1.0863739349042945     
          55           6  -45.917680825944274      -0.18975082401340160     
          60           6  -25.685790320864044        1.5570469650372232     
          65           6   0.0000000000000000        0.0000000000000000     
          70           6  -50.165289638215427        1.4212468823249225     
          75           6  -26.295199402355252        1.5912983268284719     
          80           6  -26.160485783677245       -5.6955432721217392E-002
          85           6  -29.962432190515642       -3.2856521620283630     
          90           6  -29.684417191262469        6.0673144237322063     
          95           6   0.0000000000000000        0.0000000000000000     
           0           7   0.0000000000000000        0.0000000000000000     
           5           7  -26.174180968348004        2.5917514625861671     
          10           7  -32.452953475630153        2.5826108898785449     
          15           7   0.0000000000000000        0.0000000000000000     
          20           7  -26.953856722471414       -2.5051561711242343     
          25           7   0.0000000000000000        0.0000000000000000     
          30           7  -22.095743736265661        7.3781049356336226     
          35           7  -26.677004746531452      -0.89245279347505146     
          40           7  -22.728979279733608        2.0368770385337243     
          45           7  -28.508398998283724       -1.4011294768856430E-002
          50           7  -22.541295589348920        2.0163131028150261     
          55           7  -24.997694970068096        1.2480037816553491     
          60           7  -24.455222417287814        5.0047739455472140     
          65           7  -30.297131796217514       -5.0358139298589677     
          70           7  -31.971206034953070       -3.8092704446990311     
          75           7  -25.913758800655273       0.25358435942646196     
          80           7  -57.853371511811247        2.4084070968122262     
          85           7   0.0000000000000000        0.0000000000000000     
          90           7  -29.004066333797596      -0.34858215784527857     
          95           7  -31.665915039766901        4.4683540241230446E-002
           0           8  -30.701048643039794       -2.2163738155533963     
           5           8  -30.175534538763316        5.0074760620777425     
          10           8  -27.578382974793314        1.8346346696418436     
          15           8  -28.772623544401910       0.78468591778069197     
          20           8   0.0000000000000000        0.0000000000000000     
          25           8  -24.783320223420446        9.1515338867598217     
          30           8   0.0000000000000000        0.0000000000000000     
          35           8  -30.061886019900896       0.98499546998809251     
          40           8   0.0000000000000000        0.0000000000000000     
          45           8  -27.382809921405737        2.6081082345275064     
          50           8  -30.871389287483453       -2.4309851379822334     
          55           8   0.0000000000000000        0.0000000000000000     
          60           8  -29.605158272367760       -5.4800737521976117     
          65           8  -28.585856869298709      -0.31535450886188698     
          70           8  -30.285821729947315       -1.4728406274056027     
          75           8  -31.796296016537440        5.4567118014592353     
          80           8   0.0000000000000000        0.0000000000000000     
          85           8  -33.307127141029014       -2.6779213774563715     
          90           8  -36.517786917684703       -3.2858520616674269     
          95           8  -32.179790505963979        2.3164895276206465     
           0           9   0.0000000000000000        0.0000000000000000     
           5           9  -33.878049592970250        2.6659887643720737     
          10           9  -28.092100510974660      -0.24470139913468358     
          15           9  -31.881469137955420       0.54555282010149142     
          20           9  -35.632097878384172       -3.6584472704515036     
          25           9   0.0000000000000000        0.0000000000000000     
          30           9  -29.956105504318487       -1.1138120563902731     
          35           9   0.0000000000000000        0.0000000000000000     
          40           9  -28.284058847738436      -0.69490147079243059     
          45           9  -35.769041558033621       -2.0328448668216481     
          50           9   0.0000000000000000        0.0000000000000000     
          55           9  -32.087281462906958       -1.9165541775034711     
          60           9   0.0000000000000000        0.0000000000000000     
          65           9  -33.102151329060803       -1.2589636495707879     
          70           9   0.0000000000000000        0.0000000000000000     
          75           9   0.0000000000000000        0.0000000000000000     
          80           9  -33.577358514307321      -0.73952463954363168     
          85           9   0.0000000000000000        0.0000000000000000     
          90           9  -36.923131237145412       -2.9082906355437643     
          95           9  -32.450697803412254      -0.27939051679304328     
           0          10  -30.928287799544815        2.1458553002862146     
           5          10  -35.457263662661553        1.3600966080229426     
          10          10   0.0000000000000000        0.0000000000000000     
          15          10   0.0000000000000000        0.0000000000000000     
          20          10   0.0000000000000000        0.0000000000000000     
          25          10  -32.640389235218947       -3.0815699898045779     
          30          10   0.0000000000000000        0.0000000000000000     
          35          10  -38.975715666538235        3.7293635176194329     
          40          10  -30.402200262926726        1.3871198282888741     
          45          10  -30.406243150622458       0.25640748874344865     
          50          10  -35.317238103189652       -1.2205400755416207     
          55          10  -36.679340552048245       0.89870493700239251     
          60          10  -38.399876017436441       -4.4859345739656220     
          65          10   0.0000000000000000        0.0000000000000000     
          70          10  -36.585975455167841        1.2450036582745128     
          75          10  -33.835855495070177        2.2936800551587311     
          80          10   0.0000000000000000        0.0000000000000000     
          85          10  -35.371695264032610       0.24795439235170136     
          90          10   0.0000000000000000        0.0000000000000000     
          95          10  -37.791222370557875       -2.0093432765033725     
           0          11  -40.666987101820041      -0.16812321159243027     
           5          11  -41.351085784242514      -0.72136919921916842     
          10          11  -40.489897658133600        6.1152858040625091     
          15          11  -37.241552384843501       -2.2818671062552198     
          20          11   0.0000000000000000        0.0000000000000000     
          25          11  -38.968506288874494       -2.2262379826099021     
          30          11  -36.105449817327440      -0.45279342319126670     
          35          11  -37.351227231070538       -1.6023112748886348     
          40          11   0.0000000000000000        0.0000000000000000     
          45          11   0.0000000000000000        0.0000000000000000     
          50          11   0.0000000000000000        0.0000000000000000     
          55          11   0.0000000000000000        0.0000000000000000     
          60          11  -38.187160676699250       0.37282510988667639     
          65          11  -38.660058451611690       -2.4835743281226286     
          70          11  -36.464871799708476       -1.9214100621223196     
          75          11   0.0000000000000000        0.0000000000000000     
          80          11   0.0000000000000000        0.0000000000000000     
          85          11  -32.903122210896640        3.2633456363395652     
          90          11  -41.017306230841655       -1.6588224825309084     
          95          11  -41.817614525925251       -1.1218070106355782     
           0          12   0.0000000000000000        0.0000000000000000     
           5          12  -37.692428510038845       -2.2378507750975274     
          10          12  -40.951827514144057      -0.33267422644200906     
          15          12  -43.508801821783294      -0.17660078817094416     
          20          12   0.0000000000000000        0.0000000000000000     
          25          12   0.0000000000000000        0.0000000000000000     
          30          12   0.0000000000000000        0.0000000000000000     
          35          12   0.0000000000000000        0.0000000000000000     
          40          12  -42.051003010286081       0.99314084773816091     
          45          12  -40.302166966412756      -0.77631401310007675     
          50          12   0.0000000000000000        0.0000000000000000     
          55          12  -37.881493005187394        1.7941097666795969     
          60          12   0.0000000000000000        0.0000000000000000     
          65          12  -40.432085828641107       0.88855595367753892     
          70          12  -37.358152484401330       0.49736342520922960     
          75          12  -35.381575125867926        3.3778862700462042     
          80          12   0.0000000000000000        0.0000000000000000     
          85          12  -43.272583955697996       -3.8992956293970593     
          90          12  -42.401978178148170       -3.8867632494810067     
          95          12   0.0000000000000000        0.0000000000000000     
           0          13  -41.897835032583259        1.9435735814088417     
           5          13   0.0000000000000000        0.0000000000000000     
          10          13   0.0000000000000000        0.0000000000000000     
          15          13   0.0000000000000000        0.0000000000000000     
          20          13   0.0000000000000000        0.0000000000000000     
          25          13  -41.176074355178116      -0.27012670948955986     
          30          13  -34.269200443510783       0.26538562864608650     
          35          13  -42.448436404001200        1.4030835168821199     
          40          13   0.0000000000000000        0.0000000000000000     
          45          13   0.0000000000000000        0.0000000000000000     
          50          13  -41.009435361658575       -2.7875486475448241     
          55          13  -41.140660693663733       -4.4632158759938534E-002
          60          13  -41.615352567490049       -2.5108285913066908     
          65          13   0.0000000000000000        0.0000000000000000     
          70          13   0.0000000000000000        0.0000000000000000     
          75          13  -37.133039010015523        5.1067512444813445     
          80          13   0.0000000000000000        0.0000000000000000     
          85          13  -40.288038215905431       -2.5774470104078517     
          90          13  -43.326944003112544        1.4726856834901270     
          95          13  -41.661846695220106       -2.0088472829993265     
           0          14   0.0000000000000000        0.0000000000000000     
           5          14  -41.541157494306979        3.7498842653516107     
          10          14  -43.286623536094027       -2.8806002103554107     
          15          14  -45.706472126951780       -2.6513811695938472     
          20          14   0.0000000000000000        0.0000000000000000     
          25          14   0.0000000000000000        0.0000000000000000     
          30          14  -34.879563174143868       0.57907782697874666     
          35          14  -43.753256142551322        1.9808359704587275     
          40          14  -41.591235574998109        1.3133912671481340     
          45          14  -44.881922649580019       -1.4317609035519041     
          50          14   0.0000000000000000        0.0000000000000000     
          55          14  -41.212616261425694        2.1581770547562940     
          60          14  -43.328638401263220       0.14635091887704732     
          65          14   0.0000000000000000        0.0000000000000000     
          70          14  -41.879312712680417        1.9426136142453032     
          75          14  -41.334616596699902        4.9666661611080798     
          80          14  -45.958001875376908      -0.70760190131302636     
          85          14  -39.849224411696582       -2.1516269032151314     
          90          14   0.0000000000000000        0.0000000000000000     
          95          14   0.0000000000000000        0.0000000000000000     
           0          15   0.0000000000000000        0.0000000000000000     
           5          15   0.0000000000000000        0.0000000000000000     
          10          15   0.0000000000000000        0.0000000000000000     
          15          15   0.0000000000000000        0.0000000000000000     
          20          15   0.0000000000000000        0.0000000000000000     
          25          15   0.0000000000000000        0.0000000000000000     
          30          15   0.0000000000000000        0.0000000000000000     
          35          15   0.0000000000000000        0.0000000000000000     
          40          15  -41.218129516877866        2.7987143434682338     
          45          15   0.0000000000000000        0.0000000000000000     
          50          15   0.0000000000000000        0.0000000000000000     
          55          15   0.0000000000000000        0.0000000000000000     
          60          15   0.0000000000000000        0.0000000000000000     
          65          15   0.0000000000000000        0.0000000000000000     
          70          15   0.0000000000000000        0.0000000000000000     
          75          15   0.0000000000000000        0.0000000000000000     
          80          15   0.0000000000000000        0.0000000000000000     
          85          15   0.0000000000000000        0.0000000000000000     
          90          15   0.0000000000000000        0.0000000000000000     
          95          15   0.0000000000000000        0.0000000000000000     
           0          16   0.0000000000000000        0.0000000000000000     
           5          16   0.0000000000000000        0.0000000000000000     
          10          16  -43.211915792653599       -1.4274262521674075     
          15          16   0.0000000000000000        0.0000000000000000     
          20          16   0.0000000000000000        0.0000000000000000     
          25          16   0.0000000000000000        0.0000000000000000     
          30          16   0.0000000000000000        0.0000000000000000     
          35          16   0.0000000000000000        0.0000000000000000     
          40          16   0.0000000000000000        0.0000000000000000     
          45          16   0.0000000000000000        0.0000000000000000     
          50          16   0.0000000000000000        0.0000000000000000     
          55          16   0.0000000000000000        0.0000000000000000     
          60          16   0.0000000000000000        0.0000000000000000     
          65          16   0.0000000000000000        0.0000000000000000     
          70          16   0.0000000000000000        0.0000000000000000     
          75          16   0.0000000000000000        0.0000000000000000     
          80          16   0.0000000000000000        0.0000000000000000     
          85          16   0.0000000000000000        0.0000000000000000     
          90          16   0.0000000000000000        0.0000000000000000     
          95          16   0.0000000000000000        0.0000000000000000     
