           0           0   0.0000000000000000        0.0000000000000000     
           5           0   0.0000000000000000        0.0000000000000000     
          10           0   0.0000000000000000        0.0000000000000000     
          15           0   0.0000000000000000        0.0000000000000000     
          20           0   0.0000000000000000        0.0000000000000000     
          25           0   0.0000000000000000        0.0000000000000000     
          30           0   0.0000000000000000        0.0000000000000000     
          35           0   0.0000000000000000        0.0000000000000000     
          40           0   0.0000000000000000        0.0000000000000000     
          45           0   0.0000000000000000        0.0000000000000000     
          50           0   0.0000000000000000        0.0000000000000000     
          55           0   0.0000000000000000        0.0000000000000000     
          60           0   0.0000000000000000        0.0000000000000000     
          65           0   0.0000000000000000        0.0000000000000000     
          70           0   0.0000000000000000        0.0000000000000000     
          75           0   0.0000000000000000        0.0000000000000000     
          80           0   0.0000000000000000        0.0000000000000000     
          85           0   0.0000000000000000        0.0000000000000000     
          90           0   0.0000000000000000        0.0000000000000000     
          95           0   0.0000000000000000        0.0000000000000000     
           0           1   0.0000000000000000        0.0000000000000000     
           5           1   0.0000000000000000        0.0000000000000000     
          10           1  -6.7444543186745420       -2.5900908401332856     
          15           1  -3.1586862555776918        2.6197166304164909     
          20           1   0.0000000000000000        0.0000000000000000     
          25           1   0.0000000000000000        0.0000000000000000     
          30           1   0.0000000000000000        0.0000000000000000     
          35           1   2.5647781617266219        2.0960394924074421     
          40           1   3.0535418711963302        2.3277490142303847     
          45           1  -8.7619344145650757       -2.1028685041102335     
          50           1  -7.6071784867792758        1.2284423872088723     
          55           1  -6.6295411131278570       -5.0710791477337480     
          60           1   0.0000000000000000        0.0000000000000000     
          65           1   0.0000000000000000        0.0000000000000000     
          70           1  -9.3053008856713859       -1.1338200781230157     
          75           1  -1.2650040602579793        3.8488383282475613     
          80           1  -14.804206399432474       -10.692305080270970     
          85           1  -8.3496738872668175        3.6789236427559047     
          90           1  -19.262792923413485      -0.95823695631436223     
          95           1  -13.758382257620383       -2.5527606370978617E-002
           0           2  -13.678985346149974       -1.6227532189994065     
           5           2   0.0000000000000000        0.0000000000000000     
          10           2   0.0000000000000000        0.0000000000000000     
          15           2  -12.645674015132613        5.4152305661991917     
          20           2  -20.538787525197222       -3.9472768707149442     
          25           2  -15.706399427095619      -0.29373239093022363     
          30           2   0.0000000000000000        0.0000000000000000     
          35           2   0.0000000000000000        0.0000000000000000     
          40           2  -5.9341402507584462        4.5959113473559299     
          45           2  -19.338222423996854       -3.9512011114561929     
          50           2   0.0000000000000000        0.0000000000000000     
          55           2  -19.434419137951409       -2.8948777133885883     
          60           2  -9.1560244162636195        14.985238959390745     
          65           2  -19.284721609054145       -8.3335590948685478     
          70           2  -5.0273094171160437      -0.77325256135907239     
          75           2  -10.365610192906161        5.5850719022765283     
          80           2  -16.873683198923572       -14.436843945797584     
          85           2   0.0000000000000000        0.0000000000000000     
          90           2  -11.899821406800015        7.0121054670169158     
          95           2   0.0000000000000000        0.0000000000000000     
           0           3  -17.739141306320484       -2.6781758181737558     
           5           3  -18.280433908208771       -2.3972992150023131     
          10           3  -21.234224088360065        6.3829111888136225     
          15           3  -23.060855836796179       -9.4353783932188406     
          20           3  -17.933384227291072        8.3741237080481312     
          25           3  -16.291442107672083        1.6831830307006967     
          30           3  -8.3483349989421640        3.2925596613608832E-002
          35           3  -11.584261040482602        6.1068873790581790     
          40           3  -16.102403496986994        6.8810142066766389     
          45           3   0.0000000000000000        0.0000000000000000     
          50           3  -22.533156781570085        1.1991640366804113     
          55           3   0.0000000000000000        0.0000000000000000     
          60           3   0.0000000000000000        0.0000000000000000     
          65           3  -23.100425710040895        5.9525893989409440     
          70           3   0.0000000000000000        0.0000000000000000     
          75           3  -19.206467572203678       0.47431226772420843     
          80           3   0.0000000000000000        0.0000000000000000     
          85           3  -3.4700182023783555      -0.75664667768648997     
          90           3   0.0000000000000000        0.0000000000000000     
          95           3  -13.544545181076728      -0.13007975972145758     
           0           4   0.0000000000000000        0.0000000000000000     
           5           4  -22.216334337410437      -0.13723378688101917     
          10           4   0.0000000000000000        0.0000000000000000     
          15           4   0.0000000000000000        0.0000000000000000     
          20           4   0.0000000000000000        0.0000000000000000     
          25           4   0.0000000000000000        0.0000000000000000     
          30           4  -23.306904175726118        2.2095122482523877     
          35           4  -26.445895828217658      -0.93347510854879800     
          40           4  -23.541378685223435       -1.5100924311139963     
          45           4  -8.1687744300040777        12.329381063174161     
          50           4   0.0000000000000000        0.0000000000000000     
          55           4  -13.752625958076692        3.4362259002351792     
          60           4  -24.047361041823478      -0.65048026508751633     
          65           4  -28.155872017734396       -5.9691141936335512     
          70           4  -31.701155895689226        13.373436606913813     
          75           4  -22.302252843431347       -7.5471270613158836     
          80           4   0.0000000000000000        0.0000000000000000     
          85           4  -22.220143465290221       -3.1351605658080928     
          90           4  -26.140784984747256       -1.8193570751234844     
          95           4   0.0000000000000000        0.0000000000000000     
           0           5  -19.549684219309359       0.75317830417365172     
           5           5   0.0000000000000000        0.0000000000000000     
          10           5   0.0000000000000000        0.0000000000000000     
          15           5  -27.681973016129291       -3.6868400566936188     
          20           5   0.0000000000000000        0.0000000000000000     
          25           5  -19.445613146515939       -2.4412297357612189     
          30           5  -24.992002391712731        2.9516710003862912     
          35           5  -27.137277829751838       -6.5789588994347170     
          40           5   0.0000000000000000        0.0000000000000000     
          45           5   0.0000000000000000        0.0000000000000000     
          50           5  -25.758674527267544       0.62164331387837279     
          55           5  -20.453099208239678       -2.2710732671571421     
          60           5   0.0000000000000000        0.0000000000000000     
          65           5  -33.595747446710789       -4.7368702697481169     
          70           5  -22.762277037955414        11.207988389281276     
          75           5  -23.196571155992274       -6.0545748112206255     
          80           5  -56.988878112349539        2.3183241064828053     
          85           5  -28.203292971227256        2.7348045425146239     
          90           5  -32.534577256271291       -6.6953846264938832     
          95           5  -22.292244246742143        10.349349820359954     
           0           6   0.0000000000000000        0.0000000000000000     
           5           6  -31.861322323911700       -1.6927190999771469     
          10           6   0.0000000000000000        0.0000000000000000     
          15           6  -25.517098969025653       -1.9483500770389739     
          20           6  -32.546083103355272       -5.3360048219319722     
          25           6  -25.750102388304441        3.5015573764596297     
          30           6  -32.222885348218711       -3.2527000431370467     
          35           6  -27.945411791279184       0.43920972161881622     
          40           6  -32.714280227992276       -6.0362521400358915     
          45           6  -27.919480705236310        3.6669595587879300     
          50           6  -31.024532577106356        4.3167233870411437     
          55           6  -35.088057573382514       -3.0805106702347373     
          60           6  -60.050632188506370        1.0113088409458015     
          65           6  -30.973489079073602       -3.1052957507116119     
          70           6  -33.414879254323182       -1.3272316028301034     
          75           6  -42.656914118808231       0.99437224447829209     
          80           6   0.0000000000000000        0.0000000000000000     
          85           6   0.0000000000000000        0.0000000000000000     
          90           6   0.0000000000000000        0.0000000000000000     
          95           6  -27.672599265287090        10.077989957073541     
           0           7  -29.171808218958759        4.7633053929008184     
           5           7  -33.077779601207169      -0.48494509841567890     
          10           7  -24.376711380043048        6.8103391645379929     
          15           7  -34.072674182361595       -6.3653479059810891     
          20           7  -32.587580272220862       -1.1095384836989908     
          25           7   0.0000000000000000        0.0000000000000000     
          30           7   0.0000000000000000        0.0000000000000000     
          35           7   0.0000000000000000        0.0000000000000000     
          40           7  -33.014355442588794        1.3518032164450133     
          45           7   0.0000000000000000        0.0000000000000000     
          50           7  -27.549880542352412       -1.4061757421890420     
          55           7  -34.071631280987447        11.138172190947593     
          60           7   0.0000000000000000        0.0000000000000000     
          65           7  -34.770795691585477      -0.81613100915145509     
          70           7  -35.978889955075033       -1.5648978958671123     
          75           7   0.0000000000000000        0.0000000000000000     
          80           7   0.0000000000000000        0.0000000000000000     
          85           7  -37.090900505276636        1.8480009896348903     
          90           7  -34.562392179466883        3.9478241435508821     
          95           7  -36.420016218130513       -2.2947859709443463     
           0           8   0.0000000000000000        0.0000000000000000     
           5           8   0.0000000000000000        0.0000000000000000     
          10           8  -42.597172676712702        3.5304830738880355     
          15           8   0.0000000000000000        0.0000000000000000     
          20           8  -35.284918104014906       -4.1211777896776880     
          25           8  -36.944499088207294        6.0966956329533417     
          30           8  -32.852208203806299       -2.0939724676427574     
          35           8   0.0000000000000000        0.0000000000000000     
          40           8   0.0000000000000000        0.0000000000000000     
          45           8   0.0000000000000000        0.0000000000000000     
          50           8  -40.522890192420391       -2.1472096208707825     
          55           8   0.0000000000000000        0.0000000000000000     
          60           8  -40.294347162799227       0.49638127458173642     
          65           8   0.0000000000000000        0.0000000000000000     
          70           8  -42.284854558332086       0.73833206287510222     
          75           8  -37.212678016729228      -0.19660819956079933     
          80           8  -35.550701296429565       -2.6858091801873485     
          85           8   0.0000000000000000        0.0000000000000000     
          90           8  -42.702480339542603       -4.9055386087903941     
          95           8  -42.277507124524050       -2.2660850301647883     
           0           9  -36.142676745129499        3.9933409443460022     
           5           9  -35.734198602672684        1.9666914248350764     
          10           9  -40.667119035582289       -3.8008079883855572     
          15           9  -39.079322466228916      -0.27162124296431500     
          20           9  -36.935792571810566       -4.3988619270418639     
          25           9  -38.748087409672394       0.92055773659005524     
          30           9  -43.491968089810484      -0.37439312689180326     
          35           9  -44.495621878510860       -5.7755337637122039     
          40           9  -40.947444864940508        3.5649576175078579     
          45           9  -32.331043944360260        3.5429966808031566     
          50           9  -44.248648117246603       0.35386451995300661     
          55           9   0.0000000000000000        0.0000000000000000     
          60           9   0.0000000000000000        0.0000000000000000     
          65           9  -34.403526168418352        6.1685147008105901E-002
          70           9   0.0000000000000000        0.0000000000000000     
          75           9  -32.389817533484688        3.1359156229182616     
          80           9  -44.065511531741208      -0.19292821376915015     
          85           9  -35.602764607176596        5.6322899045202490     
          90           9  -43.105666158211875        1.9461895354044856     
          95           9   0.0000000000000000        0.0000000000000000     
           0          10  -44.391382054522616      -0.30285166569221644     
           5          10   0.0000000000000000        0.0000000000000000     
          10          10  -45.510999815343567        1.0075708997803190     
          15          10  -42.907986996327807       -3.2398760616558775     
          20          10  -41.717295053782522       -5.0197745443636421     
          25          10   0.0000000000000000        0.0000000000000000     
          30          10   0.0000000000000000        0.0000000000000000     
          35          10  -45.748516598749234       -1.4286204866120755     
          40          10   0.0000000000000000        0.0000000000000000     
          45          10  -38.965720993999753        1.8421251742051226     
          50          10  -44.020615771032112        3.3662882576468434     
          55          10   0.0000000000000000        0.0000000000000000     
          60          10  -43.179883410537911       0.27417870209767159     
          65          10  -42.980176805471615        4.0644731267303058     
          70          10  -46.766229963068895        7.9960615768914778     
          75          10   0.0000000000000000        0.0000000000000000     
          80          10   0.0000000000000000        0.0000000000000000     
          85          10  -41.473246224015270       -2.3787268261354910     
          90          10  -41.310654368587052       0.84931574638069662     
          95          10  -43.270020078622906      -0.21490417773328829     
           0          11  -43.428240256787042        6.4331954233853850     
           5          11  -38.662020553483778       0.62160196663718637     
          10          11   0.0000000000000000        0.0000000000000000     
          15          11   0.0000000000000000        0.0000000000000000     
          20          11  -44.659406849021366       0.78809488390341187     
          25          11  -44.028477667250598       -2.3830255299905900     
          30          11  -45.972577257451519       -2.0848372593906817     
          35          11  -44.123267679339051       -1.2995312210417609     
          40          11   0.0000000000000000        0.0000000000000000     
          45          11  -41.560425857412042        1.3782348084756535     
          50          11  -47.016360041567395       -2.6881851165061477     
          55          11  -47.466343120490251      -0.73090816116838653     
          60          11   0.0000000000000000        0.0000000000000000     
          65          11  -48.401020734090139       -6.2354004186282452     
          70          11   0.0000000000000000        0.0000000000000000     
          75          11   0.0000000000000000        0.0000000000000000     
          80          11  -48.333623378837842       -3.7900004732360770     
          85          11   0.0000000000000000        0.0000000000000000     
          90          11  -41.804042227582272      -0.61376074323327146     
          95          11   0.0000000000000000        0.0000000000000000     
           0          12  -49.173513531886591        6.0211605785287503     
           5          12  -48.250177593183174        2.4533903161572113     
          10          12  -45.034977294111656        2.5410556450911059     
          15          12  -44.518025728343957       -1.0164400383327887     
          20          12   0.0000000000000000        0.0000000000000000     
          25          12   0.0000000000000000        0.0000000000000000     
          30          12  -50.567785507773522       -2.0190633291239379     
          35          12  -45.727104996942103      -0.82992662586711674     
          40          12   0.0000000000000000        0.0000000000000000     
          45          12  -45.714234051104086       -2.4084743822694321     
          50          12  -52.713246631199695       -3.2824023146904580     
          55          12  -46.361382101522963        4.8105377138885075     
          60          12  -46.481311990547169        1.3932347798029099     
          65          12  -45.777508647049103        2.5336851447654851     
          70          12   0.0000000000000000        0.0000000000000000     
          75          12  -48.533565038937354       -3.1332200923284148     
          80          12   0.0000000000000000        0.0000000000000000     
          85          12   0.0000000000000000        0.0000000000000000     
          90          12  -46.697460010918235       -1.9264584614209213     
          95          12  -45.773401442588124        1.5291362220271054     
           0          13   0.0000000000000000        0.0000000000000000     
           5          13  -43.565349871190762      -0.31602514789952352     
          10          13  -46.981722913361779      -0.61022067067817432     
          15          13  -46.673796390823696       -1.3209561843385842     
          20          13   0.0000000000000000        0.0000000000000000     
          25          13   0.0000000000000000        0.0000000000000000     
          30          13  -47.593896765150134       0.79558310823735212     
          35          13   0.0000000000000000        0.0000000000000000     
          40          13   0.0000000000000000        0.0000000000000000     
          45          13  -50.963490854840643        2.4244273992568566     
          50          13   0.0000000000000000        0.0000000000000000     
          55          13  -48.167527299796120        2.5884089627314921     
          60          13   0.0000000000000000        0.0000000000000000     
          65          13   0.0000000000000000        0.0000000000000000     
          70          13  -53.564969154322739       -3.0638821113893044     
          75          13  -50.824607324315707       0.28070379380018551     
          80          13  -50.328632701379661       -3.6884192281139150     
          85          13   0.0000000000000000        0.0000000000000000     
          90          13   0.0000000000000000        0.0000000000000000     
          95          13   0.0000000000000000        0.0000000000000000     
           0          14   0.0000000000000000        0.0000000000000000     
           5          14  -49.088503020606744        1.2758130629375586     
          10          14  -49.983975419358728       -3.3865570285751545     
          15          14   0.0000000000000000        0.0000000000000000     
          20          14  -48.453055426733727       -2.0028706079688874     
          25          14  -48.357398792493456      -0.54193122048573628     
          30          14  -46.735140829028410      -0.49967742547174510     
          35          14  -44.459491431751985       -4.0003671162569532     
          40          14  -46.656085126954849        2.3798643659400653     
          45          14   0.0000000000000000        0.0000000000000000     
          50          14  -51.727274724484573       -3.6991417141241101     
          55          14  -52.865358850198163       -1.1167866087991030     
          60          14   0.0000000000000000        0.0000000000000000     
          65          14  -54.634849800194729       -3.7201439627754240     
          70          14   0.0000000000000000        0.0000000000000000     
          75          14   0.0000000000000000        0.0000000000000000     
          80          14  -50.308309166737786       -3.3360826081096917     
          85          14  -48.238521835273218       -3.1833327874242201     
          90          14   0.0000000000000000        0.0000000000000000     
          95          14  -51.814797825429082      -0.57501797226855444     
           0          15   0.0000000000000000        0.0000000000000000     
           5          15   0.0000000000000000        0.0000000000000000     
          10          15  -48.684985168954142       -2.6882102927228146     
          15          15   0.0000000000000000        0.0000000000000000     
          20          15   0.0000000000000000        0.0000000000000000     
          25          15  -52.353903023529824       -1.4918798079488482     
          30          15   0.0000000000000000        0.0000000000000000     
          35          15   0.0000000000000000        0.0000000000000000     
          40          15   0.0000000000000000        0.0000000000000000     
          45          15  -52.330226781691636      -0.72691231566501813     
          50          15  -53.204217431144230        3.5528222616409977     
          55          15   0.0000000000000000        0.0000000000000000     
          60          15   0.0000000000000000        0.0000000000000000     
          65          15   0.0000000000000000        0.0000000000000000     
          70          15   0.0000000000000000        0.0000000000000000     
          75          15   0.0000000000000000        0.0000000000000000     
          80          15   0.0000000000000000        0.0000000000000000     
          85          15   0.0000000000000000        0.0000000000000000     
          90          15   0.0000000000000000        0.0000000000000000     
          95          15   0.0000000000000000        0.0000000000000000     
           0          16  -50.651809446371452       -2.1493391993665512     
           5          16  -48.124210764508568        1.6995802145025607     
          10          16   0.0000000000000000        0.0000000000000000     
          15          16   0.0000000000000000        0.0000000000000000     
          20          16   0.0000000000000000        0.0000000000000000     
          25          16   0.0000000000000000        0.0000000000000000     
          30          16  -45.862699785459426        1.6560692902523044     
          35          16   0.0000000000000000        0.0000000000000000     
          40          16   0.0000000000000000        0.0000000000000000     
          45          16   0.0000000000000000        0.0000000000000000     
          50          16  -50.253139348299669        1.1826645300594407     
          55          16   0.0000000000000000        0.0000000000000000     
          60          16   0.0000000000000000        0.0000000000000000     
          65          16   0.0000000000000000        0.0000000000000000     
          70          16   0.0000000000000000        0.0000000000000000     
          75          16   0.0000000000000000        0.0000000000000000     
          80          16   0.0000000000000000        0.0000000000000000     
          85          16   0.0000000000000000        0.0000000000000000     
          90          16   0.0000000000000000        0.0000000000000000     
          95          16  -47.444910006717578       0.13238515061075873     
