           1           1   0.0000000000000000     
           2           1   0.0000000000000000     
           3           1   0.0000000000000000     
           4           1   0.0000000000000000     
           5           1   0.0000000000000000     
           6           1   0.0000000000000000     
           7           1   0.0000000000000000     
           8           1   0.0000000000000000     
           9           1   0.0000000000000000     
          10           1   0.0000000000000000     
          11           1   0.0000000000000000     
          12           1   0.0000000000000000     
          13           1   0.0000000000000000     
          14           1   0.0000000000000000     
          15           1   0.0000000000000000     
          16           1   0.0000000000000000     
          17           1   0.0000000000000000     
          18           1   0.0000000000000000     
          19           1   0.0000000000000000     
          20           1   0.0000000000000000     
          21           1   0.0000000000000000     
          22           1   0.0000000000000000     
          23           1   0.0000000000000000     
          24           1   0.0000000000000000     
          25           1   0.0000000000000000     
          26           1   0.0000000000000000     
          27           1   0.0000000000000000     
          28           1   0.0000000000000000     
          29           1   0.0000000000000000     
          30           1   0.0000000000000000     
          31           1   0.0000000000000000     
          32           1   0.0000000000000000     
          33           1   0.0000000000000000     
          34           1   0.0000000000000000     
          35           1   0.0000000000000000     
          36           1   0.0000000000000000     
          37           1   0.0000000000000000     
          38           1   0.0000000000000000     
          39           1   0.0000000000000000     
          40           1   0.0000000000000000     
          41           1   0.0000000000000000     
          42           1   0.0000000000000000     
          43           1   0.0000000000000000     
          44           1   0.0000000000000000     
          45           1   0.0000000000000000     
          46           1   0.0000000000000000     
          47           1   0.0000000000000000     
          48           1   0.0000000000000000     
          49           1   0.0000000000000000     
           1           2   0.0000000000000000     
           2           2   0.0000000000000000     
           3           2   0.0000000000000000     
           4           2   0.0000000000000000     
           5           2   0.0000000000000000     
           6           2   0.0000000000000000     
           7           2   0.0000000000000000     
           8           2   0.0000000000000000     
           9           2   0.0000000000000000     
          10           2   0.0000000000000000     
          11           2   0.0000000000000000     
          12           2   0.0000000000000000     
          13           2   0.0000000000000000     
          14           2   0.0000000000000000     
          15           2   0.0000000000000000     
          16           2   0.0000000000000000     
          17           2   0.0000000000000000     
          18           2   0.0000000000000000     
          19           2   0.0000000000000000     
          20           2   0.0000000000000000     
          21           2   0.0000000000000000     
          22           2   0.0000000000000000     
          23           2   0.0000000000000000     
          24           2   0.0000000000000000     
          25           2   0.0000000000000000     
          26           2   0.0000000000000000     
          27           2   0.0000000000000000     
          28           2   0.0000000000000000     
          29           2   0.0000000000000000     
          30           2   0.0000000000000000     
          31           2   0.0000000000000000     
          32           2   0.0000000000000000     
          33           2   0.0000000000000000     
          34           2   0.0000000000000000     
          35           2   0.0000000000000000     
          36           2   0.0000000000000000     
          37           2   0.0000000000000000     
          38           2   0.0000000000000000     
          39           2   0.0000000000000000     
          40           2   0.0000000000000000     
          41           2   0.0000000000000000     
          42           2   0.0000000000000000     
          43           2   0.0000000000000000     
          44           2   0.0000000000000000     
          45           2   0.0000000000000000     
          46           2   0.0000000000000000     
          47           2   0.0000000000000000     
          48           2   0.0000000000000000     
          49           2   0.0000000000000000     
           1           3   0.0000000000000000     
           2           3   0.0000000000000000     
           3           3  0.64450883803169168     
           4           3  0.67059461855748870     
           5           3  0.63573920871982914     
           6           3  0.66024357059539551     
           7           3  0.68258980624711574     
           8           3  0.66431242816313230     
           9           3  0.63629726913934825     
          10           3  0.63904879740814968     
          11           3  0.63442927510554437     
          12           3  0.66244668860058886     
          13           3  0.65470982776957398     
          14           3  0.63676893267762025     
          15           3  0.68876918071005111     
          16           3  0.66815865416790587     
          17           3  0.66345028358888780     
          18           3  0.67212304630410991     
          19           3  0.66566695116390684     
          20           3  0.65859517305537796     
          21           3  0.65720015105804408     
          22           3  0.63681958710922393     
          23           3  0.62502143423847711     
          24           3  0.67502841834995597     
          25           3  0.62960434415578170     
          26           3  0.63417189184717293     
          27           3  0.63756170522153444     
          28           3  0.67408315108128747     
          29           3  0.65344698322512551     
          30           3  0.65622837179640547     
          31           3  0.64291803817657978     
          32           3  0.61323567753495900     
          33           3  0.61547470119458014     
          34           3  0.63698348924808756     
          35           3  0.62587273398444287     
          36           3  0.63650898597677741     
          37           3  0.63632565808624852     
          38           3  0.63742087701699934     
          39           3  0.66610660763457230     
          40           3  0.64876802622944107     
          41           3  0.67074499937896526     
          42           3  0.64548649137252945     
          43           3  0.63938421017305047     
          44           3  0.64118398826782608     
          45           3  0.68483540283653432     
          46           3  0.63583244242627224     
          47           3   0.0000000000000000     
          48           3   0.0000000000000000     
          49           3   0.0000000000000000     
           1           4   0.0000000000000000     
           2           4   0.0000000000000000     
           3           4  0.66348674470667790     
           4           4  0.64015805426330918     
           5           4  0.63377912449418694     
           6           4  0.63465556899332931     
           7           4  0.63544459441929158     
           8           4  0.63804010005073508     
           9           4  0.65619166557977815     
          10           4  0.65758730512292562     
          11           4  0.62909937687727657     
          12           4  0.63201056866659233     
          13           4  0.65262922641928056     
          14           4  0.63311405545630350     
          15           4  0.63718821836883288     
          16           4  0.64331470225356058     
          17           4  0.64133546646574047     
          18           4  0.65036049905646243     
          19           4  0.64938700489532331     
          20           4  0.64391483742909084     
          21           4  0.63505396077855014     
          22           4  0.63646986388598736     
          23           4  0.65159145585090883     
          24           4  0.62309470913053500     
          25           4  0.62797774936676198     
          26           4  0.63391154921073367     
          27           4  0.63710824158877211     
          28           4  0.64654753658663566     
          29           4  0.62032139149458809     
          30           4  0.62403895790577668     
          31           4  0.61711978357184538     
          32           4  0.61490548304269133     
          33           4  0.61761828887008963     
          34           4  0.64630005696116932     
          35           4  0.63257607335398280     
          36           4  0.64401850318604204     
          37           4  0.64490311558503211     
          38           4  0.65169891301844296     
          39           4  0.65149336107234468     
          40           4  0.66495545072163531     
          41           4  0.65723512090076242     
          42           4  0.67587674391652353     
          43           4  0.64005635144049422     
          44           4  0.68739453007785167     
          45           4  0.62667304790714862     
          46           4  0.62856414892115342     
          47           4   0.0000000000000000     
          48           4   0.0000000000000000     
          49           4   0.0000000000000000     
           1           5   0.0000000000000000     
           2           5   0.0000000000000000     
           3           5  0.63419640403417032     
           4           5  0.63374973563301173     
           5           5  0.62933185716073925     
           6           5  0.62899491817595465     
           7           5  0.62997578895528061     
           8           5  0.65539425806928775     
           9           5  0.62899821907560183     
          10           5  0.63310610812586576     
          11           5  0.63230009006258980     
          12           5  0.63816562449258474     
          13           5  0.63627302454168311     
          14           5  0.64291285875569959     
          15           5  0.64409491191337298     
          16           5  0.64943629882159626     
          17           5  0.64488231846571764     
          18           5  0.64703080028746329     
          19           5  0.67105837529010148     
          20           5  0.64186715131667149     
          21           5  0.63043638497016197     
          22           5  0.62844977063251917     
          23           5  0.62202350913975835     
          24           5  0.62184799623664089     
          25           5  0.62521988375137372     
          26           5  0.63414233284167287     
          27           5  0.64116041587737038     
          28           5  0.67545176310377530     
          29           5  0.64707167689473855     
          30           5  0.65276189677975660     
          31           5  0.64681399542914819     
          32           5  0.64643755609507492     
          33           5  0.64776527605897583     
          34           5  0.65267845514466005     
          35           5  0.64104446674213544     
          36           5  0.64678631881345605     
          37           5  0.64954030751939573     
          38           5  0.67731606549523005     
          39           5  0.65496637682853698     
          40           5  0.66371063368388061     
          41           5  0.65982495010745679     
          42           5  0.64660127482103202     
          43           5  0.63789686058667427     
          44           5  0.63432899669481491     
          45           5  0.63126133982508403     
          46           5  0.63095743714827046     
          47           5   0.0000000000000000     
          48           5   0.0000000000000000     
          49           5   0.0000000000000000     
           1           6   0.0000000000000000     
           2           6   0.0000000000000000     
           3           6  0.65972034422657866     
           4           6  0.63173597947831717     
           5           6  0.62744602615130662     
           6           6  0.62295905149175845     
           7           6  0.62628025477354865     
           8           6  0.63262238388688441     
           9           6  0.62797365489355339     
          10           6  0.62852581819976383     
          11           6  0.63414533833432374     
          12           6  0.64135376584639714     
          13           6  0.66498042598456386     
          14           6  0.64235232007765319     
          15           6  0.64567334284779909     
          16           6  0.65007621134240934     
          17           6  0.64831603712064723     
          18           6  0.64711966207444016     
          19           6  0.64025680079398262     
          20           6  0.66187510327193855     
          21           6  0.65098643664485678     
          22           6  0.62208178791102120     
          23           6  0.67347346563062427     
          24           6  0.65170498699383583     
          25           6  0.66128812675109105     
          26           6  0.63805238528931940     
          27           6  0.66833769829545275     
          28           6  0.66360782560803955     
          29           6  0.63715896810334460     
          30           6  0.64002529502630134     
          31           6  0.64090174984272030     
          32           6  0.67206335374625914     
          33           6  0.64683241801369362     
          34           6  0.68193263908412527     
          35           6  0.67466984542160602     
          36           6  0.67491593073817979     
          37           6  0.64809120389757513     
          38           6  0.65283038987847808     
          39           6  0.64869298670699238     
          40           6  0.65339133879159628     
          41           6  0.65452565594438683     
          42           6  0.64273633520606466     
          43           6  0.65871072615964521     
          44           6  0.63434453240613686     
          45           6  0.63740221793050433     
          46           6  0.63420429822300439     
          47           6   0.0000000000000000     
          48           6   0.0000000000000000     
          49           6   0.0000000000000000     
           1           7   0.0000000000000000     
           2           7   0.0000000000000000     
           3           7  0.65113662309512810     
           4           7  0.65319675287480949     
           5           7  0.64913001138902904     
           6           7  0.64390213826089127     
           7           7  0.67969907504914884     
           8           7  0.66408051458178918     
           9           7  0.65575121008730786     
          10           7  0.66046413171952345     
          11           7  0.66060499347506019     
          12           7  0.65972720150325470     
          13           7  0.68618445560530827     
          14           7  0.66954291333898064     
          15           7  0.66944981464502129     
          16           7  0.67010794865990053     
          17           7  0.67525424747337226     
          18           7  0.69745691621521344     
          19           7  0.66642233654074068     
          20           7  0.63750599395081353     
          21           7  0.63340973220698071     
          22           7  0.65564947076354563     
          23           7  0.65481416753450983     
          24           7  0.63625467032183536     
          25           7  0.64101767227890749     
          26           7  0.66456378011900774     
          27           7  0.66398278854501069     
          28           7  0.63298762685578180     
          29           7  0.65009855590389198     
          30           7  0.65236650822415265     
          31           7  0.68450478617226773     
          32           7  0.66124694164080933     
          33           7  0.66631835845098286     
          34           7  0.64953703316735756     
          35           7  0.64537920948996730     
          36           7  0.64368119531208645     
          37           7  0.70005499150317363     
          38           7  0.67718738972115355     
          39           7  0.67083298456416496     
          40           7  0.67768005733646530     
          41           7  0.67532693904700247     
          42           7  0.63957242061276187     
          43           7  0.63531038245899463     
          44           7  0.63651809932769721     
          45           7  0.63142408742100042     
          46           7  0.63530182176563343     
          47           7   0.0000000000000000     
          48           7   0.0000000000000000     
          49           7   0.0000000000000000     
           1           8   0.0000000000000000     
           2           8   0.0000000000000000     
           3           8  0.62389629370310773     
           4           8  0.62636568083798749     
           5           8  0.62027993079988419     
           6           8  0.61896726991581463     
           7           8  0.64997024756333188     
           8           8  0.62965338817475047     
           9           8  0.62184497535011607     
          10           8  0.62782575895960346     
          11           8  0.63090848797588084     
          12           8  0.62627772680253224     
          13           8  0.62789020912906002     
          14           8  0.63475153448527477     
          15           8  0.63366802457192051     
          16           8  0.63581933150740000     
          17           8  0.67299894266592875     
          18           8  0.64384075469535151     
          19           8  0.64050500465691418     
          20           8  0.64153363736066049     
          21           8  0.64024299186024236     
          22           8  0.63137621412043854     
          23           8  0.63718293297777318     
          24           8  0.63823110587772436     
          25           8  0.64247416355762432     
          26           8  0.66698975874920474     
          27           8  0.63860964979703505     
          28           8  0.63271218246678773     
          29           8  0.63398571195352238     
          30           8  0.63335372885484120     
          31           8  0.63249392400381987     
          32           8  0.63904098079337324     
          33           8  0.64108843108357505     
          34           8  0.64721399557688153     
          35           8  0.64215532490816341     
          36           8  0.66773690498760940     
          37           8  0.64442443633816804     
          38           8  0.64678713018956058     
          39           8  0.64328904472879156     
          40           8  0.64422819628697969     
          41           8  0.64672515459612068     
          42           8  0.69472834637478498     
          43           8  0.66108935541003611     
          44           8  0.66084959857210879     
          45           8  0.66139939781899681     
          46           8  0.66868761698264390     
          47           8   0.0000000000000000     
          48           8   0.0000000000000000     
          49           8   0.0000000000000000     
           1           9   0.0000000000000000     
           2           9   0.0000000000000000     
           3           9  0.63279126502832950     
           4           9  0.63231538204810067     
           5           9  0.62785672498772893     
           6           9  0.62074456649405330     
           7           9  0.62610186057687323     
           8           9  0.63160659201058778     
           9           9  0.62855540998521964     
          10           9  0.63533694261853002     
          11           9  0.63966483534307750     
          12           9  0.65590668858705903     
          13           9  0.63266470582351153     
          14           9  0.63846025620753322     
          15           9  0.63583416890885813     
          16           9  0.63663571857390244     
          17           9  0.64858124235467696     
          18           9  0.64357095573221224     
          19           9  0.63967278893385016     
          20           9  0.63839049329727460     
          21           9  0.63886338966646061     
          22           9  0.65505899061826001     
          23           9  0.63816857728704746     
          24           9  0.64311045542571366     
          25           9  0.65156747429137640     
          26           9  0.65388797239413321     
          27           9  0.65024166809901740     
          28           9  0.64751204093418857     
          29           9  0.64275939560022910     
          30           9  0.63876628191784868     
          31           9  0.66293835480577501     
          32           9  0.64044757586240175     
          33           9  0.64081903766234449     
          34           9  0.64879542312934979     
          35           9  0.64538848849005104     
          36           9  0.63934458519871684     
          37           9  0.64148325160519237     
          38           9  0.64133722581663533     
          39           9  0.63702974716282956     
          40           9  0.63504800759003988     
          41           9  0.66214331331274889     
          42           9  0.63298803103921364     
          43           9  0.63195937252723966     
          44           9  0.63352388032797535     
          45           9  0.63886096076653076     
          46           9  0.64243733076211051     
          47           9   0.0000000000000000     
          48           9   0.0000000000000000     
          49           9   0.0000000000000000     
           1          10   0.0000000000000000     
           2          10   0.0000000000000000     
           3          10  0.66330818918357304     
           4          10  0.66174900818742821     
           5          10  0.63614619919834958     
           6          10  0.65230680647930561     
           7          10  0.65742276853883186     
           8          10  0.66121002602125567     
           9          10  0.66196946755236752     
          10          10  0.66144798067504906     
          11          10  0.66465137015649600     
          12          10  0.63433566206619130     
          13          10  0.63246451868938691     
          14          10  0.63432490073059067     
          15          10  0.63250108971920305     
          16          10  0.63170903678138413     
          17          10  0.67324589775798083     
          18          10  0.67097721302882463     
          19          10  0.64248327906635261     
          20          10  0.64085777587090453     
          21          10  0.64213312462037186     
          22          10  0.65889665261794639     
          23          10  0.66190375397667778     
          24          10  0.64338386319636831     
          25          10  0.67382058600717831     
          26          10  0.68046310127853904     
          27          10  0.64442050480326185     
          28          10  0.64586859939447960     
          29          10  0.64177558221330366     
          30          10  0.68542444497322319     
          31          10  0.63261118505930758     
          32          10  0.63269043969985017     
          33          10  0.63466592112923337     
          34          10  0.64292674746692047     
          35          10  0.66599718834418697     
          36          10  0.66271732704276221     
          37          10  0.63886309139382280     
          38          10  0.63455945454873308     
          39          10  0.62898497596386227     
          40          10  0.62874667776280757     
          41          10  0.63032985021544030     
          42          10  0.63259085465886344     
          43          10  0.63379296894794002     
          44          10  0.63425374683367142     
          45          10  0.63731288161870447     
          46          10  0.66505372875489310     
          47          10   0.0000000000000000     
          48          10   0.0000000000000000     
          49          10   0.0000000000000000     
           1          11   0.0000000000000000     
           2          11   0.0000000000000000     
           3          11  0.64103708994913011     
           4          11  0.63678218688522126     
           5          11  0.65836291076983811     
           6          11  0.67891551331312161     
           7          11  0.63494070303217953     
           8          11  0.63797938950053512     
           9          11  0.63380919235771549     
          10          11  0.63595272998355690     
          11          11  0.66318206117163148     
          12          11  0.66159426534507682     
          13          11  0.65385908598503384     
          14          11  0.65391216302790678     
          15          11  0.66072620717833552     
          16          11  0.67920726783476060     
          17          11  0.64113549641403256     
          18          11  0.64360216550842386     
          19          11  0.67043190465603109     
          20          11  0.69441327127686769     
          21          11  0.67324638076164423     
          22          11  0.64421387015680809     
          23          11  0.64132929892054513     
          24          11  0.66612797691304049     
          25          11  0.66934195998771640     
          26          11  0.67132294241275170     
          27          11  0.66457079495823601     
          28          11  0.66846605533169334     
          29          11  0.67045042893784668     
          30          11  0.64401776296238844     
          31          11  0.66403860753744726     
          32          11  0.66241008682435232     
          33          11  0.65726215423521017     
          34          11  0.64250602068892293     
          35          11  0.63497829218225521     
          36          11  0.63810312540105318     
          37          11  0.66562214370136408     
          38          11  0.66741235014039924     
          39          11  0.68530318355866870     
          40          11  0.66142831665892732     
          41          11  0.65683465965651133     
          42          11  0.65545097210108527     
          43          11  0.63008482022674095     
          44          11  0.63452088042544075     
          45          11  0.63497335088498974     
          46          11  0.64188548485503938     
          47          11   0.0000000000000000     
          48          11   0.0000000000000000     
          49          11   0.0000000000000000     
           1          12   0.0000000000000000     
           2          12   0.0000000000000000     
           3          12  0.64057576142537898     
           4          12  0.63992981043217334     
           5          12  0.64311476363100528     
           6          12  0.63668203757005604     
           7          12  0.63929377054038139     
           8          12  0.64489734887370453     
           9          12  0.63949822713802185     
          10          12  0.66020281083990240     
          11          12  0.63786045853159024     
          12          12  0.64310299006661287     
          13          12  0.63525217734534156     
          14          12  0.63139467388801984     
          15          12  0.63564769052124126     
          16          12  0.63464882106421183     
          17          12  0.66169731450429947     
          18          12  0.63893696316967497     
          19          12  0.64587774124599617     
          20          12  0.66777230416533817     
          21          12  0.64172166334376302     
          22          12  0.64560026983159935     
          23          12  0.63975731016438242     
          24          12  0.63630363159737968     
          25          12  0.63549696879460116     
          26          12  0.63969167287765660     
          27          12  0.63110979245313692     
          28          12  0.64048988932777817     
          29          12  0.64492284863209326     
          30          12  0.67399938320016006     
          31          12  0.64088384078836835     
          32          12  0.64125128957305855     
          33          12  0.63844778788127143     
          34          12  0.64310563442552049     
          35          12  0.68531430416628591     
          36          12  0.63675379070304972     
          37          12  0.63603074658810743     
          38          12  0.64115523521024986     
          39          12  0.65588413019111202     
          40          12  0.63379996583681519     
          41          12  0.63120416126624701     
          42          12  0.63116807660273522     
          43          12  0.65090559511461044     
          44          12  0.65080303580698773     
          45          12  0.67845587213931435     
          46          12  0.66557842964298530     
          47          12   0.0000000000000000     
          48          12   0.0000000000000000     
          49          12   0.0000000000000000     
           1          13   0.0000000000000000     
           2          13   0.0000000000000000     
           3          13  0.63740758356321836     
           4          13  0.66600223315609408     
           5          13  0.64933618742431776     
           6          13  0.64639671003979193     
           7          13  0.64501277336263574     
           8          13  0.64975250661282447     
           9          13  0.64552158260768855     
          10          13  0.63756228053980135     
          11          13  0.64230862933281241     
          12          13  0.65273435671102742     
          13          13  0.64563015722635797     
          14          13  0.66358384987200392     
          15          13  0.64192639189334333     
          16          13  0.64122053396036915     
          17          13  0.63847808543703577     
          18          13  0.64737512193123325     
          19          13  0.65206716288974254     
          20          13  0.65168446449047102     
          21          13  0.64823567535839244     
          22          13  0.64706692572590063     
          23          13  0.61231211182604373     
          24          13  0.60738480171329645     
          25          13  0.55549299263659246     
          26          13  0.55658816841541436     
          27          13  0.55358550661458805     
          28          13  0.58965699192020804     
          29          13  0.61441639373410684     
          30          13  0.64558975060480173     
          31          13  0.64150530647376069     
          32          13  0.61762727011246699     
          33          13  0.58754403537969468     
          34          13  0.61728551810989396     
          35          13  0.56202883585085650     
          36          13  0.53759588790494117     
          37          13  0.55670894603004939     
          38          13  0.58238411212540808     
          39          13  0.57793168137153295     
          40          13  0.60583147468210496     
          41          13  0.62524299591193744     
          42          13  0.60298760997095113     
          43          13  0.60133634540582204     
          44          13  0.62889526164932463     
          45          13  0.57612692624057615     
          46          13  0.58429836789708223     
          47          13   0.0000000000000000     
          48          13   0.0000000000000000     
          49          13   0.0000000000000000     
           1          14   0.0000000000000000     
           2          14   0.0000000000000000     
           3          14  0.50670129231474503     
           4          14  0.51297468967838822     
           5          14  0.56930059752996265     
           6          14  0.57012527041893435     
           7          14  0.61979465360723651     
           8          14  0.62709542090475567     
           9          14  0.66869581410420020     
          10          14  0.61240892939850944     
          11          14  0.58792115801508582     
          12          14  0.57254272719861976     
          13          14  0.51584185811177186     
          14          14  0.51218378061532910     
          15          14  0.51161031293959847     
          16          14  0.51227480766271416     
          17          14  0.50765606402473340     
          18          14  0.51688820371691879     
          19          14  0.54702122646012963     
          20          14  0.52391564640472565     
          21          14  0.52174297177068130     
          22          14  0.52012095728485364     
          23          14  0.48611306175112878     
          24          14  0.45436132973418353     
          25          14  0.47134556885215029     
          26          14  0.44763042076852294     
          27          14  0.44453003357792092     
          28          14  0.45166220358441977     
          29          14  0.50742399463932719     
          30          14  0.51333585268640503     
          31          14  0.50910358759180574     
          32          14  0.48807315085327990     
          33          14  0.46006110185414251     
          34          14  0.46090337244481755     
          35          14  0.43363460492071859     
          36          14  0.41284494044278430     
          37          14  0.45536281092999648     
          38          14  0.45544081311226059     
          39          14  0.45072300284558331     
          40          14  0.47915895384313578     
          41          14  0.49794760417312584     
          42          14  0.47546344933111462     
          43          14  0.47542120950648864     
          44          14  0.47871075877832420     
          45          14  0.44653815864444052     
          46          14  0.45423337689171123     
          47          14   0.0000000000000000     
          48          14   0.0000000000000000     
          49          14   0.0000000000000000     
           1          15   0.0000000000000000     
           2          15   0.0000000000000000     
           3          15   0.0000000000000000     
           4          15   0.0000000000000000     
           5          15   0.0000000000000000     
           6          15   0.0000000000000000     
           7          15   0.0000000000000000     
           8          15   0.0000000000000000     
           9          15   0.0000000000000000     
          10          15   0.0000000000000000     
          11          15   0.0000000000000000     
          12          15   0.0000000000000000     
          13          15   0.0000000000000000     
          14          15   0.0000000000000000     
          15          15   0.0000000000000000     
          16          15   0.0000000000000000     
          17          15   0.0000000000000000     
          18          15   0.0000000000000000     
          19          15   0.0000000000000000     
          20          15   0.0000000000000000     
          21          15   0.0000000000000000     
          22          15   0.0000000000000000     
          23          15   0.0000000000000000     
          24          15   0.0000000000000000     
          25          15   0.0000000000000000     
          26          15   0.0000000000000000     
          27          15   0.0000000000000000     
          28          15   0.0000000000000000     
          29          15   0.0000000000000000     
          30          15   0.0000000000000000     
          31          15   0.0000000000000000     
          32          15   0.0000000000000000     
          33          15   0.0000000000000000     
          34          15   0.0000000000000000     
          35          15   0.0000000000000000     
          36          15   0.0000000000000000     
          37          15   0.0000000000000000     
          38          15   0.0000000000000000     
          39          15   0.0000000000000000     
          40          15   0.0000000000000000     
          41          15   0.0000000000000000     
          42          15   0.0000000000000000     
          43          15   0.0000000000000000     
          44          15   0.0000000000000000     
          45          15   0.0000000000000000     
          46          15   0.0000000000000000     
          47          15   0.0000000000000000     
          48          15   0.0000000000000000     
          49          15   0.0000000000000000     
           1          16   0.0000000000000000     
           2          16   0.0000000000000000     
           3          16   0.0000000000000000     
           4          16   0.0000000000000000     
           5          16   0.0000000000000000     
           6          16   0.0000000000000000     
           7          16   0.0000000000000000     
           8          16   0.0000000000000000     
           9          16   0.0000000000000000     
          10          16   0.0000000000000000     
          11          16   0.0000000000000000     
          12          16   0.0000000000000000     
          13          16   0.0000000000000000     
          14          16   0.0000000000000000     
          15          16   0.0000000000000000     
          16          16   0.0000000000000000     
          17          16   0.0000000000000000     
          18          16   0.0000000000000000     
          19          16   0.0000000000000000     
          20          16   0.0000000000000000     
          21          16   0.0000000000000000     
          22          16   0.0000000000000000     
          23          16   0.0000000000000000     
          24          16   0.0000000000000000     
          25          16   0.0000000000000000     
          26          16   0.0000000000000000     
          27          16   0.0000000000000000     
          28          16   0.0000000000000000     
          29          16   0.0000000000000000     
          30          16   0.0000000000000000     
          31          16   0.0000000000000000     
          32          16   0.0000000000000000     
          33          16   0.0000000000000000     
          34          16   0.0000000000000000     
          35          16   0.0000000000000000     
          36          16   0.0000000000000000     
          37          16   0.0000000000000000     
          38          16   0.0000000000000000     
          39          16   0.0000000000000000     
          40          16   0.0000000000000000     
          41          16   0.0000000000000000     
          42          16   0.0000000000000000     
          43          16   0.0000000000000000     
          44          16   0.0000000000000000     
          45          16   0.0000000000000000     
          46          16   0.0000000000000000     
          47          16   0.0000000000000000     
          48          16   0.0000000000000000     
          49          16   0.0000000000000000     
           1          17   0.0000000000000000     
           2          17   0.0000000000000000     
           3          17   0.0000000000000000     
           4          17   0.0000000000000000     
           5          17   0.0000000000000000     
           6          17   0.0000000000000000     
           7          17   0.0000000000000000     
           8          17   0.0000000000000000     
           9          17   0.0000000000000000     
          10          17   0.0000000000000000     
          11          17   0.0000000000000000     
          12          17   0.0000000000000000     
          13          17   0.0000000000000000     
          14          17   0.0000000000000000     
          15          17   0.0000000000000000     
          16          17   0.0000000000000000     
          17          17   0.0000000000000000     
          18          17   0.0000000000000000     
          19          17   0.0000000000000000     
          20          17   0.0000000000000000     
          21          17   0.0000000000000000     
          22          17   0.0000000000000000     
          23          17   0.0000000000000000     
          24          17   0.0000000000000000     
          25          17   0.0000000000000000     
          26          17   0.0000000000000000     
          27          17   0.0000000000000000     
          28          17   0.0000000000000000     
          29          17   0.0000000000000000     
          30          17   0.0000000000000000     
          31          17   0.0000000000000000     
          32          17   0.0000000000000000     
          33          17   0.0000000000000000     
          34          17   0.0000000000000000     
          35          17   0.0000000000000000     
          36          17   0.0000000000000000     
          37          17   0.0000000000000000     
          38          17   0.0000000000000000     
          39          17   0.0000000000000000     
          40          17   0.0000000000000000     
          41          17   0.0000000000000000     
          42          17   0.0000000000000000     
          43          17   0.0000000000000000     
          44          17   0.0000000000000000     
          45          17   0.0000000000000000     
          46          17   0.0000000000000000     
          47          17   0.0000000000000000     
          48          17   0.0000000000000000     
          49          17   0.0000000000000000     
           1          18   0.0000000000000000     
           2          18   0.0000000000000000     
           3          18   0.0000000000000000     
           4          18   0.0000000000000000     
           5          18   0.0000000000000000     
           6          18   0.0000000000000000     
           7          18   0.0000000000000000     
           8          18   0.0000000000000000     
           9          18   0.0000000000000000     
          10          18   0.0000000000000000     
          11          18   0.0000000000000000     
          12          18   0.0000000000000000     
          13          18   0.0000000000000000     
          14          18   0.0000000000000000     
          15          18   0.0000000000000000     
          16          18   0.0000000000000000     
          17          18   0.0000000000000000     
          18          18   0.0000000000000000     
          19          18   0.0000000000000000     
          20          18   0.0000000000000000     
          21          18   0.0000000000000000     
          22          18   0.0000000000000000     
          23          18   0.0000000000000000     
          24          18   0.0000000000000000     
          25          18   0.0000000000000000     
          26          18   0.0000000000000000     
          27          18   0.0000000000000000     
          28          18   0.0000000000000000     
          29          18   0.0000000000000000     
          30          18   0.0000000000000000     
          31          18   0.0000000000000000     
          32          18   0.0000000000000000     
          33          18   0.0000000000000000     
          34          18   0.0000000000000000     
          35          18   0.0000000000000000     
          36          18   0.0000000000000000     
          37          18   0.0000000000000000     
          38          18   0.0000000000000000     
          39          18   0.0000000000000000     
          40          18   0.0000000000000000     
          41          18   0.0000000000000000     
          42          18   0.0000000000000000     
          43          18   0.0000000000000000     
          44          18   0.0000000000000000     
          45          18   0.0000000000000000     
          46          18   0.0000000000000000     
          47          18   0.0000000000000000     
          48          18   0.0000000000000000     
          49          18   0.0000000000000000     
           1          19   0.0000000000000000     
           2          19   0.0000000000000000     
           3          19   0.0000000000000000     
           4          19   0.0000000000000000     
           5          19   0.0000000000000000     
           6          19   0.0000000000000000     
           7          19   0.0000000000000000     
           8          19   0.0000000000000000     
           9          19   0.0000000000000000     
          10          19   0.0000000000000000     
          11          19   0.0000000000000000     
          12          19   0.0000000000000000     
          13          19   0.0000000000000000     
          14          19   0.0000000000000000     
          15          19   0.0000000000000000     
          16          19   0.0000000000000000     
          17          19   0.0000000000000000     
          18          19   0.0000000000000000     
          19          19   0.0000000000000000     
          20          19   0.0000000000000000     
          21          19   0.0000000000000000     
          22          19   0.0000000000000000     
          23          19   0.0000000000000000     
          24          19   0.0000000000000000     
          25          19   0.0000000000000000     
          26          19   0.0000000000000000     
          27          19   0.0000000000000000     
          28          19   0.0000000000000000     
          29          19   0.0000000000000000     
          30          19   0.0000000000000000     
          31          19   0.0000000000000000     
          32          19   0.0000000000000000     
          33          19   0.0000000000000000     
          34          19   0.0000000000000000     
          35          19   0.0000000000000000     
          36          19   0.0000000000000000     
          37          19   0.0000000000000000     
          38          19   0.0000000000000000     
          39          19   0.0000000000000000     
          40          19   0.0000000000000000     
          41          19   0.0000000000000000     
          42          19   0.0000000000000000     
          43          19   0.0000000000000000     
          44          19   0.0000000000000000     
          45          19   0.0000000000000000     
          46          19   0.0000000000000000     
          47          19   0.0000000000000000     
          48          19   0.0000000000000000     
          49          19   0.0000000000000000     
           1          20   0.0000000000000000     
           2          20   0.0000000000000000     
           3          20   0.0000000000000000     
           4          20   0.0000000000000000     
           5          20   0.0000000000000000     
           6          20   0.0000000000000000     
           7          20   0.0000000000000000     
           8          20   0.0000000000000000     
           9          20   0.0000000000000000     
          10          20   0.0000000000000000     
          11          20   0.0000000000000000     
          12          20   0.0000000000000000     
          13          20   0.0000000000000000     
          14          20   0.0000000000000000     
          15          20   0.0000000000000000     
          16          20   0.0000000000000000     
          17          20   0.0000000000000000     
          18          20   0.0000000000000000     
          19          20   0.0000000000000000     
          20          20   0.0000000000000000     
          21          20   0.0000000000000000     
          22          20   0.0000000000000000     
          23          20   0.0000000000000000     
          24          20   0.0000000000000000     
          25          20   0.0000000000000000     
          26          20   0.0000000000000000     
          27          20   0.0000000000000000     
          28          20   0.0000000000000000     
          29          20   0.0000000000000000     
          30          20   0.0000000000000000     
          31          20   0.0000000000000000     
          32          20   0.0000000000000000     
          33          20   0.0000000000000000     
          34          20   0.0000000000000000     
          35          20   0.0000000000000000     
          36          20   0.0000000000000000     
          37          20   0.0000000000000000     
          38          20   0.0000000000000000     
          39          20   0.0000000000000000     
          40          20   0.0000000000000000     
          41          20   0.0000000000000000     
          42          20   0.0000000000000000     
          43          20   0.0000000000000000     
          44          20   0.0000000000000000     
          45          20   0.0000000000000000     
          46          20   0.0000000000000000     
          47          20   0.0000000000000000     
          48          20   0.0000000000000000     
          49          20   0.0000000000000000     
           1          21   0.0000000000000000     
           2          21   0.0000000000000000     
           3          21   0.0000000000000000     
           4          21   0.0000000000000000     
           5          21   0.0000000000000000     
           6          21   0.0000000000000000     
           7          21   0.0000000000000000     
           8          21   0.0000000000000000     
           9          21   0.0000000000000000     
          10          21   0.0000000000000000     
          11          21   0.0000000000000000     
          12          21   0.0000000000000000     
          13          21   0.0000000000000000     
          14          21   0.0000000000000000     
          15          21   0.0000000000000000     
          16          21   0.0000000000000000     
          17          21   0.0000000000000000     
          18          21   0.0000000000000000     
          19          21   0.0000000000000000     
          20          21   0.0000000000000000     
          21          21   0.0000000000000000     
          22          21   0.0000000000000000     
          23          21   0.0000000000000000     
          24          21   0.0000000000000000     
          25          21   0.0000000000000000     
          26          21   0.0000000000000000     
          27          21   0.0000000000000000     
          28          21   0.0000000000000000     
          29          21   0.0000000000000000     
          30          21   0.0000000000000000     
          31          21   0.0000000000000000     
          32          21   0.0000000000000000     
          33          21   0.0000000000000000     
          34          21   0.0000000000000000     
          35          21   0.0000000000000000     
          36          21   0.0000000000000000     
          37          21   0.0000000000000000     
          38          21   0.0000000000000000     
          39          21   0.0000000000000000     
          40          21   0.0000000000000000     
          41          21   0.0000000000000000     
          42          21   0.0000000000000000     
          43          21   0.0000000000000000     
          44          21   0.0000000000000000     
          45          21   0.0000000000000000     
          46          21   0.0000000000000000     
          47          21   0.0000000000000000     
          48          21   0.0000000000000000     
          49          21   0.0000000000000000     
