           1           1   0.0000000000000000     
           2           1   0.0000000000000000     
           3           1   0.0000000000000000     
           4           1   0.0000000000000000     
           5           1   0.0000000000000000     
           6           1   0.0000000000000000     
           7           1   0.0000000000000000     
           8           1   0.0000000000000000     
           9           1   0.0000000000000000     
          10           1   0.0000000000000000     
          11           1   0.0000000000000000     
          12           1   0.0000000000000000     
          13           1   0.0000000000000000     
          14           1   0.0000000000000000     
          15           1   0.0000000000000000     
          16           1   0.0000000000000000     
          17           1   0.0000000000000000     
          18           1   0.0000000000000000     
          19           1   0.0000000000000000     
          20           1   0.0000000000000000     
          21           1   0.0000000000000000     
          22           1   0.0000000000000000     
          23           1   0.0000000000000000     
          24           1   0.0000000000000000     
          25           1   0.0000000000000000     
          26           1   0.0000000000000000     
          27           1   0.0000000000000000     
          28           1   0.0000000000000000     
          29           1   0.0000000000000000     
          30           1   0.0000000000000000     
          31           1   0.0000000000000000     
          32           1   0.0000000000000000     
          33           1   0.0000000000000000     
          34           1   0.0000000000000000     
          35           1   0.0000000000000000     
          36           1   0.0000000000000000     
          37           1   0.0000000000000000     
          38           1   0.0000000000000000     
          39           1   0.0000000000000000     
          40           1   0.0000000000000000     
          41           1   0.0000000000000000     
          42           1   0.0000000000000000     
          43           1   0.0000000000000000     
          44           1   0.0000000000000000     
          45           1   0.0000000000000000     
          46           1   0.0000000000000000     
          47           1   0.0000000000000000     
          48           1   0.0000000000000000     
          49           1   0.0000000000000000     
           1           2   0.0000000000000000     
           2           2   0.0000000000000000     
           3           2   0.0000000000000000     
           4           2   0.0000000000000000     
           5           2   0.0000000000000000     
           6           2   0.0000000000000000     
           7           2   0.0000000000000000     
           8           2   0.0000000000000000     
           9           2   0.0000000000000000     
          10           2   0.0000000000000000     
          11           2   0.0000000000000000     
          12           2   0.0000000000000000     
          13           2   0.0000000000000000     
          14           2   0.0000000000000000     
          15           2   0.0000000000000000     
          16           2   0.0000000000000000     
          17           2   0.0000000000000000     
          18           2   0.0000000000000000     
          19           2   0.0000000000000000     
          20           2   0.0000000000000000     
          21           2   0.0000000000000000     
          22           2   0.0000000000000000     
          23           2   0.0000000000000000     
          24           2   0.0000000000000000     
          25           2   0.0000000000000000     
          26           2   0.0000000000000000     
          27           2   0.0000000000000000     
          28           2   0.0000000000000000     
          29           2   0.0000000000000000     
          30           2   0.0000000000000000     
          31           2   0.0000000000000000     
          32           2   0.0000000000000000     
          33           2   0.0000000000000000     
          34           2   0.0000000000000000     
          35           2   0.0000000000000000     
          36           2   0.0000000000000000     
          37           2   0.0000000000000000     
          38           2   0.0000000000000000     
          39           2   0.0000000000000000     
          40           2   0.0000000000000000     
          41           2   0.0000000000000000     
          42           2   0.0000000000000000     
          43           2   0.0000000000000000     
          44           2   0.0000000000000000     
          45           2   0.0000000000000000     
          46           2   0.0000000000000000     
          47           2   0.0000000000000000     
          48           2   0.0000000000000000     
          49           2   0.0000000000000000     
           1           3   0.0000000000000000     
           2           3   0.0000000000000000     
           3           3  0.63550995445355918     
           4           3  0.66933110777061100     
           5           3  0.65930363872883480     
           6           3  0.68964397449642334     
           7           3  0.66339872836354230     
           8           3  0.66766273433941725     
           9           3  0.66769185339949466     
          10           3  0.67483741442176715     
          11           3  0.69416120371253920     
          12           3  0.67053417287110795     
          13           3  0.67389143510067295     
          14           3  0.67117024086076060     
          15           3  0.66723934261615725     
          16           3  0.66705960792339158     
          17           3  0.64223372170726456     
          18           3  0.66590699102939754     
          19           3  0.63785908212691123     
          20           3  0.63616495043954235     
          21           3  0.64370293174134574     
          22           3  0.66370790199323426     
          23           3  0.66680411933233641     
          24           3  0.64216857980485320     
          25           3  0.64290717159391564     
          26           3  0.63843917158034069     
          27           3  0.67498136027752798     
          28           3  0.65408395487969739     
          29           3  0.65089083283511973     
          30           3  0.64519746234569497     
          31           3  0.64994090748815569     
          32           3  0.62599147956013201     
          33           3  0.61284263581466936     
          34           3  0.63995768116832175     
          35           3  0.61595777362583670     
          36           3  0.61518505827683712     
          37           3  0.65894772784411881     
          38           3  0.64110568754772834     
          39           3  0.64550570461681200     
          40           3  0.64062112172477192     
          41           3  0.66262953113529299     
          42           3  0.67006812278191330     
          43           3  0.69462440581330676     
          44           3  0.65951213230536487     
          45           3  0.66386463501294724     
          46           3  0.61384814748312644     
          47           3   0.0000000000000000     
          48           3   0.0000000000000000     
          49           3   0.0000000000000000     
           1           4   0.0000000000000000     
           2           4   0.0000000000000000     
           3           4  0.63273556809930198     
           4           4  0.63576130908409600     
           5           4  0.63431846840187622     
           6           4  0.63482587474649632     
           7           4  0.63394911816565414     
           8           4  0.63809359631985074     
           9           4  0.64005492990624235     
          10           4  0.67104598890711542     
          11           4  0.64458801922769493     
          12           4  0.64461753445744707     
          13           4  0.64169229688183804     
          14           4  0.64104748479060081     
          15           4  0.63918726373021695     
          16           4  0.63753885570930169     
          17           4  0.64126870781888157     
          18           4  0.64143990768660109     
          19           4  0.63393663830079594     
          20           4  0.62784925351026222     
          21           4  0.63546840068809562     
          22           4  0.65482946372800710     
          23           4  0.63681317458114828     
          24           4  0.64157925437605878     
          25           4  0.64350535333396108     
          26           4  0.63609354936443008     
          27           4  0.64422537992509943     
          28           4  0.64802457168330185     
          29           4  0.64561117134470325     
          30           4  0.64295689455756333     
          31           4  0.65356532902599151     
          32           4  0.68753750397985003     
          33           4  0.64561375657936781     
          34           4  0.64472145354722732     
          35           4  0.64412249931201881     
          36           4  0.64191151025868876     
          37           4  0.63161046785955921     
          38           4  0.64343921391226011     
          39           4  0.64505924565219097     
          40           4  0.63681417287085884     
          41           4  0.63208286329871699     
          42           4  0.65822586983257469     
          43           4  0.63284426101572733     
          44           4  0.62911831340872271     
          45           4  0.64001832677125603     
          46           4  0.64310682357639004     
          47           4   0.0000000000000000     
          48           4   0.0000000000000000     
          49           4   0.0000000000000000     
           1           5   0.0000000000000000     
           2           5   0.0000000000000000     
           3           5  0.63011768299794524     
           4           5  0.63259079315109723     
           5           5  0.62927661520387046     
           6           5  0.65626242743228580     
           7           5  0.63122915228888665     
           8           5  0.63860710429827161     
           9           5  0.64174894671866722     
          10           5  0.64857990138608312     
          11           5  0.64316886698682985     
          12           5  0.64728903632927270     
          13           5  0.64410061645375449     
          14           5  0.64316593396554922     
          15           5  0.64087162211611071     
          16           5  0.66661766368415987     
          17           5  0.63972690245232833     
          18           5  0.63520254776172669     
          19           5  0.63146527022079957     
          20           5  0.63034993377817539     
          21           5  0.63498766610768764     
          22           5  0.63137731297159561     
          23           5  0.64428528811559427     
          24           5  0.64518053675952192     
          25           5  0.64698580106417403     
          26           5  0.66737591822540909     
          27           5  0.64701940776067135     
          28           5  0.64498809276363545     
          29           5  0.64472681451308000     
          30           5  0.64277097924570226     
          31           5  0.65417735730018434     
          32           5  0.66142931408124284     
          33           5  0.65145118601044061     
          34           5  0.65134059469770789     
          35           5  0.65265258963751305     
          36           5  0.67329934647487422     
          37           5  0.63903216882612091     
          38           5  0.64932169432750930     
          39           5  0.64813286337238030     
          40           5  0.63756125019705057     
          41           5  0.62933093621208103     
          42           5  0.63239762951819467     
          43           5  0.63297558998787207     
          44           5  0.63522080138052439     
          45           5  0.64155467927563881     
          46           5  0.67589654905319008     
          47           5   0.0000000000000000     
          48           5   0.0000000000000000     
          49           5   0.0000000000000000     
           1           6   0.0000000000000000     
           2           6   0.0000000000000000     
           3           6  0.64688502846956608     
           4           6  0.64743109359578621     
           5           6  0.67793335261559184     
           6           6  0.62794309432518858     
           7           6  0.65153868772686008     
           8           6  0.66491737176662347     
           9           6  0.64564313141315299     
          10           6  0.67321096347593301     
          11           6  0.64497576037105220     
          12           6  0.65022564370109737     
          13           6  0.64693793191910720     
          14           6  0.64627319867986788     
          15           6  0.67228483923383664     
          16           6  0.67083671787781940     
          17           6  0.63782176982474303     
          18           6  0.63435189961395499     
          19           6  0.65484438361876829     
          20           6  0.65505188066736464     
          21           6  0.68811433392230814     
          22           6  0.65870696169842036     
          23           6  0.67461239505869974     
          24           6  0.64903242157509577     
          25           6  0.67325056528459937     
          26           6  0.66538800787699026     
          27           6  0.67234141879309972     
          28           6  0.67440309417668631     
          29           6  0.67515956345699424     
          30           6  0.67486459548239952     
          31           6  0.71324008681119955     
          32           6  0.66782052337601805     
          33           6  0.65820185854194768     
          34           6  0.65542765149002014     
          35           6  0.65535822793196385     
          36           6  0.67638438650491473     
          37           6  0.66815372364410730     
          38           6  0.67557217320130325     
          39           6  0.67458950592968225     
          40           6  0.66552792842556197     
          41           6  0.68476943187217132     
          42           6  0.66366245662844825     
          43           6  0.66093462637824907     
          44           6  0.63394230564101117     
          45           6  0.64055100951567390     
          46           6  0.64976332529581815     
          47           6   0.0000000000000000     
          48           6   0.0000000000000000     
          49           6   0.0000000000000000     
           1           7   0.0000000000000000     
           2           7   0.0000000000000000     
           3           7  0.62163879158260194     
           4           7  0.61632564206235252     
           5           7  0.62952993813882618     
           6           7  0.65940122502009335     
           7           7  0.62830621496459316     
           8           7  0.64134474034826483     
           9           7  0.66831427366860652     
          10           7  0.69183889158120149     
          11           7  0.66243308251098088     
          12           7  0.67362772407714178     
          13           7  0.66897018814685205     
          14           7  0.66630493599735907     
          15           7  0.64670103744042018     
          16           7  0.66794735510931302     
          17           7  0.66388908204083608     
          18           7  0.65856432345815830     
          19           7  0.63286520197471763     
          20           7  0.65007135586619935     
          21           7  0.63343293632471098     
          22           7  0.63446966319659437     
          23           7  0.64860349537329109     
          24           7  0.67141241848352506     
          25           7  0.64858577141653539     
          26           7  0.66616194065580114     
          27           7  0.63772346673301450     
          28           7  0.63457218270533111     
          29           7  0.64232209923804473     
          30           7  0.67215499408722534     
          31           7  0.65601760711406376     
          32           7  0.69072846914876795     
          33           7  0.68563343957714851     
          34           7  0.68223930812962730     
          35           7  0.67797479012670470     
          36           7  0.67409893527273068     
          37           7  0.63548802670499671     
          38           7  0.64370000332542909     
          39           7  0.64061108767029606     
          40           7  0.63334176463012226     
          41           7  0.65611569307917750     
          42           7  0.64056197537931836     
          43           7  0.62993430992093280     
          44           7  0.66254175296710993     
          45           7  0.67123790438263020     
          46           7  0.70320096320544789     
          47           7   0.0000000000000000     
          48           7   0.0000000000000000     
          49           7   0.0000000000000000     
           1           8   0.0000000000000000     
           2           8   0.0000000000000000     
           3           8  0.61636442625332344     
           4           8  0.61114433727345552     
           5           8  0.64558108886906074     
           6           8  0.62395238425299537     
           7           8  0.62408441492572142     
           8           8  0.63823289295292784     
           9           8  0.64156887244878247     
          10           8  0.63217506492599274     
          11           8  0.63736252628001855     
          12           8  0.64176131788996793     
          13           8  0.63587805068677050     
          14           8  0.63549838382296997     
          15           8  0.64410586146933002     
          16           8  0.66135095025115986     
          17           8  0.63268916807721343     
          18           8  0.63284016926366882     
          19           8  0.63615543783658723     
          20           8  0.62810591165772522     
          21           8  0.63464730219617926     
          22           8  0.64206643119055995     
          23           8  0.65115586588631325     
          24           8  0.64845111695419855     
          25           8  0.67472027179449923     
          26           8  0.64360072901266341     
          27           8  0.63155862138869812     
          28           8  0.62949805991746310     
          29           8  0.63578032157819830     
          30           8  0.64230205693446663     
          31           8  0.64899416371647645     
          32           8  0.66458404380517655     
          33           8  0.65976705615218889     
          34           8  0.65198833302920189     
          35           8  0.64910161716536052     
          36           8  0.66849810358847306     
          37           8  0.63535552636602888     
          38           8  0.63952610783233621     
          39           8  0.63969771769265460     
          40           8  0.63644035565213308     
          41           8  0.63443737438610870     
          42           8  0.63723479310816666     
          43           8  0.63300723795549618     
          44           8  0.63869092531859739     
          45           8  0.67117392440982782     
          46           8  0.65032317447365762     
          47           8   0.0000000000000000     
          48           8   0.0000000000000000     
          49           8   0.0000000000000000     
           1           9   0.0000000000000000     
           2           9   0.0000000000000000     
           3           9  0.62414624410265507     
           4           9  0.61753720914694465     
           5           9  0.62289450322976447     
           6           9  0.63077557315782562     
           7           9  0.63247204330015017     
           8           9  0.64127263552452130     
           9           9  0.64585377872864602     
          10           9  0.66076635957127450     
          11           9  0.64109935583522504     
          12           9  0.64316896841161331     
          13           9  0.63884200282628356     
          14           9  0.63835945052159249     
          15           9  0.64820436271165982     
          16           9  0.64118164776930087     
          17           9  0.63608544223073293     
          18           9  0.63638872022999848     
          19           9  0.64214537391852677     
          20           9  0.66132023540819418     
          21           9  0.64026860572086852     
          22           9  0.64742259773483779     
          23           9  0.65500132062601379     
          24           9  0.64826301800149277     
          25           9  0.64638603455664057     
          26           9  0.64395132366891206     
          27           9  0.63311188677593178     
          28           9  0.63089716027967380     
          29           9  0.66499836269311141     
          30           9  0.64176335431467590     
          31           9  0.64705771086025521     
          32           9  0.66015992026318204     
          33           9  0.65625136311557009     
          34           9  0.64829696061343767     
          35           9  0.65012672063956434     
          36           9  0.64563895309706709     
          37           9  0.63972695725652939     
          38           9  0.64094683602713343     
          39           9  0.64215355968514021     
          40           9  0.66845041977599629     
          41           9  0.63648646514753127     
          42           9  0.63960238262300129     
          43           9  0.63508296979911605     
          44           9  0.63917063021658216     
          45           9  0.63876906296300950     
          46           9  0.64386692287356728     
          47           9   0.0000000000000000     
          48           9   0.0000000000000000     
          49           9   0.0000000000000000     
           1          10   0.0000000000000000     
           2          10   0.0000000000000000     
           3          10  0.65873453832898821     
           4          10  0.67416267683338094     
           5          10  0.65421541119172333     
           6          10  0.66018831166119640     
           7          10  0.66569540536000094     
           8          10  0.66719297807374334     
           9          10  0.69437626152899212     
          10          10  0.66445005231459275     
          11          10  0.66403292340964404     
          12          10  0.66342257560043538     
          13          10  0.66050773398373563     
          14          10  0.63550340050482657     
          15          10  0.67493964989071598     
          16          10  0.67065853684166576     
          17          10  0.66740316544968281     
          18          10  0.63754565044997646     
          19          10  0.66826204735376560     
          20          10  0.65828833751300841     
          21          10  0.66057039986335553     
          22          10  0.66710667768201626     
          23          10  0.67270695629275612     
          24          10  0.64298994771587070     
          25          10  0.66544008269604404     
          26          10  0.64224040532493964     
          27          10  0.63634422605812202     
          28          10  0.66249460234598490     
          29          10  0.67390636493241907     
          30          10  0.69907795262209671     
          31          10  0.67031233229701737     
          32          10  0.67964195877106770     
          33          10  0.64811526565722566     
          34          10  0.63746931161779841     
          35          10  0.66526348518244183     
          36          10  0.63583585281874866     
          37          10  0.63193255514892455     
          38          10  0.63285434012478248     
          39          10  0.65756893670515748     
          40          10  0.63490939797180712     
          41          10  0.63047883209099675     
          42          10  0.65555906225405702     
          43          10  0.65400938405323994     
          44          10  0.65640341850104222     
          45          10  0.63800532800911158     
          46          10  0.64182755225947563     
          47          10   0.0000000000000000     
          48          10   0.0000000000000000     
          49          10   0.0000000000000000     
           1          11   0.0000000000000000     
           2          11   0.0000000000000000     
           3          11  0.63154549993203146     
           4          11  0.65166664262488838     
           5          11  0.63173334568507089     
           6          11  0.63695767514047574     
           7          11  0.63753513016534891     
           8          11  0.64169772738225095     
           9          11  0.64172772774804476     
          10          11  0.63484664276106861     
          11          11  0.63956468484572060     
          12          11  0.63621913900466942     
          13          11  0.63516507991499027     
          14          11  0.68111759468814570     
          15          11  0.67301412909170477     
          16          11  0.64074149841411376     
          17          11  0.64249158369575510     
          18          11  0.66445083362185042     
          19          11  0.67038286023392746     
          20          11  0.64018900475288942     
          21          11  0.63543733359095789     
          22          11  0.63848968714208543     
          23          11  0.64172942196138971     
          24          11  0.69060280388182860     
          25          11  0.66695994759804378     
          26          11  0.67008546502307897     
          27          11  0.66601039746972435     
          28          11  0.63924803608862202     
          29          11  0.64531729429671325     
          30          11  0.64067991136996205     
          31          11  0.64128793643858240     
          32          11  0.65200834836852839     
          33          11  0.64498936125665840     
          34          11  0.68805840453990919     
          35          11  0.66685430511315302     
          36          11  0.66936623229652592     
          37          11  0.66105919160560012     
          38          11  0.66271756349558331     
          39          11  0.65783062060923125     
          40          11  0.65490339731285185     
          41          11  0.64799892728454089     
          42          11  0.62761724665093577     
          43          11  0.65155810278604864     
          44          11  0.66145591302055584     
          45          11  0.66769529051676368     
          46          11  0.66438220739637521     
          47          11   0.0000000000000000     
          48          11   0.0000000000000000     
          49          11   0.0000000000000000     
           1          12   0.0000000000000000     
           2          12   0.0000000000000000     
           3          12  0.63990740628389675     
           4          12  0.63513573793158229     
           5          12  0.63774747090190764     
           6          12  0.64553669222228005     
           7          12  0.64488522265429005     
           8          12  0.66760886594723146     
           9          12  0.64434487946994179     
          10          12  0.64430601490522843     
          11          12  0.64483095445422900     
          12          12  0.63724751318927397     
          13          12  0.63829744091428386     
          14          12  0.63655914791759727     
          15          12  0.63852638906589976     
          16          12  0.63659613744588428     
          17          12  0.64144854251167160     
          18          12  0.64275068446561523     
          19          12  0.66564251231567673     
          20          12  0.64037601033810176     
          21          12  0.63478822593523432     
          22          12  0.63371860016592785     
          23          12  0.63013903406897043     
          24          12  0.63056199823407000     
          25          12  0.63304744126422008     
          26          12  0.63534356706072648     
          27          12  0.63737124211964746     
          28          12  0.64420579448550030     
          29          12  0.67358816451628689     
          30          12  0.64153491945663477     
          31          12  0.64499469154349753     
          32          12  0.65075531585622770     
          33          12  0.64305409663553192     
          34          12  0.63434587009101528     
          35          12  0.63927817032420631     
          36          12  0.64327158557735875     
          37          12  0.63898179050033521     
          38          12  0.63780172612473829     
          39          12  0.65927791420636372     
          40          12  0.63409363754837111     
          41          12  0.62410411387443854     
          42          12  0.62478703681690573     
          43          12  0.62098683893351114     
          44          12  0.63309040106199110     
          45          12  0.63897540936512831     
          46          12  0.64172821332895380     
          47          12   0.0000000000000000     
          48          12   0.0000000000000000     
          49          12   0.0000000000000000     
           1          13   0.0000000000000000     
           2          13   0.0000000000000000     
           3          13  0.62139215359700217     
           4          13  0.61751161326430537     
           5          13  0.61612767658714929     
           6          13  0.62086740983733790     
           7          13  0.64584392372088573     
           8          13  0.63966836119054660     
           9          13  0.64711964812530176     
          10          13  0.65010978351980087     
          11          13  0.65188814987838362     
          12          13  0.64141843603355864     
          13          13  0.66317535355219603     
          14          13  0.63784352526819688     
          15          13  0.64253666872857984     
          16          13  0.61685502640355216     
          17          13  0.59830863030060044     
          18          13  0.57423310283756179     
          19          13  0.54263390271471534     
          20          13  0.51402512283713631     
          21          13  0.50614862526073279     
          22          13  0.50192910776418731     
          23          13  0.52477397863334974     
          24          13  0.49780067999133271     
          25          13  0.49962256742111127     
          26          13  0.50050085440101533     
          27          13  0.50685422895265708     
          28          13  0.54017287268959491     
          29          13  0.57196561552441361     
          30          13  0.59063240043901033     
          31          13  0.59700477532862595     
          32          13  0.62110541110239992     
          33          13  0.59228914018718859     
          34          13  0.56234221918526128     
          35          13  0.53713113555076686     
          36          13  0.53796360166959278     
          37          13  0.55816180738308252     
          38          13  0.55903858785153004     
          39          13  0.58185796737286533     
          40          13  0.58208866539884163     
          41          13  0.60001207347608354     
          42          13  0.60462818298264664     
          43          13  0.54761575744338098     
          44          13  0.55493802620487520     
          45          13  0.58399121197409265     
          46          13  0.58682170521452759     
          47          13   0.0000000000000000     
          48          13   0.0000000000000000     
          49          13   0.0000000000000000     
           1          14   0.0000000000000000     
           2          14   0.0000000000000000     
           3          14  0.54135656370264706     
           4          14  0.56918420747076326     
           5          14  0.59090955683174995     
           6          14  0.62322932027124200     
           7          14  0.66775475115602922     
           8          14  0.61146786645033835     
           9          14  0.58968503320865917     
          10          14  0.56687101040847721     
          11          14  0.54536372934465815     
          12          14  0.53611604379901800     
          13          14  0.56463951514785160     
          14          14  0.53573698726810948     
          15          14  0.53948604791189736     
          16          14  0.48788124176773223     
          17          14  0.46871867783362520     
          18          14  0.49782062258166149     
          19          14  0.44082889430455918     
          20          14  0.41000430418111372     
          21          14  0.40908206289027177     
          22          14  0.40202175922005262     
          23          14  0.42048926204120368     
          24          14  0.37289694675892904     
          25          14  0.37584158508527798     
          26          14  0.37453908401664371     
          27          14  0.40676481544284138     
          28          14  0.41140238188564976     
          29          14  0.44073943747657457     
          30          14  0.46308528723484221     
          31          14  0.49017664015712431     
          32          14  0.46694680314781445     
          33          14  0.49291889246144976     
          34          14  0.46013534820761115     
          35          14  0.40944613387888612     
          36          14  0.41102030265644529     
          37          14  0.45498274856504872     
          38          14  0.45534064452623535     
          39          14  0.45456257563405372     
          40          14  0.45268997644852910     
          41          14  0.49931235012718650     
          42          14  0.45539256449117915     
          43          14  0.42332852550225564     
          44          14  0.45116193611909960     
          45          14  0.46018371577961115     
          46          14  0.46140119532846918     
          47          14   0.0000000000000000     
          48          14   0.0000000000000000     
          49          14   0.0000000000000000     
           1          15   0.0000000000000000     
           2          15   0.0000000000000000     
           3          15   0.0000000000000000     
           4          15   0.0000000000000000     
           5          15   0.0000000000000000     
           6          15   0.0000000000000000     
           7          15   0.0000000000000000     
           8          15   0.0000000000000000     
           9          15   0.0000000000000000     
          10          15   0.0000000000000000     
          11          15   0.0000000000000000     
          12          15   0.0000000000000000     
          13          15   0.0000000000000000     
          14          15   0.0000000000000000     
          15          15   0.0000000000000000     
          16          15   0.0000000000000000     
          17          15   0.0000000000000000     
          18          15   0.0000000000000000     
          19          15   0.0000000000000000     
          20          15   0.0000000000000000     
          21          15   0.0000000000000000     
          22          15   0.0000000000000000     
          23          15   0.0000000000000000     
          24          15   0.0000000000000000     
          25          15   0.0000000000000000     
          26          15   0.0000000000000000     
          27          15   0.0000000000000000     
          28          15   0.0000000000000000     
          29          15   0.0000000000000000     
          30          15   0.0000000000000000     
          31          15   0.0000000000000000     
          32          15   0.0000000000000000     
          33          15   0.0000000000000000     
          34          15   0.0000000000000000     
          35          15   0.0000000000000000     
          36          15   0.0000000000000000     
          37          15   0.0000000000000000     
          38          15   0.0000000000000000     
          39          15   0.0000000000000000     
          40          15   0.0000000000000000     
          41          15   0.0000000000000000     
          42          15   0.0000000000000000     
          43          15   0.0000000000000000     
          44          15   0.0000000000000000     
          45          15   0.0000000000000000     
          46          15   0.0000000000000000     
          47          15   0.0000000000000000     
          48          15   0.0000000000000000     
          49          15   0.0000000000000000     
           1          16   0.0000000000000000     
           2          16   0.0000000000000000     
           3          16   0.0000000000000000     
           4          16   0.0000000000000000     
           5          16   0.0000000000000000     
           6          16   0.0000000000000000     
           7          16   0.0000000000000000     
           8          16   0.0000000000000000     
           9          16   0.0000000000000000     
          10          16   0.0000000000000000     
          11          16   0.0000000000000000     
          12          16   0.0000000000000000     
          13          16   0.0000000000000000     
          14          16   0.0000000000000000     
          15          16   0.0000000000000000     
          16          16   0.0000000000000000     
          17          16   0.0000000000000000     
          18          16   0.0000000000000000     
          19          16   0.0000000000000000     
          20          16   0.0000000000000000     
          21          16   0.0000000000000000     
          22          16   0.0000000000000000     
          23          16   0.0000000000000000     
          24          16   0.0000000000000000     
          25          16   0.0000000000000000     
          26          16   0.0000000000000000     
          27          16   0.0000000000000000     
          28          16   0.0000000000000000     
          29          16   0.0000000000000000     
          30          16   0.0000000000000000     
          31          16   0.0000000000000000     
          32          16   0.0000000000000000     
          33          16   0.0000000000000000     
          34          16   0.0000000000000000     
          35          16   0.0000000000000000     
          36          16   0.0000000000000000     
          37          16   0.0000000000000000     
          38          16   0.0000000000000000     
          39          16   0.0000000000000000     
          40          16   0.0000000000000000     
          41          16   0.0000000000000000     
          42          16   0.0000000000000000     
          43          16   0.0000000000000000     
          44          16   0.0000000000000000     
          45          16   0.0000000000000000     
          46          16   0.0000000000000000     
          47          16   0.0000000000000000     
          48          16   0.0000000000000000     
          49          16   0.0000000000000000     
           1          17   0.0000000000000000     
           2          17   0.0000000000000000     
           3          17   0.0000000000000000     
           4          17   0.0000000000000000     
           5          17   0.0000000000000000     
           6          17   0.0000000000000000     
           7          17   0.0000000000000000     
           8          17   0.0000000000000000     
           9          17   0.0000000000000000     
          10          17   0.0000000000000000     
          11          17   0.0000000000000000     
          12          17   0.0000000000000000     
          13          17   0.0000000000000000     
          14          17   0.0000000000000000     
          15          17   0.0000000000000000     
          16          17   0.0000000000000000     
          17          17   0.0000000000000000     
          18          17   0.0000000000000000     
          19          17   0.0000000000000000     
          20          17   0.0000000000000000     
          21          17   0.0000000000000000     
          22          17   0.0000000000000000     
          23          17   0.0000000000000000     
          24          17   0.0000000000000000     
          25          17   0.0000000000000000     
          26          17   0.0000000000000000     
          27          17   0.0000000000000000     
          28          17   0.0000000000000000     
          29          17   0.0000000000000000     
          30          17   0.0000000000000000     
          31          17   0.0000000000000000     
          32          17   0.0000000000000000     
          33          17   0.0000000000000000     
          34          17   0.0000000000000000     
          35          17   0.0000000000000000     
          36          17   0.0000000000000000     
          37          17   0.0000000000000000     
          38          17   0.0000000000000000     
          39          17   0.0000000000000000     
          40          17   0.0000000000000000     
          41          17   0.0000000000000000     
          42          17   0.0000000000000000     
          43          17   0.0000000000000000     
          44          17   0.0000000000000000     
          45          17   0.0000000000000000     
          46          17   0.0000000000000000     
          47          17   0.0000000000000000     
          48          17   0.0000000000000000     
          49          17   0.0000000000000000     
           1          18   0.0000000000000000     
           2          18   0.0000000000000000     
           3          18   0.0000000000000000     
           4          18   0.0000000000000000     
           5          18   0.0000000000000000     
           6          18   0.0000000000000000     
           7          18   0.0000000000000000     
           8          18   0.0000000000000000     
           9          18   0.0000000000000000     
          10          18   0.0000000000000000     
          11          18   0.0000000000000000     
          12          18   0.0000000000000000     
          13          18   0.0000000000000000     
          14          18   0.0000000000000000     
          15          18   0.0000000000000000     
          16          18   0.0000000000000000     
          17          18   0.0000000000000000     
          18          18   0.0000000000000000     
          19          18   0.0000000000000000     
          20          18   0.0000000000000000     
          21          18   0.0000000000000000     
          22          18   0.0000000000000000     
          23          18   0.0000000000000000     
          24          18   0.0000000000000000     
          25          18   0.0000000000000000     
          26          18   0.0000000000000000     
          27          18   0.0000000000000000     
          28          18   0.0000000000000000     
          29          18   0.0000000000000000     
          30          18   0.0000000000000000     
          31          18   0.0000000000000000     
          32          18   0.0000000000000000     
          33          18   0.0000000000000000     
          34          18   0.0000000000000000     
          35          18   0.0000000000000000     
          36          18   0.0000000000000000     
          37          18   0.0000000000000000     
          38          18   0.0000000000000000     
          39          18   0.0000000000000000     
          40          18   0.0000000000000000     
          41          18   0.0000000000000000     
          42          18   0.0000000000000000     
          43          18   0.0000000000000000     
          44          18   0.0000000000000000     
          45          18   0.0000000000000000     
          46          18   0.0000000000000000     
          47          18   0.0000000000000000     
          48          18   0.0000000000000000     
          49          18   0.0000000000000000     
           1          19   0.0000000000000000     
           2          19   0.0000000000000000     
           3          19   0.0000000000000000     
           4          19   0.0000000000000000     
           5          19   0.0000000000000000     
           6          19   0.0000000000000000     
           7          19   0.0000000000000000     
           8          19   0.0000000000000000     
           9          19   0.0000000000000000     
          10          19   0.0000000000000000     
          11          19   0.0000000000000000     
          12          19   0.0000000000000000     
          13          19   0.0000000000000000     
          14          19   0.0000000000000000     
          15          19   0.0000000000000000     
          16          19   0.0000000000000000     
          17          19   0.0000000000000000     
          18          19   0.0000000000000000     
          19          19   0.0000000000000000     
          20          19   0.0000000000000000     
          21          19   0.0000000000000000     
          22          19   0.0000000000000000     
          23          19   0.0000000000000000     
          24          19   0.0000000000000000     
          25          19   0.0000000000000000     
          26          19   0.0000000000000000     
          27          19   0.0000000000000000     
          28          19   0.0000000000000000     
          29          19   0.0000000000000000     
          30          19   0.0000000000000000     
          31          19   0.0000000000000000     
          32          19   0.0000000000000000     
          33          19   0.0000000000000000     
          34          19   0.0000000000000000     
          35          19   0.0000000000000000     
          36          19   0.0000000000000000     
          37          19   0.0000000000000000     
          38          19   0.0000000000000000     
          39          19   0.0000000000000000     
          40          19   0.0000000000000000     
          41          19   0.0000000000000000     
          42          19   0.0000000000000000     
          43          19   0.0000000000000000     
          44          19   0.0000000000000000     
          45          19   0.0000000000000000     
          46          19   0.0000000000000000     
          47          19   0.0000000000000000     
          48          19   0.0000000000000000     
          49          19   0.0000000000000000     
           1          20   0.0000000000000000     
           2          20   0.0000000000000000     
           3          20   0.0000000000000000     
           4          20   0.0000000000000000     
           5          20   0.0000000000000000     
           6          20   0.0000000000000000     
           7          20   0.0000000000000000     
           8          20   0.0000000000000000     
           9          20   0.0000000000000000     
          10          20   0.0000000000000000     
          11          20   0.0000000000000000     
          12          20   0.0000000000000000     
          13          20   0.0000000000000000     
          14          20   0.0000000000000000     
          15          20   0.0000000000000000     
          16          20   0.0000000000000000     
          17          20   0.0000000000000000     
          18          20   0.0000000000000000     
          19          20   0.0000000000000000     
          20          20   0.0000000000000000     
          21          20   0.0000000000000000     
          22          20   0.0000000000000000     
          23          20   0.0000000000000000     
          24          20   0.0000000000000000     
          25          20   0.0000000000000000     
          26          20   0.0000000000000000     
          27          20   0.0000000000000000     
          28          20   0.0000000000000000     
          29          20   0.0000000000000000     
          30          20   0.0000000000000000     
          31          20   0.0000000000000000     
          32          20   0.0000000000000000     
          33          20   0.0000000000000000     
          34          20   0.0000000000000000     
          35          20   0.0000000000000000     
          36          20   0.0000000000000000     
          37          20   0.0000000000000000     
          38          20   0.0000000000000000     
          39          20   0.0000000000000000     
          40          20   0.0000000000000000     
          41          20   0.0000000000000000     
          42          20   0.0000000000000000     
          43          20   0.0000000000000000     
          44          20   0.0000000000000000     
          45          20   0.0000000000000000     
          46          20   0.0000000000000000     
          47          20   0.0000000000000000     
          48          20   0.0000000000000000     
          49          20   0.0000000000000000     
           1          21   0.0000000000000000     
           2          21   0.0000000000000000     
           3          21   0.0000000000000000     
           4          21   0.0000000000000000     
           5          21   0.0000000000000000     
           6          21   0.0000000000000000     
           7          21   0.0000000000000000     
           8          21   0.0000000000000000     
           9          21   0.0000000000000000     
          10          21   0.0000000000000000     
          11          21   0.0000000000000000     
          12          21   0.0000000000000000     
          13          21   0.0000000000000000     
          14          21   0.0000000000000000     
          15          21   0.0000000000000000     
          16          21   0.0000000000000000     
          17          21   0.0000000000000000     
          18          21   0.0000000000000000     
          19          21   0.0000000000000000     
          20          21   0.0000000000000000     
          21          21   0.0000000000000000     
          22          21   0.0000000000000000     
          23          21   0.0000000000000000     
          24          21   0.0000000000000000     
          25          21   0.0000000000000000     
          26          21   0.0000000000000000     
          27          21   0.0000000000000000     
          28          21   0.0000000000000000     
          29          21   0.0000000000000000     
          30          21   0.0000000000000000     
          31          21   0.0000000000000000     
          32          21   0.0000000000000000     
          33          21   0.0000000000000000     
          34          21   0.0000000000000000     
          35          21   0.0000000000000000     
          36          21   0.0000000000000000     
          37          21   0.0000000000000000     
          38          21   0.0000000000000000     
          39          21   0.0000000000000000     
          40          21   0.0000000000000000     
          41          21   0.0000000000000000     
          42          21   0.0000000000000000     
          43          21   0.0000000000000000     
          44          21   0.0000000000000000     
          45          21   0.0000000000000000     
          46          21   0.0000000000000000     
          47          21   0.0000000000000000     
          48          21   0.0000000000000000     
          49          21   0.0000000000000000     
