           0           0   0.0000000000000000        0.0000000000000000     
           5           0   0.0000000000000000        0.0000000000000000     
          10           0   0.0000000000000000        0.0000000000000000     
          15           0   0.0000000000000000        0.0000000000000000     
          20           0   0.0000000000000000        0.0000000000000000     
          25           0   0.0000000000000000        0.0000000000000000     
          30           0   0.0000000000000000        0.0000000000000000     
          35           0   0.0000000000000000        0.0000000000000000     
          40           0   0.0000000000000000        0.0000000000000000     
          45           0   0.0000000000000000        0.0000000000000000     
          50           0   0.0000000000000000        0.0000000000000000     
          55           0   0.0000000000000000        0.0000000000000000     
          60           0   0.0000000000000000        0.0000000000000000     
          65           0   0.0000000000000000        0.0000000000000000     
          70           0   0.0000000000000000        0.0000000000000000     
          75           0   0.0000000000000000        0.0000000000000000     
          80           0   0.0000000000000000        0.0000000000000000     
          85           0   0.0000000000000000        0.0000000000000000     
          90           0   0.0000000000000000        0.0000000000000000     
          95           0   0.0000000000000000        0.0000000000000000     
           0           1  -5.7861531279768119        1.6630062168454529     
           5           1   0.0000000000000000        0.0000000000000000     
          10           1  -2.0328919223366881       -3.1680470071071554     
          15           1  -6.6083747145739835       0.86796216685058880     
          20           1  -2.1283048475062571       -4.3811250338232632     
          25           1  -3.5875811806285185        1.0107087604649401     
          30           1   0.0000000000000000        0.0000000000000000     
          35           1  -3.8715056925298086        1.5376254746968243     
          40           1 -0.67842416711982878        4.6955889265865025     
          45           1  -4.3688509610007031       -1.0491680096569311     
          50           1  -5.4792393876468282       -3.4477452953862731     
          55           1   0.0000000000000000        0.0000000000000000     
          60           1   0.0000000000000000        0.0000000000000000     
          65           1  -3.6410681794052380      -0.99017305502435704     
          70           1   1.7447140729132116      -0.63771835349890615     
          75           1  -1.9253382605199931       -1.3936576034578874     
          80           1   0.0000000000000000        0.0000000000000000     
          85           1  -1.9958019676380445        1.6634413647276247     
          90           1  -7.8387726977524608      -0.60716590580600638     
          95           1  0.35736155609811249       -2.6649273333467782     
           0           2  -12.641176827111744       0.40755810278847449     
           5           2  -5.4981081947813593        2.9039501558369984     
          10           2  -5.2395561893803233       -3.6354502756874574     
          15           2  -8.2374482266445170       -4.4866492087236587     
          20           2  -7.5095157899873755       -3.2912702277232420     
          25           2  -6.2939272722850603      -0.40465483819973613     
          30           2  -5.6025331470088702        3.9071561719361547     
          35           2  -5.8010737977554072        3.0747949959586407     
          40           2  -10.521232991749230        4.4175379183575281     
          45           2  -3.0558706780681177       -4.7899625417024971     
          50           2  -6.1270965644766306       -2.7626872340036357     
          55           2  -9.2312072771250087       -3.0294206084247044     
          60           2  -6.4605315749233228       -2.3551059078474879E-002
          65           2  -2.8978661337930589        4.8909499831073511     
          70           2  -3.1025440031839935        2.0762702398080535     
          75           2  -6.7392573060232053       0.45488604426768831     
          80           2  -11.791398071920867       0.36693804354337445     
          85           2  -4.0800238063809502        1.0435361807092924     
          90           2   0.0000000000000000        0.0000000000000000     
          95           2  -3.2836542659708812        3.8777970385317495     
           0           3  -8.6923049482217571        2.9440683667258938     
           5           3  -11.931281401680316       -3.4940453660170512     
          10           3  -10.337100379533837       -9.1956632324308174E-002
          15           3  -8.2303114613857531      -0.15741870631247323     
          20           3  -13.007100855393361       -3.9900898207156921     
          25           3  -10.138753050572546       0.12073530958778278     
          30           3  -15.018187161448537        5.3977649182468390     
          35           3  -10.354533643841535      -0.35465586466054688     
          40           3  -14.141702104879528       0.39445969095330824     
          45           3  -15.482034978191450       -3.0134889528299347     
          50           3  -7.6277077632624923       -2.6144044734199845     
          55           3  -21.059452282656821       -5.1356455884254970     
          60           3  -1.7054673932648257       -1.7197767966714572     
          65           3  -7.8504834476689211       0.49172244929840403     
          70           3   0.0000000000000000        0.0000000000000000     
          75           3  -8.6968595817893402        1.5746056499943428     
          80           3  -9.9659532224904979        2.4724116367758064     
          85           3   0.0000000000000000        0.0000000000000000     
          90           3  -4.8399023592793355       -2.7095391795706192     
          95           3  -12.795799633664728       -3.6554139744437997     
           0           4  -9.4134495809899956        2.4691040781954499     
           5           4  -10.902343251930624      -0.38734589442146472     
          10           4   0.0000000000000000        0.0000000000000000     
          15           4  -10.359295350195197      -0.71937201088889680     
          20           4   0.0000000000000000        0.0000000000000000     
          25           4  -15.674269796743800       -4.0329359667135023     
          30           4  -14.227844611536256        1.0097412200726907     
          35           4  -9.3378457815163074       0.56194127702635654     
          40           4   0.0000000000000000        0.0000000000000000     
          45           4  -15.652892777708871       -1.1594047645901995     
          50           4  -10.717521999623614       -1.3331110917702560     
          55           4  -22.753518050571131       -8.1443893293897673     
          60           4  -11.914564803277017       -2.5557062050074464     
          65           4  -13.105595394051761        2.6285980301610223     
          70           4  -14.618545532840699        4.6737665613738599     
          75           4  -9.7380008999436996       -1.5038167777392530     
          80           4  -14.246408030231805       -5.0876946187861094     
          85           4  -10.122909778118583        3.1400228350042525     
          90           4  -8.8532197744228824        2.3896852911908795     
          95           4  -13.219895735545606      -0.90733269558551655     
           0           5  -11.411426176510529        1.4593835330289906     
           5           5  -11.995226080467880        1.0549192868269941     
          10           5  -13.833085078278629       -1.6626470816438754     
          15           5  -14.078051344466047       0.83987186011658110     
          20           5  -19.223399207763947        8.4144671954611283E-002
          25           5   0.0000000000000000        0.0000000000000000     
          30           5   0.0000000000000000        0.0000000000000000     
          35           5   0.0000000000000000        0.0000000000000000     
          40           5  -14.482293083375453        2.1988686147667025     
          45           5  -19.799282758938830        1.0480890064057391     
          50           5  -16.914561774115100       -3.0813995270273509     
          55           5  -17.267713150488362        3.2122158934244638     
          60           5  -17.322321452510892      -0.11832919248444540     
          65           5  -17.408571064123635        1.6939221430289919     
          70           5  -13.537445712330509        2.0454416521920038     
          75           5  -17.064085838853771      -0.23741105416252850     
          80           5   0.0000000000000000        0.0000000000000000     
          85           5   0.0000000000000000        0.0000000000000000     
          90           5  -6.3059040924429155       0.38672027876440751     
          95           5   0.0000000000000000        0.0000000000000000     
           0           6  -21.120921071012820       -1.2245871978988632     
           5           6  -18.678954627913136        6.3472533887987126     
          10           6  -17.143823195908681        1.0864543773214663     
          15           6  -20.082898621822665       0.31327580665152510     
          20           6  -20.214515636691743       -2.9229892002513580     
          25           6  -33.544825598639250        6.7073176598242412     
          30           6  -19.951125232235967       -3.6436347518620238     
          35           6  -17.912089274680909       -2.1070210013229840     
          40           6  -14.696160051528295        1.0424201048442328     
          45           6  -15.211839020707885       -4.0374218766636716     
          50           6  -16.660113343185401        1.7992851292891743     
          55           6   0.0000000000000000        0.0000000000000000     
          60           6   0.0000000000000000        0.0000000000000000     
          65           6  -20.579097870410124       -2.9371099119801514     
          70           6   0.0000000000000000        0.0000000000000000     
          75           6   0.0000000000000000        0.0000000000000000     
          80           6  -18.473524584123879      -0.77355968926884344     
          85           6  -23.353942338815159       0.45946259936702205     
          90           6  -15.321121531854942        4.4370788798531180     
          95           6  -21.609289479016525      -0.61408886473213187     
           0           7  -21.218096001778541        2.8728053780291418E-002
           5           7  -25.649839893282511       -3.5773315822451579     
          10           7  -19.049736919605209       -3.3079289768833675     
          15           7  -20.921691184359048       -1.2784391134301742     
          20           7  -17.537738853388163        1.3711208497513283     
          25           7  -21.919011065829608        3.4621911583121445     
          30           7  -22.457448065047458       0.69302559843720246     
          35           7  -20.773734453172210        2.9628422426997147     
          40           7   0.0000000000000000        0.0000000000000000     
          45           7  -21.767812601893866       -1.0460776891330070     
          50           7   0.0000000000000000        0.0000000000000000     
          55           7  -21.221400053477169        7.1631409377381772E-002
          60           7  -20.671989637435217        6.1587265309803740E-002
          65           7  -22.334196734874467        4.2624457303075403     
          70           7   0.0000000000000000        0.0000000000000000     
          75           7  -17.863950624672498        3.7232667313302770     
          80           7  -23.765303373437519       -1.8271482175657994     
          85           7  -23.882313155638712      -0.21233951199572942     
          90           7   0.0000000000000000        0.0000000000000000     
          95           7  -23.543877858571705       0.86799469116716210     
           0           8   0.0000000000000000        0.0000000000000000     
           5           8  -22.784473157746454       -3.5068483696854003     
          10           8  -22.248939159563719      -0.71541387747231511     
          15           8   0.0000000000000000        0.0000000000000000     
          20           8   0.0000000000000000        0.0000000000000000     
          25           8   0.0000000000000000        0.0000000000000000     
          30           8  -26.815688776267166        2.6026002509826895     
          35           8   0.0000000000000000        0.0000000000000000     
          40           8  -19.092337104495982       0.74975390909060025     
          45           8  -24.041995113179837       0.15234362994220874     
          50           8  -23.822210989337123       -1.2438729085140210     
          55           8  -24.640613116098109       0.78471389548973036     
          60           8  -19.258348537647407       0.84045233279539389     
          65           8  -24.731654603868947      -0.42753791575478317     
          70           8  -21.459304751232366       0.94955806475560678     
          75           8  -22.765596291094425        2.1275834890310819     
          80           8   0.0000000000000000        0.0000000000000000     
          85           8  -20.183252787546735       0.31028358868923078     
          90           8  -21.797959001901290       -9.0205071003879311E-002
          95           8  -21.169592602490184        1.5405991890915516     
           0           9  -21.378282054896889       -1.1803289147849227     
           5           9  -23.522638062405399        1.3969700242455474     
          10           9  -24.358123834291590        1.0522273992119580     
          15           9  -24.231770713178946       0.74316091996706746     
          20           9  -26.013214119604555       -1.5461571123509543     
          25           9  -23.720480902138519        1.7164198911512329     
          30           9   0.0000000000000000        0.0000000000000000     
          35           9   0.0000000000000000        0.0000000000000000     
          40           9   0.0000000000000000        0.0000000000000000     
          45           9  -27.170765992465817       -1.7792872546706917     
          50           9  -26.200353266894183        8.1862157026435511E-002
          55           9  -26.627054929804217       -2.0543056394650705     
          60           9   0.0000000000000000        0.0000000000000000     
          65           9   0.0000000000000000        0.0000000000000000     
          70           9  -24.505732540163194       -4.3305319436015566     
          75           9   0.0000000000000000        0.0000000000000000     
          80           9   0.0000000000000000        0.0000000000000000     
          85           9  -25.007410451820533       -1.9520333164813053     
          90           9   0.0000000000000000        0.0000000000000000     
          95           9   0.0000000000000000        0.0000000000000000     
           0          10   0.0000000000000000        0.0000000000000000     
           5          10  -28.474803507649860       -3.7273681071248177     
          10          10  -27.361911500687341       -2.5264304898264811     
          15          10  -26.848928769087621       0.13067140622879947     
          20          10  -27.943210349246073       -2.1594206712727271     
          25          10  -27.401912201074907       -1.7413613394801075     
          30          10  -26.786856526666014      -0.22669404735609078     
          35          10   0.0000000000000000        0.0000000000000000     
          40          10  -30.225446749980733      -0.85833241111998859     
          45          10  -26.445134260839609       0.91299747348116966     
          50          10  -28.699581319884260       -1.5080980885251449     
          55          10   0.0000000000000000        0.0000000000000000     
          60          10  -25.741822107576695       -2.0278508974236331     
          65          10  -24.794735048914163        2.7742947556497199     
          70          10  -27.402790823884970        2.8242336109229882     
          75          10  -26.687080733722723        1.2637078360278053     
          80          10  -53.286025846546181        3.4071825665016320     
          85          10  -23.029809498638087       -2.1415981937433770     
          90          10  -28.142649922102692       -1.3829555536482019     
          95          10  -25.448456525083429        1.2816721770825268     
           0          11  -30.298362082869755      -0.97516991450774526     
           5          11  -30.322190749410005        2.0327826083033074     
          10          11   0.0000000000000000        0.0000000000000000     
          15          11  -31.323392355719903       -3.3219136062356824     
          20          11   0.0000000000000000        0.0000000000000000     
          25          11   0.0000000000000000        0.0000000000000000     
          30          11  -31.613939656605083       0.38274477955013708     
          35          11  -31.798188087037715       -1.8972654062565653     
          40          11   0.0000000000000000        0.0000000000000000     
          45          11  -23.683396941791557        2.8048536300495641     
          50          11   0.0000000000000000        0.0000000000000000     
          55          11  -28.911799157427254       -2.1926044525244492     
          60          11  -54.326528109918115       -3.4808382658546577     
          65          11   0.0000000000000000        0.0000000000000000     
          70          11   0.0000000000000000        0.0000000000000000     
          75          11  -25.521851778478322        4.3567875785299748     
          80          11   0.0000000000000000        0.0000000000000000     
          85          11  -26.447135539697797      -0.47336824103183517     
          90          11   0.0000000000000000        0.0000000000000000     
          95          11  -30.270417909008529        1.7477739933369207     
           0          12  -27.735848863871951       -2.3250485097747742     
           5          12   0.0000000000000000        0.0000000000000000     
          10          12  -30.161241628459123      -0.16793087205257962     
          15          12  -27.334020282712146        1.6302676515245196     
          20          12  -27.119720505286438        3.1650251054671230     
          25          12  -26.370865650537922        2.5993243040289826     
          30          12  -31.772516822758945        6.2730177461389758E-002
          35          12   0.0000000000000000        0.0000000000000000     
          40          12  -32.871915408776431       0.77139833937422964     
          45          12   0.0000000000000000        0.0000000000000000     
          50          12   0.0000000000000000        0.0000000000000000     
          55          12   0.0000000000000000        0.0000000000000000     
          60          12  -28.029490639269738      -0.86043726215123684     
          65          12  -32.686768996796900       -3.8232198355991898     
          70          12  -31.608207019857559      -0.68090487241434516     
          75          12   0.0000000000000000        0.0000000000000000     
          80          12  -28.444010332435710      -0.83384278374509790     
          85          12   0.0000000000000000        0.0000000000000000     
          90          12   0.0000000000000000        0.0000000000000000     
          95          12  -26.367142794327947       -2.2556869352285958     
           0          13   0.0000000000000000        0.0000000000000000     
           5          13  -31.552211132823693        3.0725886901450394E-003
          10          13  -32.731801868699506        1.0652340543160221     
          15          13  -32.444366083783649        3.6086273493651788     
          20          13   0.0000000000000000        0.0000000000000000     
          25          13   0.0000000000000000        0.0000000000000000     
          30          13  -30.565442624190808        1.2201621088792081     
          35          13  -37.395309784358233       -5.6359122910620840     
          40          13   0.0000000000000000        0.0000000000000000     
          45          13  -33.566991985836125       -1.7137296062585960     
          50          13   0.0000000000000000        0.0000000000000000     
          55          13  -31.192725031772284        2.0965136372552706     
          60          13  -30.280198558472193        7.5969343882320572E-002
          65          13   0.0000000000000000        0.0000000000000000     
          70          13   0.0000000000000000        0.0000000000000000     
          75          13   0.0000000000000000        0.0000000000000000     
          80          13   0.0000000000000000        0.0000000000000000     
          85          13   0.0000000000000000        0.0000000000000000     
          90          13  -32.743865305917552       0.39344211749892111     
          95          13   0.0000000000000000        0.0000000000000000     
           0          14   0.0000000000000000        0.0000000000000000     
           5          14   0.0000000000000000        0.0000000000000000     
          10          14   0.0000000000000000        0.0000000000000000     
          15          14   0.0000000000000000        0.0000000000000000     
          20          14  -37.591406539068117        2.3868504498025800     
          25          14  -31.106791824893065        1.4395539143841063     
          30          14   0.0000000000000000        0.0000000000000000     
          35          14   0.0000000000000000        0.0000000000000000     
          40          14   0.0000000000000000        0.0000000000000000     
          45          14   0.0000000000000000        0.0000000000000000     
          50          14   0.0000000000000000        0.0000000000000000     
          55          14   0.0000000000000000        0.0000000000000000     
          60          14   0.0000000000000000        0.0000000000000000     
          65          14   0.0000000000000000        0.0000000000000000     
          70          14   0.0000000000000000        0.0000000000000000     
          75          14   0.0000000000000000        0.0000000000000000     
          80          14  -32.883075035812226        3.1415637213072500     
          85          14   0.0000000000000000        0.0000000000000000     
          90          14   0.0000000000000000        0.0000000000000000     
          95          14   0.0000000000000000        0.0000000000000000     
           0          15   0.0000000000000000        0.0000000000000000     
           5          15   0.0000000000000000        0.0000000000000000     
          10          15  -34.277867598557776      -0.22474541820471927     
          15          15   0.0000000000000000        0.0000000000000000     
          20          15   0.0000000000000000        0.0000000000000000     
          25          15   0.0000000000000000        0.0000000000000000     
          30          15   0.0000000000000000        0.0000000000000000     
          35          15   0.0000000000000000        0.0000000000000000     
          40          15   0.0000000000000000        0.0000000000000000     
          45          15   0.0000000000000000        0.0000000000000000     
          50          15   0.0000000000000000        0.0000000000000000     
          55          15   0.0000000000000000        0.0000000000000000     
          60          15  -34.482827572333008        1.3847092223784330     
          65          15   0.0000000000000000        0.0000000000000000     
          70          15   0.0000000000000000        0.0000000000000000     
          75          15   0.0000000000000000        0.0000000000000000     
          80          15   0.0000000000000000        0.0000000000000000     
          85          15  -35.504816429181574       -2.5256357375624816     
          90          15   0.0000000000000000        0.0000000000000000     
          95          15   0.0000000000000000        0.0000000000000000     
           0          16   0.0000000000000000        0.0000000000000000     
           5          16   0.0000000000000000        0.0000000000000000     
          10          16   0.0000000000000000        0.0000000000000000     
          15          16   0.0000000000000000        0.0000000000000000     
          20          16   0.0000000000000000        0.0000000000000000     
          25          16   0.0000000000000000        0.0000000000000000     
          30          16   0.0000000000000000        0.0000000000000000     
          35          16   0.0000000000000000        0.0000000000000000     
          40          16   0.0000000000000000        0.0000000000000000     
          45          16   0.0000000000000000        0.0000000000000000     
          50          16   0.0000000000000000        0.0000000000000000     
          55          16   0.0000000000000000        0.0000000000000000     
          60          16   0.0000000000000000        0.0000000000000000     
          65          16   0.0000000000000000        0.0000000000000000     
          70          16   0.0000000000000000        0.0000000000000000     
          75          16   0.0000000000000000        0.0000000000000000     
          80          16   0.0000000000000000        0.0000000000000000     
          85          16   0.0000000000000000        0.0000000000000000     
          90          16   0.0000000000000000        0.0000000000000000     
          95          16   0.0000000000000000        0.0000000000000000     
