           0           0   0.0000000000000000        0.0000000000000000     
           5           0   0.0000000000000000        0.0000000000000000     
          10           0   0.0000000000000000        0.0000000000000000     
          15           0   0.0000000000000000        0.0000000000000000     
          20           0   0.0000000000000000        0.0000000000000000     
          25           0   0.0000000000000000        0.0000000000000000     
          30           0   0.0000000000000000        0.0000000000000000     
          35           0   0.0000000000000000        0.0000000000000000     
          40           0   0.0000000000000000        0.0000000000000000     
          45           0   0.0000000000000000        0.0000000000000000     
          50           0   0.0000000000000000        0.0000000000000000     
          55           0   0.0000000000000000        0.0000000000000000     
          60           0   0.0000000000000000        0.0000000000000000     
          65           0   0.0000000000000000        0.0000000000000000     
          70           0   0.0000000000000000        0.0000000000000000     
          75           0   0.0000000000000000        0.0000000000000000     
          80           0   0.0000000000000000        0.0000000000000000     
          85           0   0.0000000000000000        0.0000000000000000     
          90           0   0.0000000000000000        0.0000000000000000     
          95           0   0.0000000000000000        0.0000000000000000     
           0           1  -2.8292162116530517       -1.4881484824402769     
           5           1  -1.5555294184066426        1.0721956125281373     
          10           1  -1.9713417674260825        3.2950326640590610     
          15           1  -5.3470328377702714       -1.9394169259223659     
          20           1  0.59143850796417041       -1.8616272558147351     
          25           1  -1.9468838529057564      -0.73799490535542134     
          30           1  -3.2659067731621860       -1.9962784695448654     
          35           1   1.3808224803568692       -2.9917912760213383     
          40           1  -1.8519860883259298        3.3935298419418558     
          45           1  -4.7494883897769569      -0.65485578317980853     
          50           1  -1.8868305054553502       -1.4217123707305213     
          55           1   2.1670517682892410        2.3211147773682939     
          60           1   0.0000000000000000        0.0000000000000000     
          65           1  -1.8363351003358730        3.8319953919518923     
          70           1 -0.30584257416421678       -1.6331136897607124     
          75           1  -2.5692942952559861        3.8723528831619003     
          80           1  -1.9781499895543675       -1.9398262119807441     
          85           1  -4.7417777962266427        1.1201261164228704     
          90           1  -2.4993906997394788       0.63623423248837518     
          95           1  -3.0536476863574080       -1.7507950771933345     
           0           2  -7.6871153472449905       -7.0539569274608027E-003
           5           2  -3.9386977051991678        3.7618055029420283     
          10           2  -10.135604792154140       0.40139730676402863     
          15           2  -6.7907093733321489        1.7494731000522457     
          20           2  -5.0195490088178474      -0.74932723396647916     
          25           2  -9.4045525562336252       -3.6844931934987279     
          30           2  -5.8093526055280620      -0.41242200757851677     
          35           2  -5.1544679185155928       -6.4683841001222930E-002
          40           2  -8.9104021563457536        2.6552584489825115     
          45           2  -7.9021304738091658      -0.39873799429601675     
          50           2  -5.3416035837017262       -3.6882440094543334     
          55           2  -7.1696144576804954      -0.58068977817571366     
          60           2   0.0000000000000000        0.0000000000000000     
          65           2  -4.4667226666206261       -2.0778911739305350     
          70           2  -5.1902493985522824       -5.3465588447276780     
          75           2  -7.1013352250304251        2.1198484646567373     
          80           2  -4.5892883441922550      -0.99268764422122402     
          85           2  -5.6526123614730750        6.7758695927611079     
          90           2  -5.3147895335570183       -2.1914371947651112     
          95           2  -9.9459226359499553       -7.0688369919946759     
           0           3  -6.5673193928439400        2.0055366568683120     
           5           3  -7.1735157057251087        2.8484439987552790     
          10           3   0.0000000000000000        0.0000000000000000     
          15           3  -6.8440130965274903       0.69444326328715889     
          20           3  -7.7159062693077374      -0.93322962987363312     
          25           3  -8.5469496699097647       0.66718861323034062     
          30           3  -7.1961161929046114       -1.6238296177495393     
          35           3  -7.6813213721038665        2.6262551588751570     
          40           3  -9.2212963308568874       -2.1846084122034704     
          45           3  -5.0213994686387764        3.7911610548091446     
          50           3   0.0000000000000000        0.0000000000000000     
          55           3   0.0000000000000000        0.0000000000000000     
          60           3  -8.0345961742622762        4.5738744590839708     
          65           3  -9.7561509338106589       -1.0007016316948558     
          70           3  -6.6011050320469167      -0.30243627816339824     
          75           3  -6.8704237834538162        1.5118270874903139     
          80           3  -6.7193041721225200       0.45569767542330553     
          85           3  -2.8237327512670163        1.7173013789650859     
          90           3  -8.6180926817291947       -5.4160885187859442     
          95           3  -6.9646349082574943      -0.87377329475613053     
           0           4  -23.363639823202931        2.9968857077200539     
           5           4  -15.692072119768419      -0.74624977965509487     
          10           4  -8.7544975001563330        2.7096405800763890     
          15           4  -10.270953141322536        4.5179708489007098     
          20           4  -12.927607442936306       0.59539045586642914     
          25           4  -14.997179560385376       -1.2647729843573430     
          30           4  -12.110845633035439       -1.2824581525849865     
          35           4  -12.973052461582313        3.2846534503105929     
          40           4  -12.944788317703626        2.2004127232966297     
          45           4  -15.612666490838478       -1.6152825982240770     
          50           4  -9.7066206276252842        1.7549227490354369     
          55           4  -10.458708101950265       -3.1327266719749502     
          60           4  -13.977775945370752       -1.4576930206944283     
          65           4  -13.030338019461851      -0.95031974008730202     
          70           4  -9.9177725496701896       -6.0069782858995779E-002
          75           4  -12.323111951388910       -2.6611493774231221     
          80           4  -15.557316316119341        1.8177294734167404     
          85           4   0.0000000000000000        0.0000000000000000     
          90           4  -10.136748572477927       -3.5150262341465677     
          95           4  -11.164172453987931       0.17446084380257076     
           0           5  -14.486567969830277       -1.8218879933273868     
           5           5  -14.004398395992546      -0.51025460714004822     
          10           5  -10.841494619242553        1.6390297236190676     
          15           5  -13.736056789470652        2.2117728053228092     
          20           5  -13.059780132351761        6.8403654180926310E-002
          25           5  -12.540709949302453       -3.0295214559350470     
          30           5  -16.784468940915787       0.90317852486254679     
          35           5  -19.638818051959106        1.8597601635983452     
          40           5  -14.270701550955778        5.1434225757818197     
          45           5  -17.004125273132331        8.4156134030788365     
          50           5  -15.740497927332342       0.52743756371764761     
          55           5  -11.382216382500587        1.9131962073615227     
          60           5  -18.877965722481349        2.5925619987399173     
          65           5  -15.368769086876455       -3.2620454534981747     
          70           5  -14.062196993478437      -0.31678703435122912     
          75           5  -13.716680967803541      -0.16002234989098696     
          80           5  -12.437658824637765       0.36292514170366275     
          85           5  -17.038450524182736        1.6173402172592333     
          90           5  -13.583263969962900       -1.3679517142106690     
          95           5  -13.150604325602444       -2.1341808237762550     
           0           6  -17.613475511396025       0.69398807250653505     
           5           6  -16.116032801680724        3.4970401402700801     
          10           6  -19.906151195527855      -0.62572901875501685     
          15           6  -17.525928088542031       -3.2314291872870271     
          20           6  -17.264087539530237       -1.6512629539722212     
          25           6  -15.914257796918463       -1.1740791514336379     
          30           6   0.0000000000000000        0.0000000000000000     
          35           6  -33.396952137039193      -0.26765358774660797     
          40           6  -19.229381383638611       -2.6565781434628732     
          45           6  -18.629842882589287        9.5608377422395918     
          50           6  -18.261834218051831       -3.5608671013198645     
          55           6  -19.238189803125749       -1.7948039270709870     
          60           6   0.0000000000000000        0.0000000000000000     
          65           6  -18.976602717515334       0.64762696282638643     
          70           6  -15.687405394544385      -0.17014357792444201     
          75           6  -17.582184482449748        1.0835988861890300     
          80           6  -22.221552392451827        1.5451595968585252     
          85           6  -14.026982059789361       0.16822854911335838     
          90           6  -15.410379036069344       0.44100705058891521     
          95           6  -19.803367904671632       -1.4849111682702087     
           0           7  -16.277694893481740       -5.5112793504408231     
           5           7  -16.490957989661048        1.0563840704724825     
          10           7  -20.177432497892056       0.10902986948391202     
          15           7  -19.337941582779905       -1.6601952020023347     
          20           7  -18.490408652542811      -0.13750457225736312     
          25           7  -17.085434521550980       0.17498865210630044     
          30           7  -19.538523943598562      -0.55441461161986894     
          35           7   0.0000000000000000        0.0000000000000000     
          40           7  -19.229335630086553       -2.4936105921957719     
          45           7   0.0000000000000000        0.0000000000000000     
          50           7  -17.449263167037543      -0.26587138400202548     
          55           7  -22.508831432830334        1.5678508728056428     
          60           7  -20.672719776655413      -0.83255496977852061     
          65           7  -20.597154374826232       -2.9509858971143998     
          70           7  -17.129646850690960      -0.29406667730658143     
          75           7  -17.054458122913729      -0.72212436679652825     
          80           7  -19.941484629981687        2.8402771895352785     
          85           7  -17.363430342527408        1.5629740535727521     
          90           7  -18.773501428199779       -7.2558151731350051E-002
          95           7  -16.123417015379005       -4.6523666576980816E-002
           0           8   0.0000000000000000        0.0000000000000000     
           5           8  -18.206596406842301       0.15065120003043830     
          10           8  -19.976622919033460       -3.2742421582909742E-002
          15           8   0.0000000000000000        0.0000000000000000     
          20           8  -21.498529489143436       -1.1782025768614091     
          25           8   0.0000000000000000        0.0000000000000000     
          30           8  -20.299818301037220      -0.74192859329968996     
          35           8  -21.115767905897087      -0.82140162700028441     
          40           8  -21.442215003872889      -0.10106940300680378     
          45           8  -23.828127841056812       -2.7629824410801973     
          50           8  -21.276035903099455      -0.55926401151040750     
          55           8  -24.299819901756337        1.1213193817294353     
          60           8  -22.143918995993772       -3.5686839683712890     
          65           8   0.0000000000000000        0.0000000000000000     
          70           8  -22.177933715710196       0.24842172619443659     
          75           8  -21.726350569082342      -0.19585882359507423     
          80           8   0.0000000000000000        0.0000000000000000     
          85           8  -20.576491526611562        3.7582125732615879     
          90           8  -24.315512069534861      -0.69599414567633744     
          95           8  -21.878039917169190       0.91195623609152676     
           0           9  -19.535110075964006        5.2067138284250802     
           5           9  -23.462617310046063       -2.1014728768875557     
          10           9  -23.858534034335577       -1.9493291701699889     
          15           9  -20.582300213281002      -0.83779298238439992     
          20           9   0.0000000000000000        0.0000000000000000     
          25           9   0.0000000000000000        0.0000000000000000     
          30           9  -20.278569372731425      -0.84606284849186864     
          35           9  -24.818069962648792      -0.25337247420154085     
          40           9  -22.373780692959144      -0.16165663542011544     
          45           9   0.0000000000000000        0.0000000000000000     
          50           9  -24.958189071853099       0.46174282935851352     
          55           9  -24.131720165740944       -1.5946000744015976     
          60           9   0.0000000000000000        0.0000000000000000     
          65           9  -21.093716533897577      -0.22078683723947279     
          70           9   0.0000000000000000        0.0000000000000000     
          75           9   0.0000000000000000        0.0000000000000000     
          80           9   0.0000000000000000        0.0000000000000000     
          85           9   0.0000000000000000        0.0000000000000000     
          90           9   0.0000000000000000        0.0000000000000000     
          95           9  -23.781747308788681       -1.7473508847132280     
           0          10   0.0000000000000000        0.0000000000000000     
           5          10  -24.515040746240224       -3.3673380784726703     
          10          10  -24.868877956860658      -0.43141281784286889     
          15          10   0.0000000000000000        0.0000000000000000     
          20          10  -24.753542058189026        1.9278877545758633     
          25          10  -22.484227660424239        1.0196026186548579     
          30          10  -22.876491612517924        6.1609059578415781E-002
          35          10   0.0000000000000000        0.0000000000000000     
          40          10  -25.057736827491794       -1.2284557884356673     
          45          10  -24.847193405932444       -3.6461927552444706     
          50          10  -25.351265734343542       -2.6929641003370364     
          55          10  -26.774940941010072      -0.72317705672730881     
          60          10  -22.675167962518117        2.8837771678524859     
          65          10  -23.848909751649217       0.87274160788908262     
          70          10  -27.541144808083118       -1.5372133464275350     
          75          10  -23.157876076851380      -0.60419103821374165     
          80          10  -24.713432258351986       -2.6226632193626642     
          85          10  -24.038998552100566      -0.50886120590121209     
          90          10  -23.711455711463714      -0.13640399721737140     
          95          10   0.0000000000000000        0.0000000000000000     
           0          11   0.0000000000000000        0.0000000000000000     
           5          11   0.0000000000000000        0.0000000000000000     
          10          11  -27.491907438026431       0.81377537484605966     
          15          11  -26.164549212186472       0.23592906943648018     
          20          11   0.0000000000000000        0.0000000000000000     
          25          11  -26.160767907246196        1.8414018622081585     
          30          11   0.0000000000000000        0.0000000000000000     
          35          11  -26.519540522578211        1.0000601590487435     
          40          11  -27.392054099593111      -0.53261640009516498     
          45          11  -28.099210049248313       -6.0159021182837336     
          50          11   0.0000000000000000        0.0000000000000000     
          55          11   0.0000000000000000        0.0000000000000000     
          60          11  -23.839695615919254       0.66776727637218869     
          65          11   0.0000000000000000        0.0000000000000000     
          70          11   0.0000000000000000        0.0000000000000000     
          75          11  -27.225395019314647        1.9739004451402309     
          80          11  -26.377969391120359      -0.51874921078720604     
          85          11   0.0000000000000000        0.0000000000000000     
          90          11  -27.535947364896174        4.3781276510301836     
          95          11  -23.856542828468719       -1.7540020503226117     
           0          12  -27.885634073765150       -1.1360779969216139     
           5          12  -22.092762874401650       -1.0456193481367393     
          10          12   0.0000000000000000        0.0000000000000000     
          15          12  -26.292125025531021       -1.1464079963730001     
          20          12   0.0000000000000000        0.0000000000000000     
          25          12   0.0000000000000000        0.0000000000000000     
          30          12  -25.922891444256635        1.0225963742627187     
          35          12  -27.236584552312593      -0.53568519987834406     
          40          12   0.0000000000000000        0.0000000000000000     
          45          12  -28.882645287175990       -1.3066791654736676     
          50          12   0.0000000000000000        0.0000000000000000     
          55          12   0.0000000000000000        0.0000000000000000     
          60          12  -24.628058175437673        1.3373084689582981     
          65          12  -28.221127386416356        1.3753822564410711     
          70          12  -24.118820485625747        2.1457725026152730     
          75          12   0.0000000000000000        0.0000000000000000     
          80          12  -27.195465389411311        4.4482514215005153     
          85          12  -28.514075265348993        1.1732257805441293     
          90          12   0.0000000000000000        0.0000000000000000     
          95          12  -30.790023266007438        1.9085880763292096     
           0          13   0.0000000000000000        0.0000000000000000     
           5          13   0.0000000000000000        0.0000000000000000     
          10          13  -26.745386366879842       0.24889358451574140     
          15          13   0.0000000000000000        0.0000000000000000     
          20          13   0.0000000000000000        0.0000000000000000     
          25          13   0.0000000000000000        0.0000000000000000     
          30          13   0.0000000000000000        0.0000000000000000     
          35          13  -27.616013373332748        3.8000190492226693     
          40          13   0.0000000000000000        0.0000000000000000     
          45          13   0.0000000000000000        0.0000000000000000     
          50          13   0.0000000000000000        0.0000000000000000     
          55          13   0.0000000000000000        0.0000000000000000     
          60          13   0.0000000000000000        0.0000000000000000     
          65          13   0.0000000000000000        0.0000000000000000     
          70          13  -31.447015835368575       0.14518896005455417     
          75          13   0.0000000000000000        0.0000000000000000     
          80          13   0.0000000000000000        0.0000000000000000     
          85          13   0.0000000000000000        0.0000000000000000     
          90          13   0.0000000000000000        0.0000000000000000     
          95          13   0.0000000000000000        0.0000000000000000     
           0          14   0.0000000000000000        0.0000000000000000     
           5          14   0.0000000000000000        0.0000000000000000     
          10          14   0.0000000000000000        0.0000000000000000     
          15          14   0.0000000000000000        0.0000000000000000     
          20          14   0.0000000000000000        0.0000000000000000     
          25          14   0.0000000000000000        0.0000000000000000     
          30          14   0.0000000000000000        0.0000000000000000     
          35          14  -31.900878854003167       -2.2959237436204205     
          40          14   0.0000000000000000        0.0000000000000000     
          45          14   0.0000000000000000        0.0000000000000000     
          50          14   0.0000000000000000        0.0000000000000000     
          55          14   0.0000000000000000        0.0000000000000000     
          60          14   0.0000000000000000        0.0000000000000000     
          65          14   0.0000000000000000        0.0000000000000000     
          70          14   0.0000000000000000        0.0000000000000000     
          75          14   0.0000000000000000        0.0000000000000000     
          80          14   0.0000000000000000        0.0000000000000000     
          85          14   0.0000000000000000        0.0000000000000000     
          90          14   0.0000000000000000        0.0000000000000000     
          95          14   0.0000000000000000        0.0000000000000000     
           0          15   0.0000000000000000        0.0000000000000000     
           5          15   0.0000000000000000        0.0000000000000000     
          10          15   0.0000000000000000        0.0000000000000000     
          15          15   0.0000000000000000        0.0000000000000000     
          20          15   0.0000000000000000        0.0000000000000000     
          25          15   0.0000000000000000        0.0000000000000000     
          30          15   0.0000000000000000        0.0000000000000000     
          35          15   0.0000000000000000        0.0000000000000000     
          40          15   0.0000000000000000        0.0000000000000000     
          45          15   0.0000000000000000        0.0000000000000000     
          50          15   0.0000000000000000        0.0000000000000000     
          55          15   0.0000000000000000        0.0000000000000000     
          60          15   0.0000000000000000        0.0000000000000000     
          65          15   0.0000000000000000        0.0000000000000000     
          70          15   0.0000000000000000        0.0000000000000000     
          75          15   0.0000000000000000        0.0000000000000000     
          80          15   0.0000000000000000        0.0000000000000000     
          85          15   0.0000000000000000        0.0000000000000000     
          90          15   0.0000000000000000        0.0000000000000000     
          95          15   0.0000000000000000        0.0000000000000000     
           0          16   0.0000000000000000        0.0000000000000000     
           5          16   0.0000000000000000        0.0000000000000000     
          10          16   0.0000000000000000        0.0000000000000000     
          15          16   0.0000000000000000        0.0000000000000000     
          20          16   0.0000000000000000        0.0000000000000000     
          25          16   0.0000000000000000        0.0000000000000000     
          30          16   0.0000000000000000        0.0000000000000000     
          35          16   0.0000000000000000        0.0000000000000000     
          40          16   0.0000000000000000        0.0000000000000000     
          45          16   0.0000000000000000        0.0000000000000000     
          50          16   0.0000000000000000        0.0000000000000000     
          55          16   0.0000000000000000        0.0000000000000000     
          60          16   0.0000000000000000        0.0000000000000000     
          65          16   0.0000000000000000        0.0000000000000000     
          70          16   0.0000000000000000        0.0000000000000000     
          75          16   0.0000000000000000        0.0000000000000000     
          80          16   0.0000000000000000        0.0000000000000000     
          85          16   0.0000000000000000        0.0000000000000000     
          90          16   0.0000000000000000        0.0000000000000000     
          95          16   0.0000000000000000        0.0000000000000000     
