           0           0   0.0000000000000000        0.0000000000000000     
           5           0   0.0000000000000000        0.0000000000000000     
          10           0   0.0000000000000000        0.0000000000000000     
          15           0   0.0000000000000000        0.0000000000000000     
          20           0   0.0000000000000000        0.0000000000000000     
          25           0   0.0000000000000000        0.0000000000000000     
          30           0   0.0000000000000000        0.0000000000000000     
          35           0   0.0000000000000000        0.0000000000000000     
          40           0   0.0000000000000000        0.0000000000000000     
          45           0   0.0000000000000000        0.0000000000000000     
          50           0   0.0000000000000000        0.0000000000000000     
          55           0   0.0000000000000000        0.0000000000000000     
          60           0   0.0000000000000000        0.0000000000000000     
          65           0   0.0000000000000000        0.0000000000000000     
          70           0   0.0000000000000000        0.0000000000000000     
          75           0   0.0000000000000000        0.0000000000000000     
          80           0   0.0000000000000000        0.0000000000000000     
          85           0   0.0000000000000000        0.0000000000000000     
          90           0   0.0000000000000000        0.0000000000000000     
          95           0   0.0000000000000000        0.0000000000000000     
           0           1   1.8535740483310859       0.13601210914981898     
           5           1  -5.9583177146960153       -5.2600627821641766     
          10           1 -0.49458117269196578       -1.0448057896605967     
          15           1  -4.1602753975134021        2.5612074052516753     
          20           1 -0.93394451758044283      -0.90028215689708091     
          25           1  -2.2782341780036575        1.1197546457208940     
          30           1   0.0000000000000000        0.0000000000000000     
          35           1  -2.0803498531307696       -2.5742217331425898     
          40           1  -3.5726280652426112       -3.1008697890366754     
          45           1  -9.2119380070698753E-002  -4.3564512237836972     
          50           1  -3.3005803727093053       -1.9678084962992948     
          55           1  -5.0154927640022606       0.71384144054720267     
          60           1   0.0000000000000000        0.0000000000000000     
          65           1  -2.9749597943862227       -1.2092689114440169     
          70           1  -4.4050306344445289        2.6349435463823845     
          75           1  -3.3101131616319890       -2.0386851474563095     
          80           1  -4.4215367854860688      -0.33052216895645969     
          85           1   0.0000000000000000        0.0000000000000000     
          90           1   0.0000000000000000        0.0000000000000000     
          95           1  -1.4987352130901854        4.1998452610536585     
           0           2  -6.4892272007480152       -2.3511584646196404     
           5           2  -8.1476016676118590       0.47665550882536323     
          10           2  -10.479004568306749       -2.8271981226857257     
          15           2  -9.9086418673000054        2.3298600449828122     
          20           2  -7.4045924779575500       -2.2927513482673412     
          25           2  -7.9412510926424318       -3.9645646449160132     
          30           2  -6.3592733471473650        2.0794218894404359     
          35           2  -6.0760926587022368        1.0529415846627366     
          40           2  -2.2819306608568013        1.0922827795245560     
          45           2   0.0000000000000000        0.0000000000000000     
          50           2  -8.5529505368953096       -1.0891506609977952     
          55           2  -10.794084918970270      -0.48747696751894054     
          60           2  -8.6457655920924026        2.4024759103902227     
          65           2  -6.3404082388274219        2.9698121320476112     
          70           2   0.0000000000000000        0.0000000000000000     
          75           2  -6.6060955383306919       -2.1616420926573454E-002
          80           2  -10.841913890544674       -1.0537067313065585     
          85           2  -1.1614506313151196      -0.69754323702708732     
          90           2  -2.7286552514738105        2.9975079368305124     
          95           2  -8.8139810689824571       -1.5659105031118337     
           0           3  -10.844156275121586        3.9957082429054047     
           5           3  -12.744228147849590      -0.86732667865296875     
          10           3  -12.951710468573907       -2.1232070083798682     
          15           3  -10.034486219296923       -1.0058672127244428     
          20           3  -5.3852602855819498        4.9507298579976045     
          25           3  -12.811628551414600      -0.76514250369141834     
          30           3   0.0000000000000000        0.0000000000000000     
          35           3  -10.402489536893711       0.82727073298372034     
          40           3  -9.0642198092893977       -1.3828628575285329     
          45           3  -9.0507702399378331        3.0610138270215081     
          50           3  -4.9952072424375160       -2.0962323230233615     
          55           3  -12.815460385091626       -1.0153682389102414     
          60           3  -8.7213786908435509        3.5666802389067165     
          65           3  -5.4914559493113302        6.5169099887962822     
          70           3  -2.9757970349919560        2.3144306957356697     
          75           3  -5.7547808518165766      -0.50326600232297736     
          80           3  -6.1941031550816206      -0.24014685764628396     
          85           3  -8.2399802124655253       -1.3176130238634620     
          90           3  -8.6985820023244287       0.12267089054995850     
          95           3   0.0000000000000000        0.0000000000000000     
           0           4  -12.081744972790576       0.30917085568571423     
           5           4  -12.020643450663115       0.69466940900042573     
          10           4  -13.942189075830669      -0.46119131003496960     
          15           4  -14.008962327807239      -0.46290937705695256     
          20           4  -13.081872021754037        4.4010377256986644     
          25           4  -11.575541674400114       0.93375811862195235     
          30           4  -13.624040844266716       -1.1500427369570687     
          35           4  -9.8629358567947634       0.84266907452779094     
          40           4  -11.126360685373982       -4.0400447355315450     
          45           4  -5.9674550287525108        1.3618742981291732     
          50           4  -7.9287335292121952       -1.6734760169123675     
          55           4  -6.1161290161493298       -3.7434632975585913     
          60           4  -7.9162487452322239        2.2050420300745444     
          65           4  -5.7107129543965129        3.2550392161256880     
          70           4  -12.039783572106444        3.8099137169789188     
          75           4  -11.085474099559178        2.0811255128494466     
          80           4  -11.837642119445491        3.6848461287464218     
          85           4  -9.7859536506916811       -1.1841570255066713     
          90           4  -8.1519532798068894       0.65843719342595364     
          95           4  -14.498624920662451       0.46757167766475760     
           0           5  -19.229452420218561       -3.1838767612546448     
           5           5  -13.541086690440629       -1.5312118140142772     
          10           5   0.0000000000000000        0.0000000000000000     
          15           5  -16.914696950269814        2.6832856248049097E-003
          20           5   0.0000000000000000        0.0000000000000000     
          25           5  -19.738576516079576       0.42596641057546236     
          30           5  -14.092371399119230      -0.32244941313042119     
          35           5  -13.819083129646970        2.5125933221081809     
          40           5  -19.244013161596740       -3.9945319458256634     
          45           5  -17.252134684397902       0.73924212506515374     
          50           5  -12.538441428588953      -0.47938010773851403     
          55           5  -14.579110348940105        3.8306539363031078     
          60           5  -9.6545583250673417        7.7578483616225213     
          65           5  -19.283672841368116        1.9971856280021072     
          70           5  -14.015095098329766        9.5564857386642998     
          75           5   0.0000000000000000        0.0000000000000000     
          80           5  -15.611023120811751       -2.8420297843245734     
          85           5   0.0000000000000000        0.0000000000000000     
          90           5  -15.746004619217047        1.4375434355384797     
          95           5  -13.738697707594838      -0.27132179916566912     
           0           6  -18.128305142148943        1.3941071986289799     
           5           6  -17.004716312518653        2.4649468970050492     
          10           6  -13.139809373541311        3.7055390791307374     
          15           6  -17.098985708159375       -1.2771077931494901     
          20           6  -19.363495062858505       -3.6133747934252725     
          25           6  -17.674802931697542       0.99726752644802019     
          30           6  -17.288359029095091        8.0197401390869061E-002
          35           6  -17.456796995674040        1.7870770410732817     
          40           6  -20.930981600209009        3.9914408657049094     
          45           6  -14.997027887879710       -1.6283105802550324     
          50           6   0.0000000000000000        0.0000000000000000     
          55           6  -19.332907244162811       -1.0343454188133094     
          60           6  -16.095262585587022       -1.8345836078204059     
          65           6  -18.201156288881748       -1.4102128029991334     
          70           6  -13.072678646892655        2.5731554510910470     
          75           6  -17.658866647138893       -1.6138217046313130     
          80           6   0.0000000000000000        0.0000000000000000     
          85           6  -15.307160624189464       0.75440478096933106     
          90           6  -17.218290785265822       -1.5119621903014746     
          95           6  -14.539808354925299       0.30348474477026599     
           0           7  -18.468072446002903       -2.4772004980766482     
           5           7  -23.506218580702232        7.4069059111314672     
          10           7  -20.561577750193294        4.6725597273455932     
          15           7   0.0000000000000000        0.0000000000000000     
          20           7  -22.878842504265862       -3.0766574578899863     
          25           7  -20.134124751276516        2.3804507748392822     
          30           7  -24.190235513206204       0.49716490905460375     
          35           7  -19.905746390662671      -0.51533545498916311     
          40           7  -22.020313359973898        5.0439059484252979     
          45           7  -20.690299244421340       0.22768153180141582     
          50           7  -21.883666919713107       -1.8224944744105187     
          55           7  -15.501884647406428        1.2175723806739924     
          60           7   0.0000000000000000        0.0000000000000000     
          65           7  -23.379056127481590      -0.37115436369195010     
          70           7  -16.765082341549942       0.42585165832331739     
          75           7  -23.573775407612629      -0.45300843852569272     
          80           7  -23.517549101796931       -2.6523028861369369     
          85           7  -21.747922180708201        2.6327757982169686     
          90           7  -20.321981047288773        1.5200667361581210     
          95           7   0.0000000000000000        0.0000000000000000     
           0           8  -21.872465100810818      -0.87975106943360970     
           5           8  -22.037397392167257        6.4546906912710256E-002
          10           8   0.0000000000000000        0.0000000000000000     
          15           8  -22.103764217380473       -1.9738450756712211     
          20           8  -21.022837437847386       -1.8250179727274940     
          25           8   0.0000000000000000        0.0000000000000000     
          30           8  -25.409242908285279      -0.83101724879242056     
          35           8  -24.405092883483803       0.75237407029860037     
          40           8  -28.444082047514030      -0.65302234384390090     
          45           8  -21.953972014543410       -2.4091728141328872     
          50           8  -22.865349696346016        5.9995496367371004     
          55           8   0.0000000000000000        0.0000000000000000     
          60           8  -19.488083495851072       -1.1733927185630932     
          65           8   0.0000000000000000        0.0000000000000000     
          70           8   0.0000000000000000        0.0000000000000000     
          75           8  -24.183116032219232      -0.71034717249673918     
          80           8  -25.170018249980330       -1.8953425408696489     
          85           8  -21.428837706309878        1.1446800008130253     
          90           8   0.0000000000000000        0.0000000000000000     
          95           8  -17.465335478590305        3.1662233980966903     
           0           9  -23.325787294286233      -0.61471249701128272     
           5           9  -24.345739760565088        1.2271345132752742     
          10           9  -22.652239399088003        5.1398994864371161     
          15           9  -22.022519153761522        1.7097437585888997     
          20           9  -26.278677375035642       -1.3648165509216881     
          25           9  -20.610839502754885        3.5855640512849618     
          30           9   0.0000000000000000        0.0000000000000000     
          35           9  -23.617288643293932        1.1184522056240098     
          40           9  -25.431084189619924        2.3405619914740328     
          45           9   0.0000000000000000        0.0000000000000000     
          50           9  -26.765839540701108       0.86575158089630122     
          55           9  -20.477695073601865       -2.6291437355574487     
          60           9  -25.168241118720402       -1.6646073266102235     
          65           9   0.0000000000000000        0.0000000000000000     
          70           9  -21.765942668565685        2.4601913427702016     
          75           9  -25.802223519448830        6.1260219137437844E-002
          80           9  -23.607104629661535        1.2428064744263168     
          85           9  -21.861114324082109       0.38840344538826344     
          90           9  -23.698425552396429        1.2766080812554037     
          95           9  -25.709143127770062       0.53473766479683604     
           0          10  -28.319000696468905        2.2465018550121840     
           5          10  -22.594787439316200       0.73887538128758479     
          10          10   0.0000000000000000        0.0000000000000000     
          15          10  -26.030639497331975        1.0829645022525369     
          20          10  -27.587120813148402      -0.38633003253352172     
          25          10  -31.344045046406421      -0.51452067779678146     
          30          10   0.0000000000000000        0.0000000000000000     
          35          10  -27.586854829664276       -2.5667726861300366     
          40          10  -28.968794583619228       -4.1224950708240726     
          45          10  -30.983003470836934        1.8310881330307893     
          50          10  -27.534161908207011       0.65548357490285980     
          55          10  -19.762481129674825        1.8815016855455724     
          60          10  -26.027167475817237       0.88402977295842788     
          65          10  -24.845122639192141       -2.6969290298950455     
          70          10  -24.025516866856833        1.0205913081673401     
          75          10  -24.996210391066143      -0.11737099209874202     
          80          10  -27.439130376336607      -0.47029534028908415     
          85          10  -25.651342567698521       -1.8619075337866775     
          90          10   0.0000000000000000        0.0000000000000000     
          95          10  -27.773285205938691       -1.4039812624311310     
           0          11   0.0000000000000000        0.0000000000000000     
           5          11  -30.299986693909098        2.9990398207146995     
          10          11   0.0000000000000000        0.0000000000000000     
          15          11   0.0000000000000000        0.0000000000000000     
          20          11   0.0000000000000000        0.0000000000000000     
          25          11   0.0000000000000000        0.0000000000000000     
          30          11  -29.322001220837279       0.56363975081907824     
          35          11   0.0000000000000000        0.0000000000000000     
          40          11   0.0000000000000000        0.0000000000000000     
          45          11   0.0000000000000000        0.0000000000000000     
          50          11  -31.136998835137319       -1.6236012493742180     
          55          11  -59.281739786030130       -2.4365190491337785     
          60          11   0.0000000000000000        0.0000000000000000     
          65          11   0.0000000000000000        0.0000000000000000     
          70          11  -26.484149028647153       -2.3091063944669088     
          75          11  -25.697790476044702       0.62464453551847043     
          80          11  -28.595126114652203      -0.23635786730480390     
          85          11  -26.890861512072206       -1.5451510319763884     
          90          11  -29.171606717852683       -1.7167083334790334     
          95          11  -27.317526970875861       0.83333886117031852     
           0          12  -25.477859659725208       -1.2275056859856193     
           5          12   0.0000000000000000        0.0000000000000000     
          10          12  -34.176250645181483       -3.8320207640119008     
          15          12  -32.748336780219489       -2.2715837462250477     
          20          12  -32.149833309542686       -2.9362044330838444     
          25          12   0.0000000000000000        0.0000000000000000     
          30          12  -33.838531545899997       -4.3277459086787928     
          35          12   0.0000000000000000        0.0000000000000000     
          40          12  -26.260509200923821        2.1622792026043669     
          45          12  -34.533517640511491      -0.74195363652052038     
          50          12   0.0000000000000000        0.0000000000000000     
          55          12  -27.804557621919912       0.83001035584118199     
          60          12   0.0000000000000000        0.0000000000000000     
          65          12  -27.556498927907569       -2.8231538633605169     
          70          12  -29.882267306078347       -2.0563731002454233     
          75          12  -29.996420109199562        1.2819142423481367     
          80          12  -25.659086515474883        2.6702515061316490E-002
          85          12  -28.328556992818221       0.99935215299495894     
          90          12  -61.574386274259041       -3.4082865899343062     
          95          12  -31.398080284219532       -1.6725249509086382     
           0          13   0.0000000000000000        0.0000000000000000     
           5          13  -30.738419171121301       0.33092679590396301     
          10          13  -34.315369227382320       0.67884987007715836     
          15          13   0.0000000000000000        0.0000000000000000     
          20          13   0.0000000000000000        0.0000000000000000     
          25          13   0.0000000000000000        0.0000000000000000     
          30          13  -38.588598985516143       -1.7720487023353826     
          35          13  -36.008828574978224      -0.47823368721111592     
          40          13   0.0000000000000000        0.0000000000000000     
          45          13  -38.251404417621870        2.5026273829453771     
          50          13  -31.554756758325198        1.9663705180583690     
          55          13   0.0000000000000000        0.0000000000000000     
          60          13  -29.964917696148063        1.6004646598055672     
          65          13   0.0000000000000000        0.0000000000000000     
          70          13   0.0000000000000000        0.0000000000000000     
          75          13   0.0000000000000000        0.0000000000000000     
          80          13  -31.973512497103229      -0.50005595067403874     
          85          13  -30.427934309784632        2.1682330227079660     
          90          13  -33.248083146162344       0.39104197105288563     
          95          13   0.0000000000000000        0.0000000000000000     
           0          14   0.0000000000000000        0.0000000000000000     
           5          14   0.0000000000000000        0.0000000000000000     
          10          14   0.0000000000000000        0.0000000000000000     
          15          14   0.0000000000000000        0.0000000000000000     
          20          14   0.0000000000000000        0.0000000000000000     
          25          14   0.0000000000000000        0.0000000000000000     
          30          14   0.0000000000000000        0.0000000000000000     
          35          14   0.0000000000000000        0.0000000000000000     
          40          14   0.0000000000000000        0.0000000000000000     
          45          14   0.0000000000000000        0.0000000000000000     
          50          14   0.0000000000000000        0.0000000000000000     
          55          14  -31.393200144691491       0.28263304649556176     
          60          14   0.0000000000000000        0.0000000000000000     
          65          14  -32.526285814640232       -1.3196553559602364     
          70          14   0.0000000000000000        0.0000000000000000     
          75          14   0.0000000000000000        0.0000000000000000     
          80          14   0.0000000000000000        0.0000000000000000     
          85          14   0.0000000000000000        0.0000000000000000     
          90          14   0.0000000000000000        0.0000000000000000     
          95          14   0.0000000000000000        0.0000000000000000     
           0          15   0.0000000000000000        0.0000000000000000     
           5          15   0.0000000000000000        0.0000000000000000     
          10          15   0.0000000000000000        0.0000000000000000     
          15          15   0.0000000000000000        0.0000000000000000     
          20          15   0.0000000000000000        0.0000000000000000     
          25          15   0.0000000000000000        0.0000000000000000     
          30          15   0.0000000000000000        0.0000000000000000     
          35          15   0.0000000000000000        0.0000000000000000     
          40          15   0.0000000000000000        0.0000000000000000     
          45          15   0.0000000000000000        0.0000000000000000     
          50          15   0.0000000000000000        0.0000000000000000     
          55          15   0.0000000000000000        0.0000000000000000     
          60          15   0.0000000000000000        0.0000000000000000     
          65          15   0.0000000000000000        0.0000000000000000     
          70          15   0.0000000000000000        0.0000000000000000     
          75          15   0.0000000000000000        0.0000000000000000     
          80          15   0.0000000000000000        0.0000000000000000     
          85          15   0.0000000000000000        0.0000000000000000     
          90          15   0.0000000000000000        0.0000000000000000     
          95          15   0.0000000000000000        0.0000000000000000     
           0          16   0.0000000000000000        0.0000000000000000     
           5          16   0.0000000000000000        0.0000000000000000     
          10          16   0.0000000000000000        0.0000000000000000     
          15          16   0.0000000000000000        0.0000000000000000     
          20          16   0.0000000000000000        0.0000000000000000     
          25          16   0.0000000000000000        0.0000000000000000     
          30          16   0.0000000000000000        0.0000000000000000     
          35          16   0.0000000000000000        0.0000000000000000     
          40          16   0.0000000000000000        0.0000000000000000     
          45          16   0.0000000000000000        0.0000000000000000     
          50          16   0.0000000000000000        0.0000000000000000     
          55          16   0.0000000000000000        0.0000000000000000     
          60          16   0.0000000000000000        0.0000000000000000     
          65          16   0.0000000000000000        0.0000000000000000     
          70          16   0.0000000000000000        0.0000000000000000     
          75          16   0.0000000000000000        0.0000000000000000     
          80          16   0.0000000000000000        0.0000000000000000     
          85          16   0.0000000000000000        0.0000000000000000     
          90          16   0.0000000000000000        0.0000000000000000     
          95          16   0.0000000000000000        0.0000000000000000     
