           0           0   0.0000000000000000        0.0000000000000000     
           5           0   0.0000000000000000        0.0000000000000000     
          10           0   0.0000000000000000        0.0000000000000000     
          15           0   0.0000000000000000        0.0000000000000000     
          20           0   0.0000000000000000        0.0000000000000000     
          25           0   0.0000000000000000        0.0000000000000000     
          30           0   0.0000000000000000        0.0000000000000000     
          35           0   0.0000000000000000        0.0000000000000000     
          40           0   0.0000000000000000        0.0000000000000000     
          45           0   0.0000000000000000        0.0000000000000000     
          50           0   0.0000000000000000        0.0000000000000000     
          55           0   0.0000000000000000        0.0000000000000000     
          60           0   0.0000000000000000        0.0000000000000000     
          65           0   0.0000000000000000        0.0000000000000000     
          70           0   0.0000000000000000        0.0000000000000000     
          75           0   0.0000000000000000        0.0000000000000000     
          80           0   0.0000000000000000        0.0000000000000000     
          85           0   0.0000000000000000        0.0000000000000000     
          90           0   0.0000000000000000        0.0000000000000000     
          95           0   0.0000000000000000        0.0000000000000000     
           0           1  -7.4933572163839862E-002  0.12694524615931152     
           5           1  -2.8827411480553122E-002   2.2583325724051528E-002
          10           1   2.6559865141106975E-002   1.9186252819703570E-002
          15           1 -0.10663451425085846        2.4721760258760578E-002
          20           1  -6.5007393565408300E-003 -0.13376280925930795     
          25           1  -6.1748639923475679E-002   1.7362014106230006E-002
          30           1  -7.3042500705611246E-002  -3.6626192819952386E-004
          35           1  -3.6907680090458861E-002   9.0706277081423203E-004
          40           1  -5.0906919811799511E-002   1.2870774448742878E-002
          45           1 -0.29374211441834941        3.5845868240260564E-002
          50           1  -7.9434850037696236E-002  -4.5587703378299760E-002
          55           1  -8.3803500594559210E-003   3.3628905174061530E-002
          60           1  -5.7738812768715064E-002  -1.1012130185124314E-002
          65           1 -0.21881352218255934        9.5750292043398494E-002
          70           1  -6.5204093604442903E-002  -2.2794905423922929E-002
          75           1 -0.11031432911590144        6.7838853117403730E-002
          80           1 -0.12093254020406619      -0.11313561679146544     
          85           1   2.4826229901853125E-002  -4.5380269422454211E-004
          90           1  -5.1668593826770248E-002   2.6700211473509872E-002
          95           1 -0.14734181435938076        9.8090325002797574E-002
           0           2 -0.14136675883338543      -0.14022629098820599     
           5           2 -0.20308903123718303        2.6100874600532009E-004
          10           2 -0.13118410635365452       -5.3138891801390864E-002
          15           2   0.0000000000000000        0.0000000000000000     
          20           2 -0.19579126210728104       -5.9144009148526244E-003
          25           2 -0.12764733597514510        3.2736505104873082E-002
          30           2 -0.12382742510363975        1.4212491607559774E-003
          35           2 -0.23179076344914673        2.2194485552289034E-002
          40           2 -0.34481292465693425       -3.3092295871062216E-002
          45           2 -0.31323546582029405        9.4436419026053264E-003
          50           2 -0.12445786443882056      -0.17689264507153579     
          55           2 -0.21938975345192624        1.6535599673232759E-002
          60           2  -6.5581573737150123E-002   3.2780377156316209E-002
          65           2  -7.4962750605811479E-002  -4.2046827341338244E-002
          70           2 -0.15201595938929557        6.5885068905660593E-002
          75           2  -4.6388018535292730E-002  -3.3916918232186621E-002
          80           2  -5.0294306941367495E-004   1.4672831138463904E-002
          85           2 -0.13145368637945687        3.7555382336879051E-002
          90           2 -0.23499808716964665       0.14814700621857552     
          95           2 -0.13864037526234441       -7.1019136229158453E-002
           0           3  -1.0836542019041546       -6.7666095759470746E-002
           5           3 -0.79324521339928233       -9.0712288484950943E-003
          10           3 -0.47473737660688742      -0.24329942534727367     
          15           3 -0.23704613935221497        3.2465130319070390E-002
          20           3 -0.53840265274995858        2.6910867723106691E-002
          25           3 -0.63068032014557129      -0.24913481411141525     
          30           3 -0.51169340477774661       0.10265583704288650     
          35           3 -0.24109038097630542       -5.5661937579734588E-002
          40           3 -0.46835249065901863        3.2468739129473678E-002
          45           3 -0.25643373593009500       -6.8753905012389205E-002
          50           3 -0.65009792542203293      -0.21457303858343768     
          55           3 -0.20437454083199746       -5.3669535186665063E-002
          60           3 -0.29243495411779286       -1.9599843989401289E-002
          65           3 -0.70381582294221090      -0.10412715762284086     
          70           3 -0.34745800015612005       0.11016453577449015     
          75           3 -0.46794232130054070       0.22718883090827591     
          80           3 -0.47188225932415229       -8.1712727412891484E-002
          85           3 -0.49358680662026089       -6.1123377155525294E-003
          90           3 -0.21921217784215408       0.12872492105783784     
          95           3 -0.58320822983848331      -0.14176140012318872     
           0           4 -0.81616926172695892       -7.7102888942429115E-002
           5           4  -1.0671343354263367      -0.12521251843998493     
          10           4 -0.31409442759464112      -0.20703521219168908     
          15           4 -0.25870627621854547        2.2641031120138044E-002
          20           4 -0.49711173132932496       -8.4865088406035905E-002
          25           4 -0.58315831553246156      -0.25962328261214251     
          30           4 -0.51524581868245267        5.4202488763491208E-002
          35           4 -0.43162907145510854        2.2597233401491779E-002
          40           4 -0.27253200837684677       -5.2500765657659265E-002
          45           4  -8.1180612365172600E-002  -7.6662772419203162E-002
          50           4 -0.39887646442249292      -0.11931844664733737     
          55           4 -0.32321068791252294       -7.6480298346129350E-002
          60           4 -0.72850288690862186        2.3680858909636004E-002
          65           4 -0.81222628983801393       -9.5516819410140785E-002
          70           4 -0.63276354928087919       -6.8316415387029150E-002
          75           4 -0.42423383760037403       0.22609400991295547     
          80           4 -0.51414525022441815      -0.13258686694612998     
          85           4 -0.84601754874569224      -0.21055901177791103     
          90           4 -0.25097878540436547       0.10544613810392622     
          95           4 -0.29772941819605769       -6.7381073790562240E-002
           0           5 -0.60384571889912286       -4.1108778913653832E-002
           5           5   0.0000000000000000        0.0000000000000000     
          10           5 -0.58780687244019969       -3.7613120719773296E-002
          15           5 -0.80686191741424773       0.17689204256966795     
          20           5 -0.43254727544267402       -8.8501061747889298E-002
          25           5 -0.31201733826480282       -1.6734376747859492E-002
          30           5 -0.33491961434151118        8.6877619223518776E-002
          35           5 -0.56125978594778747      -0.22000122795261257     
          40           5 -0.32096126093283939       -3.1541113469576998E-002
          45           5 -0.39208637092669196       -7.5264692488211105E-002
          50           5 -0.44545999079992349       -4.3554864700076634E-002
          55           5 -0.48577107820801935        7.2053206623054478E-002
          60           5 -0.59105428331096554       -5.6712027005564880E-002
          65           5 -0.40616313819685779        2.1626649091624484E-002
          70           5   0.0000000000000000        0.0000000000000000     
          75           5 -0.42582208678809685       0.21761553708123105     
          80           5 -0.57497953988905337      -0.11189565636858523     
          85           5 -0.57282626791388402       -1.7950889823620253E-002
          90           5 -0.86662133373160977       0.25857098884071728     
          95           5 -0.45494350965902264        6.6097245844040642E-002
           0           6  -1.1629432365553181      -0.18271106514561319     
           5           6  -1.2851517714990157       -6.6499908047065737E-002
          10           6 -0.57047346074395877       -3.7672721216186478E-002
          15           6 -0.45068262133435288       0.11902511515005099     
          20           6 -0.42199129894865406       -3.2815941139463511E-003
          25           6 -0.69189285605619766        2.9999599584287773E-002
          30           6 -0.36775142850997700       0.16326987452741637     
          35           6 -0.77181053344310691       -2.8360584027956048E-002
          40           6 -0.47578049764795960        1.1365369477489562E-002
          45           6 -0.49050362147251558      -0.12147868055617517     
          50           6 -0.43194107735122778        5.1242845146848293E-002
          55           6 -0.50481073642472118        4.7202317219469103E-002
          60           6 -0.58703531683579335       -2.5002265107779142E-002
          65           6 -0.58654667830171370        6.5089060326262160E-002
          70           6  -1.2942129412396586       -2.7389275541328528E-003
          75           6 -0.47537338409897600       0.23005660596417399     
          80           6 -0.54544922050481226       -8.5699430038832514E-002
          85           6 -0.78545450318157073       -5.0232151867432573E-002
          90           6 -0.60672262657823772        9.9825644310491679E-002
          95           6 -0.53350464694457145       -6.5768657010745191E-003
           0           7 -0.57379719762403081       -1.4455862471507430E-002
           5           7  -1.3767514749882248      -0.12876682026444208     
          10           7 -0.83881954928283209      -0.10050140070605451     
          15           7 -0.60594072721104064        9.7945189461989823E-002
          20           7  -1.3631088445409389      -0.23270767413430260     
          25           7 -0.73847921358283219        7.8493856828232289E-002
          30           7 -0.65276353519216901        7.0953511089044685E-002
          35           7 -0.75634962956538931       -7.4548627543857826E-002
          40           7 -0.65878974905897447        6.8046097507490355E-002
          45           7   0.0000000000000000        0.0000000000000000     
          50           7 -0.65017943034484382       -4.8834872492520276E-002
          55           7 -0.61818706015182023        6.7210515695970141E-002
          60           7  -1.1888154983918930      -0.27629729172251594     
          65           7 -0.61135899860675913        4.0246068527816092E-003
          70           7 -0.78614202707494307      -0.11062713861420548     
          75           7 -0.43274524686665039       0.41399713373857505     
          80           7 -0.69630664957354149       -4.7081304387353029E-002
          85           7  -1.9775462501459007      -0.26777273786818268     
          90           7  -1.3262727845830824       0.21116299485771095     
          95           7  -1.1702209064845537        4.4271961437830631E-002
           0           8 -0.81203351852696459        6.8964494861212255E-002
           5           8 -0.77077211151459213       -7.8337487880997259E-002
          10           8 -0.90915991503626170       -8.3469563122162693E-002
          15           8 -0.63752958452817365       0.12988110127176711     
          20           8 -0.72676869932924992       -2.5128287659548221E-002
          25           8 -0.86373796334415776       0.23273874463214383     
          30           8 -0.62378899079951200       0.10738993839382038     
          35           8 -0.95240458013290397      -0.21310576154343064     
          40           8 -0.80593252035077168       -3.2349889256266806E-003
          45           8 -0.61676604637461718       0.18213962442142906     
          50           8  -1.5092718929210491       -5.7303628088478664E-002
          55           8 -0.81244070926689282        1.6530899633326879E-002
          60           8 -0.60092550822177238        1.7106095187569004E-003
          65           8 -0.75398908068957660        6.9546330768999187E-002
          70           8   0.0000000000000000        0.0000000000000000     
          75           8 -0.86967708273433253      -0.12381220615642619     
          80           8 -0.74377412249915231       0.26121550797064685     
          85           8 -0.86903179005837217      -0.12454288459820551     
          90           8 -0.72618085623754602       0.10506911525681728     
          95           8 -0.59495584215585318       0.16809623713448518     
           0           9   0.0000000000000000        0.0000000000000000     
           5           9   0.0000000000000000        0.0000000000000000     
          10           9  -1.8693101105524135      -0.21975194771289841     
          15           9   0.0000000000000000        0.0000000000000000     
          20           9   0.0000000000000000        0.0000000000000000     
          25           9   0.0000000000000000        0.0000000000000000     
          30           9   0.0000000000000000        0.0000000000000000     
          35           9   0.0000000000000000        0.0000000000000000     
          40           9  -1.7842922946775808       0.12437668523712642     
          45           9 -0.66079920238826251       -2.4304993971324684E-002
          50           9   0.0000000000000000        0.0000000000000000     
          55           9   0.0000000000000000        0.0000000000000000     
          60           9   0.0000000000000000        0.0000000000000000     
          65           9  -1.0310969173576989       0.22786395408758153     
          70           9   0.0000000000000000        0.0000000000000000     
          75           9   0.0000000000000000        0.0000000000000000     
          80           9   0.0000000000000000        0.0000000000000000     
          85           9   0.0000000000000000        0.0000000000000000     
          90           9   0.0000000000000000        0.0000000000000000     
          95           9   0.0000000000000000        0.0000000000000000     
           0          10   0.0000000000000000        0.0000000000000000     
           5          10   0.0000000000000000        0.0000000000000000     
          10          10   0.0000000000000000        0.0000000000000000     
          15          10   0.0000000000000000        0.0000000000000000     
          20          10   0.0000000000000000        0.0000000000000000     
          25          10   0.0000000000000000        0.0000000000000000     
          30          10   0.0000000000000000        0.0000000000000000     
          35          10   0.0000000000000000        0.0000000000000000     
          40          10   0.0000000000000000        0.0000000000000000     
          45          10   0.0000000000000000        0.0000000000000000     
          50          10   0.0000000000000000        0.0000000000000000     
          55          10   0.0000000000000000        0.0000000000000000     
          60          10   0.0000000000000000        0.0000000000000000     
          65          10   0.0000000000000000        0.0000000000000000     
          70          10   0.0000000000000000        0.0000000000000000     
          75          10   0.0000000000000000        0.0000000000000000     
          80          10   0.0000000000000000        0.0000000000000000     
          85          10   0.0000000000000000        0.0000000000000000     
          90          10   0.0000000000000000        0.0000000000000000     
          95          10   0.0000000000000000        0.0000000000000000     
           0          11   0.0000000000000000        0.0000000000000000     
           5          11   0.0000000000000000        0.0000000000000000     
          10          11   0.0000000000000000        0.0000000000000000     
          15          11   0.0000000000000000        0.0000000000000000     
          20          11   0.0000000000000000        0.0000000000000000     
          25          11   0.0000000000000000        0.0000000000000000     
          30          11   0.0000000000000000        0.0000000000000000     
          35          11   0.0000000000000000        0.0000000000000000     
          40          11   0.0000000000000000        0.0000000000000000     
          45          11   0.0000000000000000        0.0000000000000000     
          50          11   0.0000000000000000        0.0000000000000000     
          55          11   0.0000000000000000        0.0000000000000000     
          60          11   0.0000000000000000        0.0000000000000000     
          65          11   0.0000000000000000        0.0000000000000000     
          70          11   0.0000000000000000        0.0000000000000000     
          75          11   0.0000000000000000        0.0000000000000000     
          80          11   0.0000000000000000        0.0000000000000000     
          85          11   0.0000000000000000        0.0000000000000000     
          90          11   0.0000000000000000        0.0000000000000000     
          95          11   0.0000000000000000        0.0000000000000000     
           0          12   0.0000000000000000        0.0000000000000000     
           5          12   0.0000000000000000        0.0000000000000000     
          10          12   0.0000000000000000        0.0000000000000000     
          15          12   0.0000000000000000        0.0000000000000000     
          20          12   0.0000000000000000        0.0000000000000000     
          25          12   0.0000000000000000        0.0000000000000000     
          30          12   0.0000000000000000        0.0000000000000000     
          35          12   0.0000000000000000        0.0000000000000000     
          40          12   0.0000000000000000        0.0000000000000000     
          45          12   0.0000000000000000        0.0000000000000000     
          50          12   0.0000000000000000        0.0000000000000000     
          55          12   0.0000000000000000        0.0000000000000000     
          60          12   0.0000000000000000        0.0000000000000000     
          65          12   0.0000000000000000        0.0000000000000000     
          70          12   0.0000000000000000        0.0000000000000000     
          75          12   0.0000000000000000        0.0000000000000000     
          80          12   0.0000000000000000        0.0000000000000000     
          85          12   0.0000000000000000        0.0000000000000000     
          90          12   0.0000000000000000        0.0000000000000000     
          95          12   0.0000000000000000        0.0000000000000000     
           0          13   0.0000000000000000        0.0000000000000000     
           5          13   0.0000000000000000        0.0000000000000000     
          10          13   0.0000000000000000        0.0000000000000000     
          15          13   0.0000000000000000        0.0000000000000000     
          20          13   0.0000000000000000        0.0000000000000000     
          25          13   0.0000000000000000        0.0000000000000000     
          30          13   0.0000000000000000        0.0000000000000000     
          35          13   0.0000000000000000        0.0000000000000000     
          40          13   0.0000000000000000        0.0000000000000000     
          45          13   0.0000000000000000        0.0000000000000000     
          50          13   0.0000000000000000        0.0000000000000000     
          55          13   0.0000000000000000        0.0000000000000000     
          60          13   0.0000000000000000        0.0000000000000000     
          65          13   0.0000000000000000        0.0000000000000000     
          70          13   0.0000000000000000        0.0000000000000000     
          75          13   0.0000000000000000        0.0000000000000000     
          80          13   0.0000000000000000        0.0000000000000000     
          85          13   0.0000000000000000        0.0000000000000000     
          90          13   0.0000000000000000        0.0000000000000000     
          95          13   0.0000000000000000        0.0000000000000000     
           0          14   0.0000000000000000        0.0000000000000000     
           5          14   0.0000000000000000        0.0000000000000000     
          10          14   0.0000000000000000        0.0000000000000000     
          15          14   0.0000000000000000        0.0000000000000000     
          20          14   0.0000000000000000        0.0000000000000000     
          25          14   0.0000000000000000        0.0000000000000000     
          30          14   0.0000000000000000        0.0000000000000000     
          35          14   0.0000000000000000        0.0000000000000000     
          40          14   0.0000000000000000        0.0000000000000000     
          45          14   0.0000000000000000        0.0000000000000000     
          50          14   0.0000000000000000        0.0000000000000000     
          55          14   0.0000000000000000        0.0000000000000000     
          60          14   0.0000000000000000        0.0000000000000000     
          65          14   0.0000000000000000        0.0000000000000000     
          70          14   0.0000000000000000        0.0000000000000000     
          75          14   0.0000000000000000        0.0000000000000000     
          80          14   0.0000000000000000        0.0000000000000000     
          85          14   0.0000000000000000        0.0000000000000000     
          90          14   0.0000000000000000        0.0000000000000000     
          95          14   0.0000000000000000        0.0000000000000000     
           0          15   0.0000000000000000        0.0000000000000000     
           5          15   0.0000000000000000        0.0000000000000000     
          10          15   0.0000000000000000        0.0000000000000000     
          15          15   0.0000000000000000        0.0000000000000000     
          20          15   0.0000000000000000        0.0000000000000000     
          25          15   0.0000000000000000        0.0000000000000000     
          30          15   0.0000000000000000        0.0000000000000000     
          35          15   0.0000000000000000        0.0000000000000000     
          40          15   0.0000000000000000        0.0000000000000000     
          45          15   0.0000000000000000        0.0000000000000000     
          50          15   0.0000000000000000        0.0000000000000000     
          55          15   0.0000000000000000        0.0000000000000000     
          60          15   0.0000000000000000        0.0000000000000000     
          65          15   0.0000000000000000        0.0000000000000000     
          70          15   0.0000000000000000        0.0000000000000000     
          75          15   0.0000000000000000        0.0000000000000000     
          80          15   0.0000000000000000        0.0000000000000000     
          85          15   0.0000000000000000        0.0000000000000000     
          90          15   0.0000000000000000        0.0000000000000000     
          95          15   0.0000000000000000        0.0000000000000000     
           0          16   0.0000000000000000        0.0000000000000000     
           5          16   0.0000000000000000        0.0000000000000000     
          10          16   0.0000000000000000        0.0000000000000000     
          15          16   0.0000000000000000        0.0000000000000000     
          20          16   0.0000000000000000        0.0000000000000000     
          25          16   0.0000000000000000        0.0000000000000000     
          30          16   0.0000000000000000        0.0000000000000000     
          35          16   0.0000000000000000        0.0000000000000000     
          40          16   0.0000000000000000        0.0000000000000000     
          45          16   0.0000000000000000        0.0000000000000000     
          50          16   0.0000000000000000        0.0000000000000000     
          55          16   0.0000000000000000        0.0000000000000000     
          60          16   0.0000000000000000        0.0000000000000000     
          65          16   0.0000000000000000        0.0000000000000000     
          70          16   0.0000000000000000        0.0000000000000000     
          75          16   0.0000000000000000        0.0000000000000000     
          80          16   0.0000000000000000        0.0000000000000000     
          85          16   0.0000000000000000        0.0000000000000000     
          90          16   0.0000000000000000        0.0000000000000000     
          95          16   0.0000000000000000        0.0000000000000000     
