           0           0   0.0000000000000000        0.0000000000000000     
           5           0   0.0000000000000000        0.0000000000000000     
          10           0   0.0000000000000000        0.0000000000000000     
          15           0   0.0000000000000000        0.0000000000000000     
          20           0   0.0000000000000000        0.0000000000000000     
          25           0   0.0000000000000000        0.0000000000000000     
          30           0   0.0000000000000000        0.0000000000000000     
          35           0   0.0000000000000000        0.0000000000000000     
          40           0   0.0000000000000000        0.0000000000000000     
          45           0   0.0000000000000000        0.0000000000000000     
          50           0   0.0000000000000000        0.0000000000000000     
          55           0   0.0000000000000000        0.0000000000000000     
          60           0   0.0000000000000000        0.0000000000000000     
          65           0   0.0000000000000000        0.0000000000000000     
          70           0   0.0000000000000000        0.0000000000000000     
          75           0   0.0000000000000000        0.0000000000000000     
          80           0   0.0000000000000000        0.0000000000000000     
          85           0   0.0000000000000000        0.0000000000000000     
          90           0   0.0000000000000000        0.0000000000000000     
          95           0   0.0000000000000000        0.0000000000000000     
           0           1  -1.0728513573160514       0.49706113489311754     
           5           1 -0.86315280721116494       0.71772536397229914     
          10           1  -1.3255512695398153      -0.37829453076176911     
          15           1 -0.24363107685054786       0.21351672352842854     
          20           1 -0.24533644584323611       0.13599297394639720     
          25           1 -0.32855133362375000       0.10260801192818469     
          30           1 -0.17958228841763457       -8.4218259094326342E-002
          35           1 -0.17710634718781648       -5.2205400180582728E-003
          40           1 -0.19036558047247354       -3.7025355555941886E-002
          45           1 -0.29282089116122734        3.2918809134141469E-002
          50           1 -0.33800915272053089       -2.1036312380928734E-003
          55           1 -0.69334182050795334       0.24045409411366236     
          60           1 -0.88993630868117179      -0.29966695926697540     
          65           1  -2.2663983108373031       0.89690716441492846     
          70           1  -1.4342581356174833      -0.58453034946448490     
          75           1  -1.6434259963915565       0.88608582027638327     
          80           1  -1.8608644899842375      -0.71539531169562132     
          85           1  -1.2886653107813117       0.50417291933668729     
          90           1  -1.5022350788740368      -0.45662241923816183     
          95           1  -1.4947324142866592       0.62869822553657251     
           0           2  -1.2266866409996191       -1.5418491319740824     
           5           2  -1.5048666704187141      -0.31499107098431622     
          10           2  -1.8873769529648143       -1.2313554755682965     
          15           2  -3.0076426787672972       -1.1705750857737840     
          20           2  -4.1899673125556092       -1.2550116373044595     
          25           2  -3.4164617849619106       -1.0376639435438761     
          30           2  -3.5522215697803006       -1.2154150564192001     
          35           2  -3.4718182350701454       -1.2244599900967934     
          40           2  -3.3643552674078592       -1.0701557432146735     
          45           2  -3.3591733366478138      -0.90910447738679068     
          50           2  -3.2897974458379053      -0.96478054177451256     
          55           2  -3.3341157047317438      -0.85509111635850843     
          60           2  -3.1639022907370418       -1.2672926782664184     
          65           2  -3.3490973052607842       0.66165283455932311     
          70           2  -3.1940490541160216       -1.3153631336160210     
          75           2  -2.7955618028130402       0.61120290828942103     
          80           2  -2.8431469663559028       -1.0906088208972875     
          85           2  -2.7708419248995142        3.3768193306027428E-002
          90           2  -2.5395056025701024       -1.1379120350474281     
          95           2  -1.9377659076269538       0.41387772641288123     
           0           3  -1.8396210438720306       -1.0199325797111136     
           5           3  -1.9465273664875937      -0.39305000285594360     
          10           3  -2.4501740971061281       -1.3463765591104071     
          15           3  -3.1595515127502694       -1.4388288405009497     
          20           3  -3.2525495296908957       -1.4703395576298739     
          25           3  -3.3568262281491457      -0.96048830031447707     
          30           3  -3.3197116561822781       -1.1796872324598695     
          35           3  -3.2865240839186072       -1.1331245018797453     
          40           3  -3.2545291989549696       -1.3758642136152410     
          45           3  -3.1780119078561597      -0.98000552690713505     
          50           3  -3.0854693113724352      -0.93407748573248739     
          55           3  -3.3296572719976325       -1.0461241452919268     
          60           3  -3.2463194165899267      -0.93990394192333682     
          65           3  -2.8403444366631447       -1.6705162523567019     
          70           3  -2.8077177867658065       -1.2488044579872515     
          75           3  -3.1236946252022335      -0.12110431828249446     
          80           3  -2.5016369903596569       -1.0021952006544765     
          85           3  -2.5382134359119846       -6.4240110186908339E-002
          90           3  -2.1040529997407020       -1.0583030104438507     
          95           3  -1.9194171081693412      -0.68144471254694139     
           0           4  -5.1475900762864946       -2.4226398199633792     
           5           4  -5.3428197413829537       -2.9936435059285671     
          10           4  -5.5435002454817806       -2.5534561682816204     
          15           4  -6.3911789809178998       -2.5750319990036630     
          20           4  -6.3972839925519054       -2.4997450100450180     
          25           4  -6.6120417732484782       -2.3864670384332598     
          30           4  -6.4231683648863225       -2.2741350691690698     
          35           4  -6.3572710687864742       -2.5835309804023154     
          40           4  -6.5316242131530089       -2.7645268751275154     
          45           4  -6.0352058302370892       -1.8702483545229853     
          50           4  -5.9887567843830425       -1.9763904959413381     
          55           4  -5.7557839094002361       -2.0639416998857740     
          60           4  -5.8214816475654629       -1.9653077796322194     
          65           4  -5.7621412440056474       -2.8542143148069243     
          70           4  -5.3931933408790655       -1.5459351326807536     
          75           4  -4.7537483942505787       -1.5877029017152822     
          80           4  -5.3647924868016617       -1.5836349602738053     
          85           4  -5.2357469078145868       -1.2467963229756407     
          90           4  -4.9421928523685210       -1.6677046608748469     
          95           4  -4.8949529116271151       -1.9935574106932918     
           0           5  -2.5541459244554643      -0.95969002928519842     
           5           5  -2.8405117686736148       -1.3785097367202681     
          10           5  -3.1198840544899298       -1.2005034493212108     
          15           5  -3.2853313771230575       -1.1673887211482992     
          20           5  -3.1753937619782846       -1.1663875740008933     
          25           5  -3.1732777594228878       -1.1723271160324344     
          30           5  -3.1348511800288748       -1.2339562269669813     
          35           5  -3.1800358171452103       -1.1213813354515878     
          40           5  -3.1433161679217392       -1.3147673800872894     
          45           5  -3.0589687228399498      -0.90199466138418671     
          50           5  -2.9950222328167797      -0.98784057410483683     
          55           5  -2.8836904928297713       -1.1998068770369130     
          60           5  -2.8972096961865645       -1.0564152932435178     
          65           5  -2.8216575634587571       -1.2965767279426998     
          70           5  -2.7762292687327772      -0.59134845389774426     
          75           5  -2.7140122045210546      -0.79648856439629157     
          80           5  -2.7415812175490828      -0.75219007171778429     
          85           5  -2.7489788298851181      -0.53812812283560163     
          90           5  -2.6354929912031366      -0.47381160719783821     
          95           5  -2.6509463983614978      -0.89092840942495144     
           0           6  -2.6267521351164280       -1.1437754288978752     
           5           6  -2.8581742686428768       -1.2693540606489861     
          10           6  -3.2570699808243120       -1.1092884222918542     
          15           6  -3.3036348917558911       -1.1342192060848078     
          20           6  -3.1058773152281560       -1.2055428312152117     
          25           6  -3.0586408143662425       -1.1972897048906361     
          30           6  -2.9741110842707030       -1.2809815952063985     
          35           6  -2.8751040661489924       -1.4206519425297159     
          40           6  -3.4726251907812866       -1.1495600332889211     
          45           6  -3.0548247858419586      -0.87328575937295483     
          50           6  -2.9128213867934960       -1.1576151706105264     
          55           6  -2.9863808923025204       -1.2366311708644773     
          60           6  -2.9875184815963962       -1.0621118293752119     
          65           6  -2.7861760369063404      -0.82495769327728397     
          70           6  -2.8390411607404076      -0.71874935311466714     
          75           6  -2.5871022666024146      -0.69804063788758697     
          80           6  -2.7054218099209493      -0.70376888706924490     
          85           6  -2.8389940364803579      -0.47143370046409672     
          90           6  -2.6162307175070509      -0.33044275996818584     
          95           6  -2.6399467000004506       -1.0826244694950304     
           0           7  -2.7230480208575254       -1.3584281427458933     
           5           7  -2.7807362045928485       -1.3509148738632959     
          10           7  -3.4127140062611971       -1.2411425369585061     
          15           7  -3.2165280748852609       -1.1665155488138623     
          20           7  -3.1892038520808796       -1.1225655773028365     
          25           7  -2.9259204077547452       -1.3646181783810718     
          30           7  -2.9741694239682204       -1.1703828475084777     
          35           7  -2.8941882904121030       -1.2292056572160703     
          40           7  -3.1550259951984572      -0.88304687411167038     
          45           7  -3.0052686035375586      -0.80482718893826188     
          50           7  -2.8840933525131618       -1.3244243223953234     
          55           7  -2.9373545868693895       -1.1446431464490203     
          60           7  -2.9926420978299006      -0.94565197775953180     
          65           7  -3.1782055320661584       -1.2346324164136391     
          70           7  -2.8011086503454408      -0.43570656466318525     
          75           7  -2.5539368434834842      -0.45767384862394067     
          80           7  -2.7305477056671634       -1.0656806917630490     
          85           7  -2.7188093376651068      -0.59546032975532626     
          90           7  -2.5434529385393034      -0.48468354000075209     
          95           7  -2.5939009474740260      -0.82798466225941780     
           0           8  -2.9182347365852568       -1.2297974446351390     
           5           8  -3.0170507988680484       -1.0942288126702948     
          10           8  -3.2804015980314460       -1.5157134416909912     
          15           8  -2.8932069047638009       -1.3478612970185821     
          20           8  -2.8262311614923874       -1.1367838167242184     
          25           8  -2.8180185470461083       -1.4936367997986366     
          30           8  -2.6205820171298910       -1.3390546110425561     
          35           8  -2.3151774104235301       -1.4351417944080680     
          40           8  -2.9232286656366568       -1.1362336168918574     
          45           8  -2.8819191159001889      -0.71281969577619009     
          50           8  -3.0511681941902680      -0.79399762930698614     
          55           8  -2.8152531218594845       -1.0748293184992264     
          60           8  -2.5681570383540020      -0.96800496493187893     
          65           8  -2.4891405869453820       -1.4375170190472630     
          70           8  -2.5264128774438177      -0.54329765865723800     
          75           8  -2.7838266768753783      -0.58595672947525657     
          80           8  -2.5505860507735179      -0.96144798386710306     
          85           8  -2.5204477640272671      -0.34969285028552122     
          90           8  -2.6329383916845472      -0.45718189840115997     
          95           8  -2.5591055360507653      -0.91045367494047014     
           0           9  -2.8625883914540351       -1.7316942021050608     
           5           9  -3.1899667078549854       -1.0078917755063088     
          10           9  -3.4251065121093660       -1.3527593236251079     
          15           9  -3.2439950802487516       -1.7988957025760755     
          20           9  -4.3141713510408408      -0.22425719754970430     
          25           9  -3.7389865089565433      -0.89346325556682871     
          30           9   0.0000000000000000        0.0000000000000000     
          35           9  -4.6575438544493863       -1.2357687767750036     
          40           9  -4.9020902366692098       -1.6023809608878281     
          45           9  -4.3525608338512711       -1.3254680607399649     
          50           9  -3.6082099711620685      -0.15921808164343076     
          55           9  -2.3852780947919427       -1.4920673474261292     
          60           9  -3.0695122682544707      -0.76998301520525558     
          65           9  -2.7022500782436509       -1.3233562607606331     
          70           9  -2.5554411512018760      -0.96431662431228915     
          75           9  -2.8527057177285542      -0.47362807067408141     
          80           9  -2.6778752475564715      -0.94942205918435718     
          85           9  -2.6860421227326015      -0.15558738169829667     
          90           9  -2.9084803313139673      -0.33495878076550412     
          95           9  -2.8055017940431526       -1.1689541334281017     
           0          10   0.0000000000000000        0.0000000000000000     
           5          10   0.0000000000000000        0.0000000000000000     
          10          10   0.0000000000000000        0.0000000000000000     
          15          10   0.0000000000000000        0.0000000000000000     
          20          10   0.0000000000000000        0.0000000000000000     
          25          10   0.0000000000000000        0.0000000000000000     
          30          10   0.0000000000000000        0.0000000000000000     
          35          10   0.0000000000000000        0.0000000000000000     
          40          10   0.0000000000000000        0.0000000000000000     
          45          10   0.0000000000000000        0.0000000000000000     
          50          10   0.0000000000000000        0.0000000000000000     
          55          10   0.0000000000000000        0.0000000000000000     
          60          10   0.0000000000000000        0.0000000000000000     
          65          10   0.0000000000000000        0.0000000000000000     
          70          10   0.0000000000000000        0.0000000000000000     
          75          10  -4.5404457773656759       -2.2749955881540274     
          80          10   0.0000000000000000        0.0000000000000000     
          85          10   0.0000000000000000        0.0000000000000000     
          90          10  -6.9611022939852774       -1.7964269276138367     
          95          10   0.0000000000000000        0.0000000000000000     
           0          11   0.0000000000000000        0.0000000000000000     
           5          11   0.0000000000000000        0.0000000000000000     
          10          11   0.0000000000000000        0.0000000000000000     
          15          11  -5.6307135486566295       -1.3341517835119276     
          20          11   0.0000000000000000        0.0000000000000000     
          25          11   0.0000000000000000        0.0000000000000000     
          30          11   0.0000000000000000        0.0000000000000000     
          35          11   0.0000000000000000        0.0000000000000000     
          40          11   0.0000000000000000        0.0000000000000000     
          45          11  -10.398155707420642       -1.5501737532463977     
          50          11   0.0000000000000000        0.0000000000000000     
          55          11   0.0000000000000000        0.0000000000000000     
          60          11   0.0000000000000000        0.0000000000000000     
          65          11   0.0000000000000000        0.0000000000000000     
          70          11   0.0000000000000000        0.0000000000000000     
          75          11   0.0000000000000000        0.0000000000000000     
          80          11   0.0000000000000000        0.0000000000000000     
          85          11   0.0000000000000000        0.0000000000000000     
          90          11   0.0000000000000000        0.0000000000000000     
          95          11   0.0000000000000000        0.0000000000000000     
           0          12   0.0000000000000000        0.0000000000000000     
           5          12   0.0000000000000000        0.0000000000000000     
          10          12   0.0000000000000000        0.0000000000000000     
          15          12   0.0000000000000000        0.0000000000000000     
          20          12   0.0000000000000000        0.0000000000000000     
          25          12   0.0000000000000000        0.0000000000000000     
          30          12   0.0000000000000000        0.0000000000000000     
          35          12   0.0000000000000000        0.0000000000000000     
          40          12   0.0000000000000000        0.0000000000000000     
          45          12   0.0000000000000000        0.0000000000000000     
          50          12   0.0000000000000000        0.0000000000000000     
          55          12   0.0000000000000000        0.0000000000000000     
          60          12   0.0000000000000000        0.0000000000000000     
          65          12   0.0000000000000000        0.0000000000000000     
          70          12   0.0000000000000000        0.0000000000000000     
          75          12   0.0000000000000000        0.0000000000000000     
          80          12   0.0000000000000000        0.0000000000000000     
          85          12   0.0000000000000000        0.0000000000000000     
          90          12   0.0000000000000000        0.0000000000000000     
          95          12   0.0000000000000000        0.0000000000000000     
           0          13   0.0000000000000000        0.0000000000000000     
           5          13   0.0000000000000000        0.0000000000000000     
          10          13   0.0000000000000000        0.0000000000000000     
          15          13   0.0000000000000000        0.0000000000000000     
          20          13   0.0000000000000000        0.0000000000000000     
          25          13   0.0000000000000000        0.0000000000000000     
          30          13   0.0000000000000000        0.0000000000000000     
          35          13   0.0000000000000000        0.0000000000000000     
          40          13   0.0000000000000000        0.0000000000000000     
          45          13   0.0000000000000000        0.0000000000000000     
          50          13   0.0000000000000000        0.0000000000000000     
          55          13   0.0000000000000000        0.0000000000000000     
          60          13   0.0000000000000000        0.0000000000000000     
          65          13   0.0000000000000000        0.0000000000000000     
          70          13   0.0000000000000000        0.0000000000000000     
          75          13   0.0000000000000000        0.0000000000000000     
          80          13   0.0000000000000000        0.0000000000000000     
          85          13   0.0000000000000000        0.0000000000000000     
          90          13   0.0000000000000000        0.0000000000000000     
          95          13   0.0000000000000000        0.0000000000000000     
           0          14   0.0000000000000000        0.0000000000000000     
           5          14   0.0000000000000000        0.0000000000000000     
          10          14   0.0000000000000000        0.0000000000000000     
          15          14   0.0000000000000000        0.0000000000000000     
          20          14   0.0000000000000000        0.0000000000000000     
          25          14   0.0000000000000000        0.0000000000000000     
          30          14   0.0000000000000000        0.0000000000000000     
          35          14   0.0000000000000000        0.0000000000000000     
          40          14   0.0000000000000000        0.0000000000000000     
          45          14   0.0000000000000000        0.0000000000000000     
          50          14   0.0000000000000000        0.0000000000000000     
          55          14   0.0000000000000000        0.0000000000000000     
          60          14   0.0000000000000000        0.0000000000000000     
          65          14   0.0000000000000000        0.0000000000000000     
          70          14   0.0000000000000000        0.0000000000000000     
          75          14   0.0000000000000000        0.0000000000000000     
          80          14   0.0000000000000000        0.0000000000000000     
          85          14   0.0000000000000000        0.0000000000000000     
          90          14   0.0000000000000000        0.0000000000000000     
          95          14   0.0000000000000000        0.0000000000000000     
           0          15   0.0000000000000000        0.0000000000000000     
           5          15   0.0000000000000000        0.0000000000000000     
          10          15   0.0000000000000000        0.0000000000000000     
          15          15   0.0000000000000000        0.0000000000000000     
          20          15   0.0000000000000000        0.0000000000000000     
          25          15   0.0000000000000000        0.0000000000000000     
          30          15   0.0000000000000000        0.0000000000000000     
          35          15   0.0000000000000000        0.0000000000000000     
          40          15   0.0000000000000000        0.0000000000000000     
          45          15   0.0000000000000000        0.0000000000000000     
          50          15   0.0000000000000000        0.0000000000000000     
          55          15   0.0000000000000000        0.0000000000000000     
          60          15   0.0000000000000000        0.0000000000000000     
          65          15   0.0000000000000000        0.0000000000000000     
          70          15   0.0000000000000000        0.0000000000000000     
          75          15   0.0000000000000000        0.0000000000000000     
          80          15   0.0000000000000000        0.0000000000000000     
          85          15   0.0000000000000000        0.0000000000000000     
          90          15   0.0000000000000000        0.0000000000000000     
          95          15   0.0000000000000000        0.0000000000000000     
           0          16   0.0000000000000000        0.0000000000000000     
           5          16   0.0000000000000000        0.0000000000000000     
          10          16   0.0000000000000000        0.0000000000000000     
          15          16   0.0000000000000000        0.0000000000000000     
          20          16   0.0000000000000000        0.0000000000000000     
          25          16   0.0000000000000000        0.0000000000000000     
          30          16   0.0000000000000000        0.0000000000000000     
          35          16   0.0000000000000000        0.0000000000000000     
          40          16   0.0000000000000000        0.0000000000000000     
          45          16   0.0000000000000000        0.0000000000000000     
          50          16   0.0000000000000000        0.0000000000000000     
          55          16   0.0000000000000000        0.0000000000000000     
          60          16   0.0000000000000000        0.0000000000000000     
          65          16   0.0000000000000000        0.0000000000000000     
          70          16   0.0000000000000000        0.0000000000000000     
          75          16   0.0000000000000000        0.0000000000000000     
          80          16   0.0000000000000000        0.0000000000000000     
          85          16   0.0000000000000000        0.0000000000000000     
          90          16   0.0000000000000000        0.0000000000000000     
          95          16   0.0000000000000000        0.0000000000000000     
