           0           0   0.0000000000000000        0.0000000000000000     
           5           0   0.0000000000000000        0.0000000000000000     
          10           0   0.0000000000000000        0.0000000000000000     
          15           0   0.0000000000000000        0.0000000000000000     
          20           0   0.0000000000000000        0.0000000000000000     
          25           0   0.0000000000000000        0.0000000000000000     
          30           0   0.0000000000000000        0.0000000000000000     
          35           0   0.0000000000000000        0.0000000000000000     
          40           0   0.0000000000000000        0.0000000000000000     
          45           0   0.0000000000000000        0.0000000000000000     
          50           0   0.0000000000000000        0.0000000000000000     
          55           0   0.0000000000000000        0.0000000000000000     
          60           0   0.0000000000000000        0.0000000000000000     
          65           0   0.0000000000000000        0.0000000000000000     
          70           0   0.0000000000000000        0.0000000000000000     
          75           0   0.0000000000000000        0.0000000000000000     
          80           0   0.0000000000000000        0.0000000000000000     
          85           0   0.0000000000000000        0.0000000000000000     
          90           0   0.0000000000000000        0.0000000000000000     
          95           0   0.0000000000000000        0.0000000000000000     
           0           1 -0.14138118863360472      -0.21267791375567668     
           5           1 -0.10185997254108514       0.25932885574064812     
          10           1  0.13003205239670024       0.10113779543852175     
          15           1 -0.76422357260241824        6.1100345423170666E-002
          20           1 -0.54265225923444405      -0.10885409373551092     
          25           1 -0.40104311663569092       0.10688652808843457     
          30           1 -0.22006590862488906       -6.5737404504329078E-002
          35           1  -1.1233491894557801       0.27804585396085102     
          40           1  -1.3190479871383332      -0.21004414186287512     
          45           1 -0.54517209928661714       0.15001738691400313     
          50           1 -0.62178998199158286      -0.24578917047102244     
          55           1  -1.0912348356129087       0.37931113050060361     
          60           1  -1.9334153059702430      -0.20579659194663869     
          65           1 -0.60248401489104708       0.53696182140239301     
          70           1 -0.45109148310018554       -6.5504437718466590E-003
          75           1 -0.32094194615694960       0.11354340141767061     
          80           1  -6.9268909612674179E-002   6.7833327285216072E-002
          85           1  -1.4188878283505346       0.44756397278633564     
          90           1 -0.87783453430745340        1.1005458386836864E-002
          95           1 -0.41124017165827809       0.35399265847058103     
           0           2  -2.3665994939153778      -0.28651009543301242     
           5           2  -2.2879336786552074        2.9589796224360754E-002
          10           2  -2.3498423567414051       -5.5020349369883093E-002
          15           2  -2.2806890934301549        3.9345187885508892E-003
          20           2  -2.3506790167004965      -0.19874294245880719     
          25           2  -2.4201919370980818        9.9231952732647954E-002
          30           2  -2.3608416478992922      -0.16614627347921740     
          35           2  -2.5473082468963071       0.35367114948003930     
          40           2  -2.6884498707957505      -0.23877339711653178     
          45           2  -2.1329394567359827       0.22601518423259748     
          50           2  -2.7234162520173300      -0.49569088615086798     
          55           2  -2.8446140711224643       0.50106525870008412     
          60           2  -2.6981950921012299      -0.45516754468399867     
          65           2  -2.4307471225881727       0.26202957722265552     
          70           2  -2.3625706783292344      -0.13589203611719114     
          75           2  -2.2457043886703332      -0.24444591835370844     
          80           2  -2.1454223868033750        4.6263634034815482E-002
          85           2  -2.6626690754483207       0.47767440585655407     
          90           2  -2.8778407043006382      -0.20477998634138572     
          95           2  -2.5596239936476195       0.16603636735057492     
           0           3  -2.7997105180202313      -0.19244948401997419     
           5           3  -2.6353009764878976        3.0635869516792980E-002
          10           3  -2.6464509928825208      -0.19761869880952077     
          15           3  -2.7345943157985886      -0.40348264171763404     
          20           3  -2.3883370216815081      -0.11032672256883203     
          25           3  -2.4923386482811338      -0.29259905610867776     
          30           3  -2.5929836862736977       -6.5135449125452993E-002
          35           3  -2.5983058470657738      -0.66081691085795313     
          40           3  -2.6437216034125299      -0.32618676272910818     
          45           3  -2.4876603998436053      -0.35796951844746516     
          50           3  -2.8145149064329189      -0.27902890654685208     
          55           3  -2.8774143619614279      -0.11681902114535347     
          60           3  -2.5254249088391134      -0.36128457589823526     
          65           3  -2.6163234512921463      -0.37337336417975209     
          70           3  -2.4221246351174841      -0.23445669989463624     
          75           3  -2.4167727068657996        9.7245719576921630E-002
          80           3  -2.4381178360499689      -0.35227210980259827     
          85           3  -3.1654189663044008      -0.14558568042000175     
          90           3  -2.9132952820276614      -0.16221120751058749     
          95           3  -2.4947864294233568      -0.41479712405534386     
           0           4  -2.6316223708305886       -4.2569498179823029E-002
           5           4  -2.5895899891947849       -2.4732876173771956E-002
          10           4  -2.5940508747712698       -3.8777595356975780E-002
          15           4  -2.6588040396546830      -0.32584178566885669     
          20           4  -2.5136248273227579       -6.2352721212910467E-002
          25           4  -2.5055226403480901      -0.24902135088655797     
          30           4  -2.6517782822210734      -0.16283319774768046     
          35           4  -2.5241709172263427      -0.58371995774297858     
          40           4  -2.6048021031144231      -0.25563680779772113     
          45           4  -2.4336116802103902      -0.38042551723904694     
          50           4  -2.6777741425476620       0.21364527673206624     
          55           4  -2.7875105092789454      -0.41959451234863110     
          60           4  -2.5626571444448132      -0.28844441416708833     
          65           4  -2.5783973647008906      -0.45690743605497630     
          70           4  -2.4654842480487105      -0.25047005602463202     
          75           4  -2.4942993010057535       0.17814886269285068     
          80           4  -2.5558710041906352       0.30429915033991506     
          85           4  -2.9591471452761198      -0.15428453271848497     
          90           4  -2.6309785712186340      -0.91025578528025619     
          95           4  -2.4019826913956877      -0.28986789903484578     
           0           5  -5.6253542978551394      -0.12265151403401120     
           5           5  -4.9795718798506527        2.7691557349385221E-002
          10           5  -4.9511366606402873      -0.36189833401145677     
          15           5  -5.1355735607216957      -0.85879751201556331     
          20           5  -4.8534997471705310      -0.89410038760284749     
          25           5  -5.1256214009853807      -0.25814514744038064     
          30           5  -5.3133533694449397      -0.34925611136493728     
          35           5  -5.0903298346582915       -1.6518694598666173     
          40           5  -5.0444524304893434      -0.66725502002817905     
          45           5  -5.0014102989948128      -0.71778810968758933     
          50           5  -5.1163912081619856      -0.30083188151674989     
          55           5  -2.6862836623564590       -2.5274006558717588E-002
          60           5  -5.2764993169063246      -0.85510963020229980     
          65           5  -5.2628723972958369      -0.86491053879811375     
          70           5  -5.2908417731600821      -0.48154600880145892     
          75           5  -5.2041113070799838       0.20190467409086921     
          80           5  -4.9471543361789827       0.58613935377760384     
          85           5  -5.2807643949392968      -0.64181678139707543     
          90           5  -5.7982253169086562       -1.1720423382444167     
          95           5  -5.5186744219071215      -0.75328104701455345     
           0           6  -2.8624186903178792        2.5637556522184468E-002
           5           6  -2.6207058957794516       -2.4073672855173811E-002
          10           6  -2.2503993692168933      -0.41954349073058950     
          15           6  -2.2523508077032517      -0.66956242378957143     
          20           6  -2.4098097047620115      -0.45746424421011511     
          25           6  -2.6857858840045878       -5.0878732666959081E-002
          30           6  -2.6388444810265810      -0.20382261563423043     
          35           6  -2.6670812126994292      -0.67345774635629851     
          40           6  -2.4476007103046982      -0.34527512468685018     
          45           6  -2.3326774311271947      -0.46594814393507988     
          50           6  -2.4488658457144652      -0.17428728008805905     
          55           6  -2.4505201453450809      -0.28956373983035633     
          60           6  -2.6754177036636406      -0.40600726333828163     
          65           6  -2.7419961404717696      -0.35670067475734868     
          70           6  -2.8526229551317783      -0.33380597767695974     
          75           6  -2.4068698107981845       0.10468331151702870     
          80           6  -2.2626994183383431       0.26551391522744439     
          85           6  -2.4411737445007020      -0.39300962181521015     
          90           6  -2.9486647409981970      -0.75219408145255073     
          95           6  -2.6940057476565471      -0.37031079722638083     
           0           7  -1.8641390897422561      -0.22450715399635612     
           5           7  -2.6847447232025701       0.32516187436382182     
          10           7  -2.1690775832361453      -0.24823013300867558     
          15           7  -2.5763761863029089      -0.47260250211511590     
          20           7  -1.9953495006319599      -0.31442874686149480     
          25           7  -2.7547323042931282       -6.5453835218498568E-002
          30           7  -2.6119147916681129      -0.17103252068828567     
          35           7  -2.6208619338774497      -0.89646420178279840     
          40           7  -2.3640146147130281      -0.66257290388449519     
          45           7  -2.4295490656811580      -0.43571081821625057     
          50           7  -2.3813901986002861      -0.45876391523869131     
          55           7  -2.1469304207144546      -0.36499437888526387     
          60           7  -2.4435646828635527      -0.30318945668295072     
          65           7  -2.9040924242451638      -0.20074678444892413     
          70           7  -2.9776166540074200      -0.30571942954082942     
          75           7  -2.4037889345152053        5.1520526689330381E-002
          80           7  -2.3897534835271017       0.49817550224595664     
          85           7  -2.2371426400979999      -0.16450809390278209     
          90           7  -2.2952270980169942       -1.0847921282675088     
          95           7  -2.2647762936855997       -1.0913143327950792     
           0           8  -2.3802266948147466        3.1784487175556819E-002
           5           8  -2.1683801793326296      -0.99797257584910426     
          10           8  -2.0025076447804935      -0.21322651559074757     
          15           8  -2.1043754159322248       0.35402521453065106     
          20           8  -2.7740658947905672      -0.29159228519759495     
          25           8  -2.7438432424098380      -0.19267907948261609     
          30           8  -2.6382212384135073       -3.9198221823966151E-002
          35           8  -2.5580666894953197      -0.79825147425438558     
          40           8  -2.5196841017560700      -0.41185025630774419     
          45           8  -2.6788819015166609      -0.64086250236350395     
          50           8  -2.3355805393165952      -0.30743019692636153     
          55           8  -2.3812682872303981      -0.25937325650815524     
          60           8  -2.2562273066739635      -0.55189419613022039     
          65           8  -1.6787467485812613       -1.3750249209731891     
          70           8  -3.0792681082658646       -4.9756906497222531E-002
          75           8  -2.9188762228926635       0.29767548446635317     
          80           8  -2.6877444914674697       0.58167880094828206     
          85           8  -2.5757788596081355       -5.6870662925589954E-002
          90           8  -1.6995099588257290       -1.1474112601472797     
          95           8  -1.5537386181563306      -0.93792933840042281     
           0           9  -3.1658153944857936      -0.22372342592724692     
           5           9  -3.4803569689900726       -1.0456471174702386     
          10           9  -3.3240158851999269      -0.51332268738768505     
          15           9  -3.7108587043821473        8.3155883432439737E-002
          20           9  -2.1329562461858131       0.30059553311367893     
          25           9  -2.8659469110436930        9.1884490815985487E-002
          30           9  -2.9742810403377007       0.48795113703370419     
          35           9  -3.1498906729154896      -0.38721450414946901     
          40           9  -3.6101260322141115      -0.61924973317140086     
          45           9  -3.1253554590904287      -0.46571722653432346     
          50           9  -2.5782874448054827      -0.33189413183087879     
          55           9  -2.7085886610223042       -6.2168241834470450E-002
          60           9  -2.0483856901876152       0.25952910145399244     
          65           9  -3.4534642402661575       -1.3368715067674231     
          70           9  -2.9133103082301659       -6.6235710205475584E-002
          75           9  -3.0506234606519911       0.16473711405673441     
          80           9  -2.8793058626774837       0.49815228149618918     
          85           9  -2.9473651022726699      -0.58023904011328398     
          90           9  -3.5682680420734414       -1.8623441542597874     
          95           9  -3.5142576500390987       -1.1840668341012162     
           0          10   0.0000000000000000        0.0000000000000000     
           5          10   0.0000000000000000        0.0000000000000000     
          10          10   0.0000000000000000        0.0000000000000000     
          15          10   0.0000000000000000        0.0000000000000000     
          20          10   0.0000000000000000        0.0000000000000000     
          25          10   0.0000000000000000        0.0000000000000000     
          30          10   0.0000000000000000        0.0000000000000000     
          35          10   0.0000000000000000        0.0000000000000000     
          40          10   0.0000000000000000        0.0000000000000000     
          45          10   0.0000000000000000        0.0000000000000000     
          50          10   0.0000000000000000        0.0000000000000000     
          55          10   0.0000000000000000        0.0000000000000000     
          60          10   0.0000000000000000        0.0000000000000000     
          65          10   0.0000000000000000        0.0000000000000000     
          70          10   0.0000000000000000        0.0000000000000000     
          75          10   0.0000000000000000        0.0000000000000000     
          80          10   0.0000000000000000        0.0000000000000000     
          85          10   0.0000000000000000        0.0000000000000000     
          90          10   0.0000000000000000        0.0000000000000000     
          95          10   0.0000000000000000        0.0000000000000000     
           0          11   0.0000000000000000        0.0000000000000000     
           5          11   0.0000000000000000        0.0000000000000000     
          10          11   0.0000000000000000        0.0000000000000000     
          15          11   0.0000000000000000        0.0000000000000000     
          20          11   0.0000000000000000        0.0000000000000000     
          25          11   0.0000000000000000        0.0000000000000000     
          30          11   0.0000000000000000        0.0000000000000000     
          35          11   0.0000000000000000        0.0000000000000000     
          40          11   0.0000000000000000        0.0000000000000000     
          45          11   0.0000000000000000        0.0000000000000000     
          50          11   0.0000000000000000        0.0000000000000000     
          55          11   0.0000000000000000        0.0000000000000000     
          60          11   0.0000000000000000        0.0000000000000000     
          65          11   0.0000000000000000        0.0000000000000000     
          70          11   0.0000000000000000        0.0000000000000000     
          75          11   0.0000000000000000        0.0000000000000000     
          80          11   0.0000000000000000        0.0000000000000000     
          85          11   0.0000000000000000        0.0000000000000000     
          90          11   0.0000000000000000        0.0000000000000000     
          95          11   0.0000000000000000        0.0000000000000000     
           0          12   0.0000000000000000        0.0000000000000000     
           5          12   0.0000000000000000        0.0000000000000000     
          10          12   0.0000000000000000        0.0000000000000000     
          15          12   0.0000000000000000        0.0000000000000000     
          20          12   0.0000000000000000        0.0000000000000000     
          25          12   0.0000000000000000        0.0000000000000000     
          30          12   0.0000000000000000        0.0000000000000000     
          35          12   0.0000000000000000        0.0000000000000000     
          40          12   0.0000000000000000        0.0000000000000000     
          45          12   0.0000000000000000        0.0000000000000000     
          50          12   0.0000000000000000        0.0000000000000000     
          55          12   0.0000000000000000        0.0000000000000000     
          60          12   0.0000000000000000        0.0000000000000000     
          65          12   0.0000000000000000        0.0000000000000000     
          70          12   0.0000000000000000        0.0000000000000000     
          75          12   0.0000000000000000        0.0000000000000000     
          80          12   0.0000000000000000        0.0000000000000000     
          85          12   0.0000000000000000        0.0000000000000000     
          90          12   0.0000000000000000        0.0000000000000000     
          95          12   0.0000000000000000        0.0000000000000000     
           0          13   0.0000000000000000        0.0000000000000000     
           5          13   0.0000000000000000        0.0000000000000000     
          10          13   0.0000000000000000        0.0000000000000000     
          15          13   0.0000000000000000        0.0000000000000000     
          20          13   0.0000000000000000        0.0000000000000000     
          25          13   0.0000000000000000        0.0000000000000000     
          30          13   0.0000000000000000        0.0000000000000000     
          35          13   0.0000000000000000        0.0000000000000000     
          40          13   0.0000000000000000        0.0000000000000000     
          45          13   0.0000000000000000        0.0000000000000000     
          50          13   0.0000000000000000        0.0000000000000000     
          55          13   0.0000000000000000        0.0000000000000000     
          60          13   0.0000000000000000        0.0000000000000000     
          65          13   0.0000000000000000        0.0000000000000000     
          70          13   0.0000000000000000        0.0000000000000000     
          75          13   0.0000000000000000        0.0000000000000000     
          80          13   0.0000000000000000        0.0000000000000000     
          85          13   0.0000000000000000        0.0000000000000000     
          90          13   0.0000000000000000        0.0000000000000000     
          95          13   0.0000000000000000        0.0000000000000000     
           0          14   0.0000000000000000        0.0000000000000000     
           5          14   0.0000000000000000        0.0000000000000000     
          10          14   0.0000000000000000        0.0000000000000000     
          15          14   0.0000000000000000        0.0000000000000000     
          20          14   0.0000000000000000        0.0000000000000000     
          25          14   0.0000000000000000        0.0000000000000000     
          30          14   0.0000000000000000        0.0000000000000000     
          35          14   0.0000000000000000        0.0000000000000000     
          40          14   0.0000000000000000        0.0000000000000000     
          45          14   0.0000000000000000        0.0000000000000000     
          50          14   0.0000000000000000        0.0000000000000000     
          55          14   0.0000000000000000        0.0000000000000000     
          60          14   0.0000000000000000        0.0000000000000000     
          65          14   0.0000000000000000        0.0000000000000000     
          70          14   0.0000000000000000        0.0000000000000000     
          75          14   0.0000000000000000        0.0000000000000000     
          80          14   0.0000000000000000        0.0000000000000000     
          85          14   0.0000000000000000        0.0000000000000000     
          90          14   0.0000000000000000        0.0000000000000000     
          95          14   0.0000000000000000        0.0000000000000000     
           0          15   0.0000000000000000        0.0000000000000000     
           5          15   0.0000000000000000        0.0000000000000000     
          10          15   0.0000000000000000        0.0000000000000000     
          15          15   0.0000000000000000        0.0000000000000000     
          20          15   0.0000000000000000        0.0000000000000000     
          25          15   0.0000000000000000        0.0000000000000000     
          30          15   0.0000000000000000        0.0000000000000000     
          35          15   0.0000000000000000        0.0000000000000000     
          40          15   0.0000000000000000        0.0000000000000000     
          45          15   0.0000000000000000        0.0000000000000000     
          50          15   0.0000000000000000        0.0000000000000000     
          55          15   0.0000000000000000        0.0000000000000000     
          60          15   0.0000000000000000        0.0000000000000000     
          65          15   0.0000000000000000        0.0000000000000000     
          70          15   0.0000000000000000        0.0000000000000000     
          75          15   0.0000000000000000        0.0000000000000000     
          80          15   0.0000000000000000        0.0000000000000000     
          85          15   0.0000000000000000        0.0000000000000000     
          90          15   0.0000000000000000        0.0000000000000000     
          95          15   0.0000000000000000        0.0000000000000000     
           0          16   0.0000000000000000        0.0000000000000000     
           5          16   0.0000000000000000        0.0000000000000000     
          10          16   0.0000000000000000        0.0000000000000000     
          15          16   0.0000000000000000        0.0000000000000000     
          20          16   0.0000000000000000        0.0000000000000000     
          25          16   0.0000000000000000        0.0000000000000000     
          30          16   0.0000000000000000        0.0000000000000000     
          35          16   0.0000000000000000        0.0000000000000000     
          40          16   0.0000000000000000        0.0000000000000000     
          45          16   0.0000000000000000        0.0000000000000000     
          50          16   0.0000000000000000        0.0000000000000000     
          55          16   0.0000000000000000        0.0000000000000000     
          60          16   0.0000000000000000        0.0000000000000000     
          65          16   0.0000000000000000        0.0000000000000000     
          70          16   0.0000000000000000        0.0000000000000000     
          75          16   0.0000000000000000        0.0000000000000000     
          80          16   0.0000000000000000        0.0000000000000000     
          85          16   0.0000000000000000        0.0000000000000000     
          90          16   0.0000000000000000        0.0000000000000000     
          95          16   0.0000000000000000        0.0000000000000000     
