           0           0   0.0000000000000000        0.0000000000000000     
           5           0   0.0000000000000000        0.0000000000000000     
          10           0   0.0000000000000000        0.0000000000000000     
          15           0   0.0000000000000000        0.0000000000000000     
          20           0   0.0000000000000000        0.0000000000000000     
          25           0   0.0000000000000000        0.0000000000000000     
          30           0   0.0000000000000000        0.0000000000000000     
          35           0   0.0000000000000000        0.0000000000000000     
          40           0   0.0000000000000000        0.0000000000000000     
          45           0   0.0000000000000000        0.0000000000000000     
          50           0   0.0000000000000000        0.0000000000000000     
          55           0   0.0000000000000000        0.0000000000000000     
          60           0   0.0000000000000000        0.0000000000000000     
          65           0   0.0000000000000000        0.0000000000000000     
          70           0   0.0000000000000000        0.0000000000000000     
          75           0   0.0000000000000000        0.0000000000000000     
          80           0   0.0000000000000000        0.0000000000000000     
          85           0   0.0000000000000000        0.0000000000000000     
          90           0   0.0000000000000000        0.0000000000000000     
          95           0   0.0000000000000000        0.0000000000000000     
           0           1 -0.91713193482889643      -0.63601961433290555     
           5           1 -0.76477369706395848       0.46530124064525502     
          10           1  -1.1373508782241970       0.13075168202703047     
          15           1  -1.0247816188257985       0.19995343595091697     
          20           1  -1.2309061550830336      -0.83130960792043851     
          25           1  -1.4705952069071770       0.36565771824870197     
          30           1  -1.2358653471267189      -0.37257980032401328     
          35           1  -1.1020450982357488       0.45379742723339334     
          40           1 -0.63545433878431368      -0.29352812628391511     
          45           1 -0.77825894734928625       0.41653939499397552     
          50           1 -0.73108026661827807      -0.31517207289666338     
          55           1 -0.67560230050389691       0.55969908229092091     
          60           1 -0.66093202427452979      -0.31735989553638433     
          65           1 -0.51153327312647434       0.42711812359264023     
          70           1 -0.57808804278636217      -0.14908132716984213     
          75           1 -0.53901392604416287       0.21412031463441394     
          80           1 -0.62061646822542116       -3.3376282363439813E-002
          85           1 -0.60310871873525684       0.22409615449747733     
          90           1 -0.61552232750727853      -0.26910978952354725     
          95           1 -0.62751222721146860       0.18787596690494901     
           0           2  -2.8111640939770810      -0.34094838305298580     
           5           2  -3.1046447286975365       0.74235751983398046     
          10           2  -3.4655694388785463       0.51865163107400747     
          15           2  -3.3590139175565525       0.40922106920415757     
          20           2  -3.1614913425492830       0.25779558971983363     
          25           2  -3.2258502031723424       0.40647355497247517     
          30           2  -3.0580626946097311       0.25020661718055948     
          35           2  -2.8950102509028852       0.35874868465013421     
          40           2  -3.0825454944505282      -0.26253094540296118     
          45           2  -2.6859578470350698        9.8150141505382038E-002
          50           2  -2.7581497491979690      -0.63192742184803308     
          55           2  -2.6184268772766472       -8.8896813539296460E-002
          60           2  -2.6125945861110722      -0.79450986858908834     
          65           2  -2.6696469589637672      -0.12509466890353593     
          70           2  -2.4237594819709329      -0.50408771749221870     
          75           2  -2.2830518215499751      -0.53264402116726117     
          80           2  -3.0220556270421639      -0.32495698352175140     
          85           2  -2.9915110942368983       -2.3165725981932894E-003
          90           2  -2.5745666234655573      -0.14095616170717307     
          95           2  -2.5318733638357571       0.17078050893459817     
           0           3  -2.4370182168226284       0.51405324012376852     
           5           3  -3.1825955501751935       0.37084131819575816     
          10           3  -3.2386722830946013       0.70611881743731786     
          15           3  -3.2955813503754428       0.33073623839641186     
          20           3  -3.2318565133238053       0.41204583974163711     
          25           3  -3.0301422327383420       0.45048245553402921     
          30           3  -3.0958192109942217       0.45675676652923158     
          35           3  -2.9122301164719033       0.34744316335100223     
          40           3  -2.8594582068919294       0.21181436665962394     
          45           3  -2.8497572946406535      -0.77514551809043652     
          50           3  -2.8272976013710149      -0.56181926711529329     
          55           3  -2.7279781267708358      -0.70236979655469156     
          60           3  -2.6176957186763161      -0.73619174424832678     
          65           3  -2.4794898417468403      -0.57650538014097918     
          70           3  -2.5964360874297654      -0.35024256656024377     
          75           3  -2.7612538426069477      -0.34957031240123726     
          80           3  -2.7134195799050076      -0.45841012327407782     
          85           3  -2.6947079612682501      -0.10787095586772821     
          90           3  -2.9687362823693775       0.19976025964041355     
          95           3  -2.8046145578031201       0.31029524476533510     
           0           4  -2.5324282233937789       0.35571609407814009     
           5           4  -3.1670796431670922       0.29525997755630584     
          10           4  -3.1615858192690638       0.73792042632359056     
          15           4  -3.1208865726473078       0.54038388062060960     
          20           4  -3.1851455174702892       0.47488989016741812     
          25           4  -3.0090218648481937       0.44850738738499984     
          30           4  -2.9344440665113325       0.15144493160867967     
          35           4  -2.7655271778925794       0.41557274323089644     
          40           4  -2.8933245700102361        9.2158641207262804E-002
          45           4  -2.8132377825684785      -0.97749470261199178     
          50           4  -2.7089758176757073      -0.50828594699403595     
          55           4  -2.6999377713821104      -0.53486346874187518     
          60           4  -2.4559582794481116      -0.65520209841185562     
          65           4  -2.4651255398566718      -0.42632852096158302     
          70           4  -2.6133567214259301      -0.38332326615986290     
          75           4  -2.9035305369262687      -0.28868581428920237     
          80           4  -2.8061685431879368      -0.52812059755158458     
          85           4  -2.6067996251555314      -0.13750512599663978     
          90           4  -2.7819488859393005       0.16095595907206217     
          95           4  -2.6993332438252082       0.16973454349145101     
           0           5  -5.6147442282222793       0.86507444900352226     
           5           5  -6.0502372005988292       0.45323562098076309     
          10           5  -5.7648896483453171        1.5231313640517996     
          15           5  -5.8906203051378725       0.57485080259489507     
          20           5  -5.7459061434528280        1.1634727216103258     
          25           5  -5.7581044541166193       0.55836631746242205     
          30           5  -5.5006499444765211       0.43286398928366054     
          35           5  -5.3660210479478110       0.71059510204918297     
          40           5  -5.4819721787779940       0.18487974301262255     
          45           5  -5.5900456122870423       -1.7427172877049202     
          50           5  -5.3250475725619140       -1.7147549497620318     
          55           5  -5.3662017359457082       -1.1510119299673605     
          60           5  -4.7196945475391772       -1.4728485654913470     
          65           5  -4.8924864788091327      -0.99325960050133943     
          70           5  -5.4304312840969260       -1.1210772138969816     
          75           5  -5.5636595190833305      -0.64482824775335956     
          80           5  -5.7007637332162631      -0.94819043442218032     
          85           5  -5.2530119142346621      -0.11533042890032874     
          90           5  -5.6219693577475027       0.44427597195362267     
          95           5  -5.6677132960203380       0.61569976389730385     
           0           6  -2.8256498362838611       0.11331061499308959     
           5           6  -3.2326994483833360       0.66587482486113458     
          10           6  -2.8053510055769948       0.81893102727548239     
          15           6  -2.6750481358295275       0.60545975027803678     
          20           6  -2.6224198237123630       0.59244198459929009     
          25           6  -2.8539753059320105        5.8888613767571485E-002
          30           6  -2.6394852341127262       0.34745339013486642     
          35           6  -2.4744009074595397       0.36573814343743294     
          40           6  -2.6413501607791545        6.5191332652148049E-002
          45           6  -2.7369875412830424      -0.87684341309568481     
          50           6  -2.5013716615873705      -0.76620729291487777     
          55           6  -2.5005193607441356      -0.67482458669498868     
          60           6  -2.1725758485047209      -0.82622598232884314     
          65           6  -2.2444107167274296      -0.49286751971688858     
          70           6  -3.0689788336957236      -0.63069790706471451     
          75           6  -2.7707352639794181      -0.31094324615565938     
          80           6  -2.8592672822469467      -0.41451682827986502     
          85           6  -2.7511842571215084       -8.4324942095648225E-002
          90           6  -2.5186193252579869      -0.13117957104569200     
          95           6  -2.8279915565576630       0.43871137115569780     
           0           7  -2.4199904124580507       0.58830279424881837     
           5           7  -2.4220827305398984        1.1623996895737676     
          10           7  -2.6411656644143022       0.63954607504523864     
          15           7  -2.5875443246103913       0.71733252448247242     
          20           7  -2.7584146912040808       0.27887147008520685     
          25           7  -2.5923481444323215       0.21059412728341442     
          30           7  -2.3246909134400084       0.35460663475372911     
          35           7  -2.2971217114786668       0.40579451280997603     
          40           7  -2.4753884390449343       0.19249978697732928     
          45           7  -2.5179237054828718      -0.87606118921890186     
          50           7  -2.2555194638584908       -1.1198663287625976     
          55           7  -2.3341167256418771      -0.75084016839088719     
          60           7  -2.2381199930876505      -0.79243916105475876     
          65           7  -2.2776932812718087      -0.58117102935462128     
          70           7  -3.3542717106627151      -0.55907397269905346     
          75           7  -2.7671849941413029      -0.26422657521507631     
          80           7  -2.9173645473434817      -0.37622845626028578     
          85           7  -2.7850213820812542       -8.4214992317477311E-002
          90           7  -2.6404554560599536       0.36368481969972777     
          95           7  -2.7318711973123300       0.34473431610670957     
           0           8  -1.8122358236694058       0.14683230321388407     
           5           8  -3.1562807850749053       0.96763876951122541     
          10           8  -2.6700137628044018       0.60488758731658265     
          15           8  -2.4211657402872788       0.29454946131934889     
          20           8  -2.2048107597427702        1.3308537390077646     
          25           8  -2.5794801049094929       0.48069738953770980     
          30           8  -2.6335920649422917      -0.61881910581540467     
          35           8  -2.5515164260170309       0.37296119725027665     
          40           8  -2.3957657852591296       0.32465311632812188     
          45           8  -2.2470499459359417      -0.61023506629176438     
          50           8  -2.4222954767694205      -0.90175887260457444     
          55           8  -2.5658834589137314      -0.56999103910548854     
          60           8  -2.4447975721031412      -0.55741021843580540     
          65           8  -2.4887672666551452      -0.21276928646507542     
          70           8  -2.5105335235764414      -0.57750274183199224     
          75           8  -2.6004520874067794      -0.32666253410695845     
          80           8  -2.5985754794533023      -0.48524560138041295     
          85           8  -2.5223689586795217      -0.27917481557615531     
          90           8  -2.2286973221241624      -0.14137810674164086     
          95           8  -2.4288724112864202       0.55642902098362867     
           0           9  -4.0400958907238493       0.49530537464370639     
           5           9  -3.0610849830248199       0.86874646499701669     
          10           9  -3.8868276308878791       0.37983365101190714     
          15           9  -3.2392945133441486       0.45901687820482096     
          20           9  -4.5173446924806626        1.8880407644505937     
          25           9  -3.3393475101206604        1.0882978348991657     
          30           9  -3.0646467420680779       -1.0479364259641244     
          35           9  -4.0949911938170658       -1.7556073334645816     
          40           9  -4.7566044188585010      -0.36771557202719407     
          45           9  -4.3827087965553346       -1.2717105755566394     
          50           9  -4.4708620402644783       -1.2607570859213268     
          55           9  -4.1799029975209123       -1.0837924051099179     
          60           9  -4.5913496009575283       -1.1895532181416257     
          65           9  -4.6325302352556719       -1.6710012143494879     
          70           9  -4.2925793498227449      -0.26579412927496548     
          75           9  -4.6014277012318416       -1.1939661685911318     
          80           9   0.0000000000000000        0.0000000000000000     
          85           9  -2.8018845307542506      -0.19096703440801832     
          90           9   0.0000000000000000        0.0000000000000000     
          95           9  -4.3003880179526277        6.2162389484754499E-002
           0          10   0.0000000000000000        0.0000000000000000     
           5          10   0.0000000000000000        0.0000000000000000     
          10          10   0.0000000000000000        0.0000000000000000     
          15          10   0.0000000000000000        0.0000000000000000     
          20          10   0.0000000000000000        0.0000000000000000     
          25          10   0.0000000000000000        0.0000000000000000     
          30          10   0.0000000000000000        0.0000000000000000     
          35          10  -6.6896640755231829        2.2335877669554804     
          40          10   0.0000000000000000        0.0000000000000000     
          45          10   0.0000000000000000        0.0000000000000000     
          50          10   0.0000000000000000        0.0000000000000000     
          55          10   0.0000000000000000        0.0000000000000000     
          60          10   0.0000000000000000        0.0000000000000000     
          65          10   0.0000000000000000        0.0000000000000000     
          70          10   0.0000000000000000        0.0000000000000000     
          75          10   0.0000000000000000        0.0000000000000000     
          80          10  -4.6722272107047047       0.22394839805706113     
          85          10   0.0000000000000000        0.0000000000000000     
          90          10   0.0000000000000000        0.0000000000000000     
          95          10   0.0000000000000000        0.0000000000000000     
           0          11   0.0000000000000000        0.0000000000000000     
           5          11   0.0000000000000000        0.0000000000000000     
          10          11   0.0000000000000000        0.0000000000000000     
          15          11   0.0000000000000000        0.0000000000000000     
          20          11   0.0000000000000000        0.0000000000000000     
          25          11   0.0000000000000000        0.0000000000000000     
          30          11   0.0000000000000000        0.0000000000000000     
          35          11   0.0000000000000000        0.0000000000000000     
          40          11   0.0000000000000000        0.0000000000000000     
          45          11   0.0000000000000000        0.0000000000000000     
          50          11   0.0000000000000000        0.0000000000000000     
          55          11   0.0000000000000000        0.0000000000000000     
          60          11   0.0000000000000000        0.0000000000000000     
          65          11   0.0000000000000000        0.0000000000000000     
          70          11   0.0000000000000000        0.0000000000000000     
          75          11   0.0000000000000000        0.0000000000000000     
          80          11   0.0000000000000000        0.0000000000000000     
          85          11   0.0000000000000000        0.0000000000000000     
          90          11   0.0000000000000000        0.0000000000000000     
          95          11   0.0000000000000000        0.0000000000000000     
           0          12   0.0000000000000000        0.0000000000000000     
           5          12   0.0000000000000000        0.0000000000000000     
          10          12   0.0000000000000000        0.0000000000000000     
          15          12   0.0000000000000000        0.0000000000000000     
          20          12   0.0000000000000000        0.0000000000000000     
          25          12   0.0000000000000000        0.0000000000000000     
          30          12   0.0000000000000000        0.0000000000000000     
          35          12   0.0000000000000000        0.0000000000000000     
          40          12   0.0000000000000000        0.0000000000000000     
          45          12   0.0000000000000000        0.0000000000000000     
          50          12   0.0000000000000000        0.0000000000000000     
          55          12   0.0000000000000000        0.0000000000000000     
          60          12   0.0000000000000000        0.0000000000000000     
          65          12   0.0000000000000000        0.0000000000000000     
          70          12   0.0000000000000000        0.0000000000000000     
          75          12   0.0000000000000000        0.0000000000000000     
          80          12   0.0000000000000000        0.0000000000000000     
          85          12   0.0000000000000000        0.0000000000000000     
          90          12   0.0000000000000000        0.0000000000000000     
          95          12   0.0000000000000000        0.0000000000000000     
           0          13   0.0000000000000000        0.0000000000000000     
           5          13   0.0000000000000000        0.0000000000000000     
          10          13   0.0000000000000000        0.0000000000000000     
          15          13   0.0000000000000000        0.0000000000000000     
          20          13   0.0000000000000000        0.0000000000000000     
          25          13   0.0000000000000000        0.0000000000000000     
          30          13   0.0000000000000000        0.0000000000000000     
          35          13   0.0000000000000000        0.0000000000000000     
          40          13   0.0000000000000000        0.0000000000000000     
          45          13   0.0000000000000000        0.0000000000000000     
          50          13   0.0000000000000000        0.0000000000000000     
          55          13   0.0000000000000000        0.0000000000000000     
          60          13   0.0000000000000000        0.0000000000000000     
          65          13   0.0000000000000000        0.0000000000000000     
          70          13   0.0000000000000000        0.0000000000000000     
          75          13   0.0000000000000000        0.0000000000000000     
          80          13   0.0000000000000000        0.0000000000000000     
          85          13   0.0000000000000000        0.0000000000000000     
          90          13   0.0000000000000000        0.0000000000000000     
          95          13   0.0000000000000000        0.0000000000000000     
           0          14   0.0000000000000000        0.0000000000000000     
           5          14   0.0000000000000000        0.0000000000000000     
          10          14   0.0000000000000000        0.0000000000000000     
          15          14   0.0000000000000000        0.0000000000000000     
          20          14   0.0000000000000000        0.0000000000000000     
          25          14   0.0000000000000000        0.0000000000000000     
          30          14   0.0000000000000000        0.0000000000000000     
          35          14   0.0000000000000000        0.0000000000000000     
          40          14   0.0000000000000000        0.0000000000000000     
          45          14   0.0000000000000000        0.0000000000000000     
          50          14   0.0000000000000000        0.0000000000000000     
          55          14   0.0000000000000000        0.0000000000000000     
          60          14   0.0000000000000000        0.0000000000000000     
          65          14   0.0000000000000000        0.0000000000000000     
          70          14   0.0000000000000000        0.0000000000000000     
          75          14   0.0000000000000000        0.0000000000000000     
          80          14   0.0000000000000000        0.0000000000000000     
          85          14   0.0000000000000000        0.0000000000000000     
          90          14   0.0000000000000000        0.0000000000000000     
          95          14   0.0000000000000000        0.0000000000000000     
           0          15   0.0000000000000000        0.0000000000000000     
           5          15   0.0000000000000000        0.0000000000000000     
          10          15   0.0000000000000000        0.0000000000000000     
          15          15   0.0000000000000000        0.0000000000000000     
          20          15   0.0000000000000000        0.0000000000000000     
          25          15   0.0000000000000000        0.0000000000000000     
          30          15   0.0000000000000000        0.0000000000000000     
          35          15   0.0000000000000000        0.0000000000000000     
          40          15   0.0000000000000000        0.0000000000000000     
          45          15   0.0000000000000000        0.0000000000000000     
          50          15   0.0000000000000000        0.0000000000000000     
          55          15   0.0000000000000000        0.0000000000000000     
          60          15   0.0000000000000000        0.0000000000000000     
          65          15   0.0000000000000000        0.0000000000000000     
          70          15   0.0000000000000000        0.0000000000000000     
          75          15   0.0000000000000000        0.0000000000000000     
          80          15   0.0000000000000000        0.0000000000000000     
          85          15   0.0000000000000000        0.0000000000000000     
          90          15   0.0000000000000000        0.0000000000000000     
          95          15   0.0000000000000000        0.0000000000000000     
           0          16   0.0000000000000000        0.0000000000000000     
           5          16   0.0000000000000000        0.0000000000000000     
          10          16   0.0000000000000000        0.0000000000000000     
          15          16   0.0000000000000000        0.0000000000000000     
          20          16   0.0000000000000000        0.0000000000000000     
          25          16   0.0000000000000000        0.0000000000000000     
          30          16   0.0000000000000000        0.0000000000000000     
          35          16   0.0000000000000000        0.0000000000000000     
          40          16   0.0000000000000000        0.0000000000000000     
          45          16   0.0000000000000000        0.0000000000000000     
          50          16   0.0000000000000000        0.0000000000000000     
          55          16   0.0000000000000000        0.0000000000000000     
          60          16   0.0000000000000000        0.0000000000000000     
          65          16   0.0000000000000000        0.0000000000000000     
          70          16   0.0000000000000000        0.0000000000000000     
          75          16   0.0000000000000000        0.0000000000000000     
          80          16   0.0000000000000000        0.0000000000000000     
          85          16   0.0000000000000000        0.0000000000000000     
          90          16   0.0000000000000000        0.0000000000000000     
          95          16   0.0000000000000000        0.0000000000000000     
