           0           0   0.0000000000000000        0.0000000000000000     
           5           0   0.0000000000000000        0.0000000000000000     
          10           0   0.0000000000000000        0.0000000000000000     
          15           0   0.0000000000000000        0.0000000000000000     
          20           0   0.0000000000000000        0.0000000000000000     
          25           0   0.0000000000000000        0.0000000000000000     
          30           0   0.0000000000000000        0.0000000000000000     
          35           0   0.0000000000000000        0.0000000000000000     
          40           0   0.0000000000000000        0.0000000000000000     
          45           0   0.0000000000000000        0.0000000000000000     
          50           0   0.0000000000000000        0.0000000000000000     
          55           0   0.0000000000000000        0.0000000000000000     
          60           0   0.0000000000000000        0.0000000000000000     
          65           0   0.0000000000000000        0.0000000000000000     
          70           0   0.0000000000000000        0.0000000000000000     
          75           0   0.0000000000000000        0.0000000000000000     
          80           0   0.0000000000000000        0.0000000000000000     
          85           0   0.0000000000000000        0.0000000000000000     
          90           0   0.0000000000000000        0.0000000000000000     
          95           0   0.0000000000000000        0.0000000000000000     
           0           1   0.0000000000000000        0.0000000000000000     
           5           1  0.45787017832754628        4.5661641470740033     
          10           1   0.0000000000000000        0.0000000000000000     
          15           1  -8.5986434083817898      -0.43235796729601539     
          20           1   0.0000000000000000        0.0000000000000000     
          25           1  -3.4416077381571597        3.8919917271529325     
          30           1   4.0218963878757563        5.2690287093504207     
          35           1  -12.483970818806256       -2.9845637847303319     
          40           1  -1.1692694852172281       -4.1123347759730589     
          45           1  -8.2960759527139771      -0.34378528946832354     
          50           1  -3.5523192813613491        5.6790993506716791     
          55           1   0.0000000000000000        0.0000000000000000     
          60           1  -12.949700661941677       -7.8733256893581682     
          65           1  -9.9683553415985671        5.6877461380244743     
          70           1  -10.173825562773686        2.0126102013195979     
          75           1  -10.407186658554224       -2.5738932346330845     
          80           1  -6.6414652898316717        2.5939424811227685     
          85           1  -6.7728925440491139        4.8817287617319849     
          90           1   0.0000000000000000        0.0000000000000000     
          95           1  -8.5847525227933374       -3.5218899321065589     
           0           2  -13.791032162138865       -2.7688126098102117     
           5           2  -12.629101282812805      -0.39228402913149552     
          10           2  -11.120740291969966      -0.61944940603186893     
          15           2  -14.820080116217937       -1.1738084124512937     
          20           2  -20.461508423412766       -7.2238322358852969     
          25           2  -10.140061459278371      -0.31938246694451777     
          30           2  -10.519736548513237       -3.3210042977005472     
          35           2  -9.7416592672772140        3.9408245626715299     
          40           2   0.0000000000000000        0.0000000000000000     
          45           2  -14.077183513805380        1.7154236094452102     
          50           2  -6.8917426105130630        8.1339858781404040     
          55           2  -11.409423615162950        4.8221037572027114     
          60           2  -11.467013296240225        1.0184935440538112     
          65           2   0.0000000000000000        0.0000000000000000     
          70           2  -4.7100462673910215       -1.8228651327678591     
          75           2   0.0000000000000000        0.0000000000000000     
          80           2   0.0000000000000000        0.0000000000000000     
          85           2  -6.5067488323222733        2.8991953385570923     
          90           2  -11.088464862538672       -2.1774393696327721     
          95           2  -5.3673755800076606        2.2322998987167608     
           0           3  -12.224175228595646       -3.4079782805052083     
           5           3  -18.987225061009028        5.3725471573029537     
          10           3  -9.0241491861409173      -0.88974806636610282     
          15           3  -18.814961190889434        8.3785666177904616     
          20           3   0.0000000000000000        0.0000000000000000     
          25           3  -12.426209503448860        4.7632459444280073     
          30           3  -12.929988521026559        1.0400048033254450     
          35           3   0.0000000000000000        0.0000000000000000     
          40           3  -18.623262402464036        2.7577240412490767     
          45           3  -20.182542616851151      -0.98914960042328914     
          50           3  -10.764244121759248        2.0359075401277238     
          55           3  -13.834380829109705       -6.1295085359436285     
          60           3  -9.4462644262449658        5.9448123668426334     
          65           3  -13.083761952685791      -0.65868341421193577     
          70           3   0.0000000000000000        0.0000000000000000     
          75           3   0.0000000000000000        0.0000000000000000     
          80           3   0.0000000000000000        0.0000000000000000     
          85           3  -12.673802293008407       -4.8025410186847139     
          90           3  -13.249794201115606       -4.0844372026027642     
          95           3   0.0000000000000000        0.0000000000000000     
           0           4   0.0000000000000000        0.0000000000000000     
           5           4   0.0000000000000000        0.0000000000000000     
          10           4   0.0000000000000000        0.0000000000000000     
          15           4  -14.404945862205309       -2.3711625664191160     
          20           4  -25.146596845946334       -12.869052896560262     
          25           4  -16.046675783787379       0.61897154298495849     
          30           4  -18.341695838142158        2.5711865392352706     
          35           4  -32.930699604136748      -0.86492643460722718     
          40           4  -36.845580559052848      -0.67995310961688205     
          45           4   0.0000000000000000        0.0000000000000000     
          50           4   0.0000000000000000        0.0000000000000000     
          55           4   0.0000000000000000        0.0000000000000000     
          60           4  -27.216621747570002       -5.6110103961870550     
          65           4  -23.994236814601777       -5.2302071861465294     
          70           4  -17.317037480424347       -1.3935190710867573     
          75           4  -12.417801686339658        9.0432147077557090     
          80           4  -16.197933739974246        13.421341637620543     
          85           4  -18.905981146843942        5.4338797687636387     
          90           4  -18.149471302635334       0.52934003684335096     
          95           4  -19.269345854198150        3.6842050869534404     
           0           5  -21.659135734296285       0.88073682964928679     
           5           5  -20.929542331717954       -3.7498618917730653     
          10           5  -15.919388945162538       -1.1830160850934135     
          15           5  -47.254169008219549       -2.3706741391826824     
          20           5  -22.452521219431532       -3.8013446256268679     
          25           5  -24.307034621866563        6.6486590476966256     
          30           5   0.0000000000000000        0.0000000000000000     
          35           5  -19.604648510025413        3.8238538669244093     
          40           5   0.0000000000000000        0.0000000000000000     
          45           5  -24.409159984557505        2.2850613862157587     
          50           5   0.0000000000000000        0.0000000000000000     
          55           5  -14.102412126248964       -3.5018786310114791     
          60           5   0.0000000000000000        0.0000000000000000     
          65           5  -22.602905835142906       -3.5883475161302414     
          70           5  -20.334008642848289        7.1100657080425123     
          75           5  -22.617076245765588        7.2646577810964175     
          80           5   0.0000000000000000        0.0000000000000000     
          85           5  -32.455413295764401       -1.8907112909927193     
          90           5  -26.114724402575007       -7.2538319057713352     
          95           5   0.0000000000000000        0.0000000000000000     
           0           6  -28.776157630711616       -3.7934280680618215     
           5           6  -29.013950854941406       -5.4964846394334188     
          10           6   0.0000000000000000        0.0000000000000000     
          15           6   0.0000000000000000        0.0000000000000000     
          20           6  -24.024886400138001       -1.2540106973712994     
          25           6   0.0000000000000000        0.0000000000000000     
          30           6  -20.466522454771763        5.1263831944314830     
          35           6   0.0000000000000000        0.0000000000000000     
          40           6  -29.167694375900055       0.47436873249928624     
          45           6  -24.060254153823735       0.92556953218192461     
          50           6  -28.064897660797783       -1.1733163782423617     
          55           6  -25.357740512745863      -0.95225718342639709     
          60           6  -22.928685566014906       -1.9986790877712934     
          65           6   0.0000000000000000        0.0000000000000000     
          70           6  -31.883299530122144        2.7149029607720365     
          75           6   0.0000000000000000        0.0000000000000000     
          80           6  -18.176946388095416        11.769323312620372     
          85           6   0.0000000000000000        0.0000000000000000     
          90           6  -28.600886588705521       -2.5360494937398670     
          95           6   0.0000000000000000        0.0000000000000000     
           0           7  -28.200889829842339        3.3423166475188282     
           5           7   0.0000000000000000        0.0000000000000000     
          10           7   0.0000000000000000        0.0000000000000000     
          15           7  -26.173287654813748       -4.7040402660858405     
          20           7  -26.925946011946422        1.2982749574419472     
          25           7  -30.744092754204644       -2.0544177075088044E-002
          30           7  -31.136191559983928       -4.6317523372962910     
          35           7   0.0000000000000000        0.0000000000000000     
          40           7  -32.013278777682785        3.3665027743001730     
          45           7  -28.433424170231092       -4.1438826411255292     
          50           7  -26.326435449135488        4.5207810899228207     
          55           7  -31.763928557637655      -0.96611692002035454     
          60           7  -29.514271003208137       -2.5633680127734593     
          65           7  -28.423931917345158        4.1658710188396952     
          70           7  -32.583174875711052       0.92166512493996322     
          75           7  -30.811332799842717       -2.3648490531336108     
          80           7  -30.917831813823682       -6.5226074918101062     
          85           7  -28.603244922393856        1.3972977316267787     
          90           7  -31.666951181037462       0.16855752147826308     
          95           7  -23.778322169007993        6.0179226846823752     
           0           8  -29.364446066621472        4.1979596803898289     
           5           8  -32.201403638976167       -1.3889107920128652     
          10           8   0.0000000000000000        0.0000000000000000     
          15           8  -31.021245408870968       -5.5847406983389192E-002
          20           8   0.0000000000000000        0.0000000000000000     
          25           8  -35.586574777344282       -2.3367030025589486     
          30           8  -32.918781060349289       -3.9762927966968675     
          35           8  -32.272627461544801       -2.6961622425680787     
          40           8   0.0000000000000000        0.0000000000000000     
          45           8  -30.336201912106731        2.8543729096064396     
          50           8  -34.746088385020357        4.6131736015730951     
          55           8  -27.433165671055804       -1.6604440986434099     
          60           8   0.0000000000000000        0.0000000000000000     
          65           8  -33.124631292551499        6.3655785625371664     
          70           8   0.0000000000000000        0.0000000000000000     
          75           8   0.0000000000000000        0.0000000000000000     
          80           8   0.0000000000000000        0.0000000000000000     
          85           8  -32.093066050222774        2.3084560038277857     
          90           8   0.0000000000000000        0.0000000000000000     
          95           8  -33.287062479203655      -0.56693855395195669     
           0           9  -36.909305179408378       0.51079478499360675     
           5           9   0.0000000000000000        0.0000000000000000     
          10           9   0.0000000000000000        0.0000000000000000     
          15           9  -37.725665668579822        1.8038042637513740     
          20           9  -32.174504140289883        1.4865561073129641     
          25           9   0.0000000000000000        0.0000000000000000     
          30           9  -33.864119211362009       0.30286561075953955     
          35           9  -34.574465220273964       -2.0251741601029494     
          40           9  -32.244315341927177       -1.0243394524955818     
          45           9   0.0000000000000000        0.0000000000000000     
          50           9  -39.274224292853432        6.2508228196733739     
          55           9   0.0000000000000000        0.0000000000000000     
          60           9  -34.374136547299372      -0.24177440003825268     
          65           9  -36.962476770199260        1.3035672627026429     
          70           9  -39.012568690210969        3.8306835620183222     
          75           9   0.0000000000000000        0.0000000000000000     
          80           9  -30.232750110528173       0.84967542758107584     
          85           9  -28.172931683556612        2.9852631777238514     
          90           9  -38.219274638677803       0.24323164423023513     
          95           9  -35.090701506632627       -5.6143133426189706     
           0          10   0.0000000000000000        0.0000000000000000     
           5          10  -38.650359381668942       -4.1048311911140445     
          10          10  -40.830494994938960        3.8227407339164188     
          15          10  -38.689272008447517      -0.54781191132668994     
          20          10  -79.455822789498143       -4.2062414954635585     
          25          10  -32.020124512914805      -0.40409626258508524     
          30          10  -40.780043286670065        1.2577433847660302     
          35          10   0.0000000000000000        0.0000000000000000     
          40          10   0.0000000000000000        0.0000000000000000     
          45          10  -32.383842982817157       0.98843608625109880     
          50          10  -39.356842099849132       -2.2753231747785208     
          55          10  -33.236053458551851      -0.74985627025014878     
          60          10  -39.615387073723696      -0.84249718362627846     
          65          10  -35.353966813644888        1.3334823370136917     
          70          10  -35.164716417668274      -0.83928409596367715     
          75          10  -34.441697684499673        1.3438570884183321     
          80          10  -41.343693198925280        2.6963494395815246     
          85          10  -42.019230301306720       -1.1166352806135649     
          90          10  -38.533285512158955      -0.64743960471069784     
          95          10  -39.469188646776843       -2.1234853100793316     
           0          11  -43.057305656257206       -2.3434974426450594     
           5          11   0.0000000000000000        0.0000000000000000     
          10          11   0.0000000000000000        0.0000000000000000     
          15          11   0.0000000000000000        0.0000000000000000     
          20          11  -38.822417946722254        1.0323415230217847     
          25          11  -39.030976051659394      -0.29816662658888049     
          30          11   0.0000000000000000        0.0000000000000000     
          35          11  -43.781719909574690       -1.8627965970630100     
          40          11  -39.343764524630842      -0.39077043460622463     
          45          11  -41.066548846018236       -2.9189245559457788     
          50          11   0.0000000000000000        0.0000000000000000     
          55          11  -39.635099695942699        1.5264934688374865     
          60          11  -39.036564021728282        3.5160530890010477     
          65          11  -38.066691606886138        2.4973964904617674     
          70          11  -39.166215795560788        6.8438005813931113     
          75          11  -42.817916782738052       -8.5639437354956272E-002
          80          11  -39.630619152504210       -3.0788082147559237     
          85          11  -42.322727862753595       0.70276873531227579     
          90          11   0.0000000000000000        0.0000000000000000     
          95          11  -38.700542145022609        2.4034349406232280     
           0          12  -38.299002376944166       -4.7583652234628460     
           5          12   0.0000000000000000        0.0000000000000000     
          10          12   0.0000000000000000        0.0000000000000000     
          15          12   0.0000000000000000        0.0000000000000000     
          20          12   0.0000000000000000        0.0000000000000000     
          25          12  -45.475963500134498       -1.0277917321133145     
          30          12  -34.743341394811722       -2.6455141775016955     
          35          12  -43.943781682997951      -0.87577011122164095     
          40          12  -42.082370620590837        4.4982294691742197     
          45          12  -40.124748930949750       0.58996246508513650     
          50          12   0.0000000000000000        0.0000000000000000     
          55          12  -37.823425573506597        3.2861522757343664     
          60          12  -42.858167346153664       -1.2961561603752614     
          65          12  -37.163913143203331        2.4454755335767686     
          70          12  -39.601704151621675        3.9076874364951664     
          75          12  -41.550020883178718        1.6497726974407101     
          80          12   0.0000000000000000        0.0000000000000000     
          85          12   0.0000000000000000        0.0000000000000000     
          90          12   0.0000000000000000        0.0000000000000000     
          95          12   0.0000000000000000        0.0000000000000000     
           0          13   0.0000000000000000        0.0000000000000000     
           5          13   0.0000000000000000        0.0000000000000000     
          10          13  -39.888126608191854       -1.8277821986778520     
          15          13   0.0000000000000000        0.0000000000000000     
          20          13  -42.340767635931087       -1.1572156228645269     
          25          13   0.0000000000000000        0.0000000000000000     
          30          13  -44.443700946299458        5.0036652730689468     
          35          13   0.0000000000000000        0.0000000000000000     
          40          13   0.0000000000000000        0.0000000000000000     
          45          13  -44.858915630925367       -1.1771747590394455     
          50          13   0.0000000000000000        0.0000000000000000     
          55          13   0.0000000000000000        0.0000000000000000     
          60          13  -43.792709605199320       -1.6824340890586598     
          65          13   0.0000000000000000        0.0000000000000000     
          70          13   0.0000000000000000        0.0000000000000000     
          75          13   0.0000000000000000        0.0000000000000000     
          80          13  -47.590772697887473       -1.1322380371225904     
          85          13  -40.087872125624813       0.31547089418992869     
          90          13  -47.919460884386922       -3.2287335592862121     
          95          13  -44.837931694061695       -2.0069156024504764     
           0          14  -46.833624271071514       -3.9088580538226836     
           5          14   0.0000000000000000        0.0000000000000000     
          10          14  -45.298490211544973      -0.92410418412569584     
          15          14   0.0000000000000000        0.0000000000000000     
          20          14  -47.347445249261710        3.8031821711292935     
          25          14   0.0000000000000000        0.0000000000000000     
          30          14  -46.540791050251329        2.8886609069544988     
          35          14   0.0000000000000000        0.0000000000000000     
          40          14  -40.221205139090443       -2.0284113681334759     
          45          14   0.0000000000000000        0.0000000000000000     
          50          14   0.0000000000000000        0.0000000000000000     
          55          14  -43.371126817604022       -3.0199336419478584     
          60          14   0.0000000000000000        0.0000000000000000     
          65          14   0.0000000000000000        0.0000000000000000     
          70          14  -44.981503392094169      -0.89858192618308408     
          75          14   0.0000000000000000        0.0000000000000000     
          80          14   0.0000000000000000        0.0000000000000000     
          85          14   0.0000000000000000        0.0000000000000000     
          90          14   0.0000000000000000        0.0000000000000000     
          95          14   0.0000000000000000        0.0000000000000000     
           0          15  -46.618156090210690        8.6073321217128296E-002
           5          15   0.0000000000000000        0.0000000000000000     
          10          15   0.0000000000000000        0.0000000000000000     
          15          15   0.0000000000000000        0.0000000000000000     
          20          15   0.0000000000000000        0.0000000000000000     
          25          15  -41.131694401155272        5.2027862512815659     
          30          15  -46.001839097531416       0.71754765428977407     
          35          15   0.0000000000000000        0.0000000000000000     
          40          15   0.0000000000000000        0.0000000000000000     
          45          15  -40.427096837376553        4.2724341251521025     
          50          15   0.0000000000000000        0.0000000000000000     
          55          15   0.0000000000000000        0.0000000000000000     
          60          15   0.0000000000000000        0.0000000000000000     
          65          15  -44.342375527790523       -2.7037392319506637     
          70          15   0.0000000000000000        0.0000000000000000     
          75          15   0.0000000000000000        0.0000000000000000     
          80          15   0.0000000000000000        0.0000000000000000     
          85          15   0.0000000000000000        0.0000000000000000     
          90          15   0.0000000000000000        0.0000000000000000     
          95          15   0.0000000000000000        0.0000000000000000     
           0          16   0.0000000000000000        0.0000000000000000     
           5          16   0.0000000000000000        0.0000000000000000     
          10          16   0.0000000000000000        0.0000000000000000     
          15          16   0.0000000000000000        0.0000000000000000     
          20          16   0.0000000000000000        0.0000000000000000     
          25          16   0.0000000000000000        0.0000000000000000     
          30          16   0.0000000000000000        0.0000000000000000     
          35          16   0.0000000000000000        0.0000000000000000     
          40          16   0.0000000000000000        0.0000000000000000     
          45          16   0.0000000000000000        0.0000000000000000     
          50          16   0.0000000000000000        0.0000000000000000     
          55          16   0.0000000000000000        0.0000000000000000     
          60          16   0.0000000000000000        0.0000000000000000     
          65          16   0.0000000000000000        0.0000000000000000     
          70          16   0.0000000000000000        0.0000000000000000     
          75          16   0.0000000000000000        0.0000000000000000     
          80          16   0.0000000000000000        0.0000000000000000     
          85          16   0.0000000000000000        0.0000000000000000     
          90          16   0.0000000000000000        0.0000000000000000     
          95          16   0.0000000000000000        0.0000000000000000     
