           0           0   0.0000000000000000        0.0000000000000000     
           5           0   0.0000000000000000        0.0000000000000000     
          10           0   0.0000000000000000        0.0000000000000000     
          15           0   0.0000000000000000        0.0000000000000000     
          20           0   0.0000000000000000        0.0000000000000000     
          25           0   0.0000000000000000        0.0000000000000000     
          30           0   0.0000000000000000        0.0000000000000000     
          35           0   0.0000000000000000        0.0000000000000000     
          40           0   0.0000000000000000        0.0000000000000000     
          45           0   0.0000000000000000        0.0000000000000000     
          50           0   0.0000000000000000        0.0000000000000000     
          55           0   0.0000000000000000        0.0000000000000000     
          60           0   0.0000000000000000        0.0000000000000000     
          65           0   0.0000000000000000        0.0000000000000000     
          70           0   0.0000000000000000        0.0000000000000000     
          75           0   0.0000000000000000        0.0000000000000000     
          80           0   0.0000000000000000        0.0000000000000000     
          85           0   0.0000000000000000        0.0000000000000000     
          90           0   0.0000000000000000        0.0000000000000000     
          95           0   0.0000000000000000        0.0000000000000000     
           0           1 -0.67360266501072763      -0.13466016884816634     
           5           1 -0.85881364273079908      -0.47856727411990646     
          10           1 -0.37634261075544795       0.78388982294995757     
          15           1 -0.52932462151877857       0.85087256589570082     
          20           1  -1.1562086962135787      -0.29735769318549321     
          25           1 -0.14243598854102313        1.6274362762366128     
          30           1 -0.10591961979888875      -0.47239259452739807     
          35           1  0.94236876347741916       0.54242414753628498     
          40           1 -0.74871444895097117      -0.96866305878857972     
          45           1 -0.98771704194200449       -4.5550694598092689E-002
          50           1  -1.0584859511519884       0.14000708431882725     
          55           1   0.0000000000000000        0.0000000000000000     
          60           1  -1.1812248201825692      -0.13005948267644923     
          65           1  -1.2306600293199299       0.43238657408434245     
          70           1 -0.75338673348634977      -0.20624012879187636     
          75           1  0.68416027519169198       0.95425522272336161     
          80           1 -0.19299285498042273      -0.10277347399178377     
          85           1 -0.56546986135663779      -0.53377100727135252     
          90           1 -0.42003466630746722       0.15160230916421574     
          95           1 -0.71189446737229822       0.47053986135057319     
           0           2 -0.99843234541673909      -0.30629887072568945     
           5           2  -2.9115827029949082      -0.64751410595916681     
          10           2   0.0000000000000000        0.0000000000000000     
          15           2  -1.0127968790446529       0.84710831440740897     
          20           2  -2.1406414657706985      -0.76307457384731936     
          25           2  -2.1676227438932605      -0.39045642084102605     
          30           2 -0.77751822633476131       0.11938952895439170     
          35           2  -1.4955874454231077       -3.0292757569432005E-002
          40           2  -3.3282792873673417       -5.4473209742771089E-002
          45           2  -1.3996126463872161       0.54617327640640168     
          50           2  -1.3817784471026329      -0.10919837004561006     
          55           2  -1.3917874526625518      -0.86028268104033911     
          60           2  -2.2909226069844912       0.18413596339340865     
          65           2  -1.8544573992773650       0.49796835618690083     
          70           2  -2.0474151038951671      -0.28992862286497667     
          75           2  -1.4018151783978805        6.5511900731902994E-002
          80           2  -1.5682954296536433       0.16275457146133071     
          85           2   0.0000000000000000        0.0000000000000000     
          90           2  -5.0169989131343407      -0.46624808564876824     
          95           2  -1.6520061128344476      -0.14957241214901690     
           0           3 -0.67964271929643083       0.46894750733481039     
           5           3   0.0000000000000000        0.0000000000000000     
          10           3  -2.3345808388483547        1.5066685172793193     
          15           3  -1.0815080949377887        1.3442551080738996E-002
          20           3  -7.1552932887375409      -0.20072270937351866     
          25           3  -2.8219116618960483       -1.2585342268604804     
          30           3  -1.5947760018075741       0.14949993730577205     
          35           3  -2.9475540248508070      -0.18762249456627522     
          40           3  -2.6924424792634793      -0.13715423069632360     
          45           3  -2.2602832641843706       -1.0032623267008933     
          50           3 -0.90606891099409559      -0.28277896673825631     
          55           3  -2.8880465246827747      -0.37441259888401635     
          60           3  -2.8476948330713459      -0.74395934271984099     
          65           3  -2.7126705403346385       0.32181451343205048     
          70           3  -3.1419322158965368      -0.27053440569281550     
          75           3  -2.4228733093967225      -0.13434843792875517     
          80           3  -1.8849295401668353       -1.2975716459281972     
          85           3   0.0000000000000000        0.0000000000000000     
          90           3  -2.2664030730823459       0.18476309169596083     
          95           3  -2.1226619175729322       0.45214699342238651     
           0           4  -2.1413589926571555       0.52980764220736387     
           5           4  -3.0150240770134005      -0.19650964985226671     
          10           4  -3.0320540033247632       0.45043791124285693     
          15           4  -2.7536282100959486      -0.17003390633263393     
          20           4  -4.3492275564505078      -0.15749470804307664     
          25           4  -2.4511553487244209       0.60045549176865332     
          30           4  -4.3694299381152879       -1.4417905303855394     
          35           4   0.0000000000000000        0.0000000000000000     
          40           4  -2.4069168093993065      -0.61159028312648966     
          45           4  -2.5475340489072851       0.18777158976981956     
          50           4  -2.0231596730757584       -1.9521144444117899E-002
          55           4  -2.6856145767795159      -0.63976394554604576     
          60           4  -1.4361526295425531       0.99223283257982020     
          65           4  -2.9209234239491177      -0.60867545042656013     
          70           4  -3.3190480047495807      -0.20790568631891271     
          75           4  -3.4926943430668711      -0.52276323534480862     
          80           4  -3.3616916653167461      -0.94278488334625932     
          85           4  -2.7839495733561481      -0.49476396299971692     
          90           4  -3.6726149893684390       0.38798024931147035     
          95           4  -2.5277454589789361      -0.71993557753433080     
           0           5  -4.0907733549121019        4.1094695935467440E-002
           5           5  -6.1982443420469790       -1.0783708499990245     
          10           5  -3.3471196664877634       0.61783426212241865     
          15           5  -3.4583562209561380      -0.20570897964360124     
          20           5   0.0000000000000000        0.0000000000000000     
          25           5  -8.4208787410811059       0.88655655409608514     
          30           5   0.0000000000000000        0.0000000000000000     
          35           5  -4.4514017577940157      -0.61699817505908583     
          40           5  -6.8962536829147991      -0.75582519524018676     
          45           5  -7.9273583259786840      -0.52439609785764896     
          50           5  -3.1239918779391029       0.43119741695851754     
          55           5  -3.3277512340734727       -3.7762713608890941E-002
          60           5  -2.5837301453368600       0.49236672011954141     
          65           5  -3.4797385195683983       0.96631419326087542     
          70           5  -4.6047860893672077      -0.17452912758009198     
          75           5  -7.2540363077555625      -0.11432131554897640     
          80           5  -2.9016232929424124       -3.4470799894631421E-002
          85           5  -5.0037451244377973      -0.34473893636338682     
          90           5  -4.6327487425246172       0.50856727925291390     
          95           5  -4.4203142364807047       -1.3194128582270925     
           0           6  -4.4289514140956152       0.15890640545121459     
           5           6  -4.3150703616782327       0.65088034290922137     
          10           6  -4.2483542642339502        5.8249224095530128E-003
          15           6  -7.6798816304612938        2.1585485025350790     
          20           6  -2.9588256309659444       0.35040530416474702     
          25           6  -3.5950536272771894       0.94939935148183330     
          30           6  -8.6270969446156087       -4.4632046107412338E-002
          35           6  -3.8696460629938922      -0.61239391504826213     
          40           6  -5.0251236824599976      -0.55034311095283894     
          45           6  -4.6959876005742140      -0.32843987873912295     
          50           6  -8.3203388237662601       0.63385856999678691     
          55           6  -4.7922068371863968       -1.0975585478076311     
          60           6  -8.6199807206277512        1.6126961703880753     
          65           6  -4.6594880973327424       0.22923472725297489     
          70           6  -4.8349508848788414      -0.36650882545966046     
          75           6  -3.5394603287108861       0.58737036606207327     
          80           6  -3.8714751286417215        1.0852998209541498     
          85           6  -5.0046147745941294      -0.41479929615631517     
          90           6   0.0000000000000000        0.0000000000000000     
          95           6  -4.6008469971459132        8.9819371445060137E-002
           0           7  -4.6371174111614710       0.68601872437470957     
           5           7  -5.6108427341501619      -0.84498122099943562     
          10           7  -6.4760459312514227       0.10231119748724260     
          15           7   0.0000000000000000        0.0000000000000000     
          20           7  -5.3572548420599553      -0.80594846647061291     
          25           7  -4.8006822321983167       -4.8058698269987099E-002
          30           7  -5.8571651731187391      -0.28128892582926501     
          35           7  -8.3321693705890034      -0.43778302654035040     
          40           7  -5.4982175432399805       -9.9676629522343907E-002
          45           7  -5.0873495147402137        9.6581624138558642E-003
          50           7  -5.6431290778957699      -0.26807080748411649     
          55           7  -5.0127080277684311       -6.7799351734926239E-002
          60           7  -4.5020738510903602      -0.50607848944936307     
          65           7  -9.9577975598186264      -0.41285665234189195     
          70           7   0.0000000000000000        0.0000000000000000     
          75           7  -4.8761952294784638      -0.48328662533805855     
          80           7  -5.4139266445030199      -0.21732095362436699     
          85           7  -5.0845301447977054       0.19181820776911773     
          90           7  -5.0123214130848304      -0.31865059683972019     
          95           7  -4.8715750135197577      -0.19648466938290698     
           0           8  -4.1985640969344811       0.64792990760245694     
           5           8  -5.5012294819631320      -0.48535586307449363     
          10           8  -6.0454103562015966       0.54809027583785364     
          15           8  -5.7028311254458952       -1.1121822218702893     
          20           8  -5.7380278683694108      -0.99162207693001547     
          25           8  -6.0909320429020086      -0.40750505534883907     
          30           8  -6.3712720297398606       0.12808076339174135     
          35           8  -9.9822208282251967       0.44045746041193601     
          40           8  -5.5592286659861267        1.7147704799901076     
          45           8  -5.3580549798121213       0.18303334238564672     
          50           8  -5.4855758459060322       0.16377612621285009     
          55           8  -4.5029128147566766        1.5198624268251970     
          60           8  -4.3563538512769728      -0.35471192100691717     
          65           8  -5.5545037841409073      -0.67688526516493375     
          70           8  -5.8225055205596288       0.15218554675483498     
          75           8  -5.5428477293062439      -0.52667448307078257     
          80           8  -5.4325155958034888       0.31481993576873424     
          85           8   0.0000000000000000        0.0000000000000000     
          90           8  -4.9221800183929521        6.7237787076818156E-002
          95           8  -11.731909250396466       -1.2614672327482257     
           0           9  -6.2982786294378359       0.83788111299956669     
           5           9  -6.7677568857957970      -0.19420394046190670     
          10           9  -7.1059300538892085      -0.66156767604755307     
          15           9  -6.3118094063208119      -0.92036695952937841     
          20           9  -6.6345952918880897      -0.51830663367710694     
          25           9   0.0000000000000000        0.0000000000000000     
          30           9  -6.0070745919610369      -0.32456638779335134     
          35           9  -6.3255722937688441      -0.68005380680649652     
          40           9  -7.0846192650159123      -0.58432480877682047     
          45           9  -4.9770242237295870        1.1049372196927920     
          50           9  -5.8921160647618098       0.57912839641030556     
          55           9  -6.4621234550454876       0.66819705605167257     
          60           9  -5.4939722840086080      -0.64965602893471419     
          65           9  -6.6040240859865929       0.80530824883920382     
          70           9  -6.3342622884510202       0.12740493923676932     
          75           9  -5.9548526794384049       0.31408224253737238     
          80           9  -6.6521945524156134       -7.6088142251379276E-002
          85           9  -5.8462650622292944        1.0132419668727743     
          90           9  -6.9841934408432227      -0.63010942212546328     
          95           9  -6.1678034476708721      -0.30139182137303711     
           0          10  -6.9638942071564669       0.29392917587370282     
           5          10  -7.3723101174073129      -0.42190994799559678     
          10          10  -6.8103614132208889      -0.11000751428971722     
          15          10  -7.4409463121599684      -0.66119951421653167     
          20          10   0.0000000000000000        0.0000000000000000     
          25          10  -6.8508582042098309       0.24277390239232921     
          30          10  -6.6347278690442879      -0.47646126049891158     
          35          10  -7.7118843386131397       -1.2229843558057840     
          40          10  -7.3560521442622706      -0.10898487951535585     
          45          10  -7.0563684946561844       0.26563109932598028     
          50          10  -6.6149224728406786       0.54129602255953424     
          55          10  -6.4107970359728039       0.10331123286924648     
          60          10  -6.4628220807716463      -0.34257840607995749     
          65          10   0.0000000000000000        0.0000000000000000     
          70          10  -7.1366151355634067       -5.7457133019467310E-002
          75          10  -12.934652299804172      -0.28348366414424064     
          80          10  -6.7408588322803720       0.16452856931317705     
          85          10  -6.8188114292999646       0.97852531023998046     
          90          10  -7.4811599324642319      -0.38679978121389236     
          95          10  -7.1514418245233191      -0.39219328634418349     
           0          11  -14.417036924079804       -8.6827144630402531E-002
           5          11  -7.5692879290309429      -0.56363796891320539     
          10          11  -7.0859753027985306       -2.6570143102505606E-002
          15          11  -15.527104552180425      -0.43296490652350306     
          20          11  -7.4727158442078334      -0.75362867370795672     
          25          11  -6.9226124557525415       0.70406032776207383     
          30          11  -7.8205038185907849       0.19893624239444851     
          35          11  -7.9571807063144595       0.23499405379226457     
          40          11  -7.7244246355628876       -7.5352204338269280E-002
          45          11  -13.663387217126566       0.39853111001381114     
          50          11  -7.6775252514360570      -0.74100264047236020     
          55          11  -7.3034722816001096      -0.61940106935373662     
          60          11  -7.4045607996475749      -0.31192216971814846     
          65          11  -7.0059730590077418        1.1280208335741337     
          70          11  -8.0790938426700265      -0.78754028616137561     
          75          11  -7.4845749923158067      -0.10016965240958187     
          80          11  -7.5085852699185995      -0.11211632500188196     
          85          11  -7.9247709998309102      -0.13866582217483825     
          90          11  -7.2334239400795308       -3.7768455374287413E-003
          95          11  -7.5760300594540642      -0.10697118680777495     
           0          12   0.0000000000000000        0.0000000000000000     
           5          12  -7.6061991529238755      -0.71332432176107741     
          10          12  -7.3470643090581262      -0.15703430041313915     
          15          12   0.0000000000000000        0.0000000000000000     
          20          12  -7.8374684282928042       -6.9686772943833297E-002
          25          12  -7.6852496787532809       -2.2973319975666540E-002
          30          12  -16.078728657241136      -0.35915618137150052     
          35          12  -8.0045209922302565       0.29315813256269863     
          40          12  -7.5304594847941386      -0.31519273404709280     
          45          12   0.0000000000000000        0.0000000000000000     
          50          12   0.0000000000000000        0.0000000000000000     
          55          12  -15.160811101141425       0.56524345491901218     
          60          12  -15.983255121543305       0.78388946068472243     
          65          12  -7.2652262049943683        5.8500935761207629E-002
          70          12  -8.6762133627349414        2.4729394909328573E-002
          75          12  -7.9209754694009593      -0.75178947825882414     
          80          12  -6.9722953021267298      -0.31080279957559909     
          85          12  -8.7547472909388357      -0.19464092063159466     
          90          12  -7.7643730735432737       0.21434420888005734     
          95          12  -7.7542565173793765      -0.43216237293572379     
           0          13  -8.2395354587018463      -0.15132251678595665     
           5          13  -8.4748964132926723       -1.2248484253127301     
          10          13  -8.9772460538821424      -0.30334930551045858     
          15          13  -7.9108824390233812      -0.42560253455004027     
          20          13  -8.0161420030067099      -0.21820328835464586     
          25          13  -7.9539553618351855       0.63283953433856954     
          30          13  -8.7021875994935929        7.6219354420703489E-002
          35          13  -7.9373542832700261       0.18513841457901137     
          40          13  -8.5667550163476260       0.35707685038632864     
          45          13  -17.559000102266296       -1.6760729671660979E-002
          50          13  -8.2424102539924160        9.2711460493166697E-002
          55          13  -8.8046239789552061        1.3218464529063390E-002
          60          13  -8.6164997887527850      -0.60467664349916905     
          65          13  -16.142932579051859       0.39671011583558569     
          70          13  -9.0850586999824401      -0.27216650362815731     
          75          13  -8.0479930704335789      -0.16468663874447120     
          80          13  -7.9438788045671505       0.30636161971742126     
          85          13  -8.6840240416785619        5.5007913754012705E-002
          90          13  -8.4467172516833333       0.15373489510417393     
          95          13  -17.339189977223501       -1.5356795920057342     
           0          14  -9.0137423992859258      -0.36072779088291984     
           5          14  -8.9025414058524479        6.6684588754251095E-002
          10          14  -9.0990317222719437       0.21279093449455555     
          15          14  -7.6290808585244285      -0.66009801371336163     
          20          14  -9.1018971877138135      -0.20500205770629387     
          25          14  -8.6358045463280622       -2.2854492557899952E-002
          30          14  -8.3365759148884546        7.0409971202334276E-002
          35          14  -9.0804818491446717       0.35199056478474322     
          40          14  -16.004611040013604       0.16048884446340228     
          45          14   0.0000000000000000        0.0000000000000000     
          50          14  -9.0843128290785113      -0.68683215995402058     
          55          14  -9.1542887535889239       0.48254294770844197     
          60          14  -17.425952774736686      -0.30578812245274367     
          65          14  -8.8447197069141392       0.29359043784343841     
          70          14   0.0000000000000000        0.0000000000000000     
          75          14  -8.5790672127605827      -0.60515153495033225     
          80          14  -17.017376297119302       -2.8385460191793221E-002
          85          14  -8.8206861487238886        5.2432990895190379E-002
          90          14  -27.702553920244675      -0.74539250858263184     
          95          14   0.0000000000000000        0.0000000000000000     
           0          15  -9.7285141308340197        1.4163949782486362E-002
           5          15  -9.1418662617326341        5.3078255276006736E-002
          10          15  -9.1828298436461004       0.15588110232278574     
          15          15  -9.0996721848918263      -0.73927898056658226     
          20          15  -10.055955917963043      -0.34825040068131585     
          25          15  -9.0150491395007961      -0.15773906104410429     
          30          15  -18.143840895349371       0.12780727398825631     
          35          15  -9.3581955524130169      -0.55067210397496957     
          40          15  -8.5589812557290692        3.7885411938443081E-002
          45          15  -9.3447286138254029      -0.51729511919895721     
          50          15  -18.711062471481466      -0.16568335966027359     
          55          15  -9.1915590529867419       0.74947897265142949     
          60          15  -8.6439078653455237       0.65711208587837522     
          65          15  -9.1874061364471959       -2.2674716945725315E-002
          70          15  -17.718340299319735        1.2078007665694557     
          75          15  -9.2336967168293871      -0.49482600421202338     
          80          15  -9.5983593104664866      -0.88086982527491031     
          85          15  -8.9880103633899200       0.21430323862592360     
          90          15  -9.6290984850522232      -0.49848459851509208     
          95          15  -9.7252944873005287      -0.45930209934430533     
           0          16  -19.425920604285686      -0.58798343451904600     
           5          16   0.0000000000000000        0.0000000000000000     
          10          16  -8.8965974154345258       0.65268744377511290     
          15          16  -9.7470384829151371      -0.18759014619118553     
          20          16  -9.0086805136885264      -0.29599959694370792     
          25          16  -19.515289507603391       -5.5226167501309931E-002
          30          16  -10.041095379938469       0.32952620147158607     
          35          16  -9.9709932416852656      -0.20358942265708002     
          40          16  -9.7449057102033656      -0.13599798349694936     
          45          16  -9.4245342280702129      -0.17883406051327766     
          50          16  -9.7960039788935749      -0.82953745366654008     
          55          16  -9.9622874162397235      -0.22609215367008773     
          60          16  -10.284224138171760      -0.24157171724659143     
          65          16  -9.5011327514338273       -2.2996385082296733E-002
          70          16  -9.7546305302087521       -1.0640698813735305E-002
          75          16  -10.784615868816294      -0.37133428095970089     
          80          16   0.0000000000000000        0.0000000000000000     
          85          16  -9.7324248277186332       0.10419553473750565     
          90          16  -9.4840810868668246      -0.38008787151377899     
          95          16  -9.2897002940428575      -0.13531035562230898     
           0          17  -20.997985293998706       0.28561246667696549     
           5          17  -10.436649672368320        5.9202813776360053E-002
          10          17   0.0000000000000000        0.0000000000000000     
          15          17  -20.487503653286161      -0.86505954956822562     
          20          17  -10.459286030892745      -0.25586819799638949     
          25          17   0.0000000000000000        0.0000000000000000     
          30          17  -10.611957250382108      -0.22609372465676181     
          35          17  -9.4109460640073852        3.7671442631448393E-002
          40          17  -19.158138205065399        1.0173185426842757E-002
          45          17  -10.136028811451036       0.68580103662785330     
          50          17  -10.333105687850841      -0.16761343335391921     
          55          17  -9.6380504090654018       -4.1188846626183384E-002
          60          17  -9.5020120866784463       0.40130357772505398     
          65          17   0.0000000000000000        0.0000000000000000     
          70          17  -10.533094626240525      -0.17954081576121439     
          75          17   0.0000000000000000        0.0000000000000000     
          80          17  -10.873534435943411      -0.52936241401013717     
          85          17  -20.616012806815576       0.17135210528096412     
          90          17  -10.406733885217623      -0.23197719852846577     
          95          17  -10.254594041331222      -0.64559887426540730     
           0          18  -21.119019288618141       0.77040544372630748     
           5          18   0.0000000000000000        0.0000000000000000     
          10          18  -10.466233067935869      -0.29203064493971143     
          15          18  -10.362199821416507      -0.10262391437643181     
          20          18  -10.353948191509366      -0.19809466246689666     
          25          18   0.0000000000000000        0.0000000000000000     
          30          18   0.0000000000000000        0.0000000000000000     
          35          18   0.0000000000000000        0.0000000000000000     
          40          18  -10.896930346982469       0.20054702011773617     
          45          18  -9.7364339373112720       0.29579000863089178     
          50          18  -10.146019536548812       -1.7742313787594277E-002
          55          18   0.0000000000000000        0.0000000000000000     
          60          18  -10.500101599798528       -9.3167602835952934E-002
          65          18  -11.146690463893494       -3.4345025624049619E-002
          70          18  -10.525463199452245      -0.34162823723371538     
          75          18  -11.109776987573428      -0.17790075363455227     
          80          18  -10.419342834105949      -0.29641458410167854     
          85          18  -10.269525379362765      -0.17212113653741756     
          90          18  -10.256334095691821      -0.58909163499598627     
          95          18  -10.879710876842141      -0.65508930406354970     
           0          19  -21.546908086103084      -0.12869437568396869     
           5          19  -10.795098444581763        8.0054685082653343E-002
          10          19  -10.911113573935371      -0.14178423823424380     
          15          19  -10.861577512901176       -2.7241989850601556E-002
          20          19  -11.137631452258766        8.6373013237772689E-002
          25          19  -10.883510766487303        2.8847812794385863E-002
          30          19  -10.265564381824465      -0.42238612711520407     
          35          19  -10.606242707318913       -6.3596202827809201E-002
          40          19  -11.108257782556640       0.55057393348600936     
          45          19  -10.653015167766400        1.5601832749068123E-002
          50          19   0.0000000000000000        0.0000000000000000     
          55          19  -20.975425376998924       0.31251940842580428     
          60          19  -21.914211820179830       0.38715757930685157     
          65          19  -10.272500462958911       0.24296393360767610     
          70          19  -10.742035335723488       0.37587251406179245     
          75          19  -10.659025004958744      -0.42039676208971422     
          80          19  -10.984881242083189       0.13312094862161228     
          85          19  -11.227940489481059      -0.25671620749678770     
          90          19  -11.551992080151008        3.8183473100028564E-002
          95          19  -10.951545904019921      -0.65118724927815119     
           0          20  -12.276210926660058       0.63513802540493547     
           5          20  -21.970017272524288      -0.62430914068767329     
          10          20  -10.985095458079241       0.59508764952864723     
          15          20  -11.429846100751982       0.21145817587359117     
          20          20  -11.347142352650662      -0.15671564432551133     
          25          20   0.0000000000000000        0.0000000000000000     
          30          20  -11.297528332641637      -0.35849570885593263     
          35          20  -10.495357605487253       0.15395786813199308     
          40          20  -11.093439593194420      -0.29802265192307997     
          45          20  -21.712276054731692       0.68805722263531877     
          50          20  -11.092914107099228        9.0276699214464351E-002
          55          20   0.0000000000000000        0.0000000000000000     
          60          20  -10.708082401890140       0.47356725610070427     
          65          20  -11.324177533521551      -0.33290514358130796     
          70          20   0.0000000000000000        0.0000000000000000     
          75          20   0.0000000000000000        0.0000000000000000     
          80          20  -11.331114759441929      -0.21441779660569260     
          85          20  -11.413419586235873       0.45449298105126879     
          90          20  -11.196426562695150       0.13898892142094610     
          95          20  -11.491735955263538       0.16817337213093086     
           0          21   0.0000000000000000        0.0000000000000000     
           5          21  -11.748760154532828      -0.49446192688096247     
          10          21  -11.508617226297924       0.28226178036883098     
          15          21  -11.437378231168305       0.83462776887643919     
          20          21  -10.612416822474712       0.70973583740252533     
          25          21  -12.079613709115588      -0.23680135443959749     
          30          21   0.0000000000000000        0.0000000000000000     
          35          21  -11.260281320139564       -4.8232253425095628E-002
          40          21  -11.319728343836543       0.31100213526369380     
          45          21  -11.410190471722869      -0.43753928337164627     
          50          21  -11.621746246547326       0.31382201760299377     
          55          21  -24.179351643043301       0.35026003620375334     
          60          21   0.0000000000000000        0.0000000000000000     
          65          21  -11.256443078800915       0.42932690336561219     
          70          21  -22.745162972011013      -0.44421088174873002     
          75          21   0.0000000000000000        0.0000000000000000     
          80          21  -11.440233089924368      -0.26101849961379653     
          85          21  -11.820322345784673        7.8605214639537735E-002
          90          21  -11.467060834163822       0.47264096241284026     
          95          21  -11.577219778974301       0.50997942169977994     
           0          22  -12.256589211441819        7.6381777723844024E-002
           5          22  -11.811478553809817      -0.44000731223903244     
          10          22  -12.274842663735352      -0.58037015241263479     
          15          22  -12.319043775920468      -0.15207946732098687     
          20          22   0.0000000000000000        0.0000000000000000     
          25          22  -12.098835888512681      -0.17568812526402855     
          30          22  -11.375113533571012       0.32595337916885292     
          35          22  -11.253004283034439        2.8263685550866668E-002
          40          22  -11.734176222430447       -2.0836729342499360E-002
          45          22  -11.323803106449425       0.13029968403299730     
          50          22   0.0000000000000000        0.0000000000000000     
          55          22   0.0000000000000000        0.0000000000000000     
          60          22  -11.136847809866124       0.26217153167085172     
          65          22  -12.804060679233453      -0.25154246251102297     
          70          22  -11.775022127761270       0.31063237916184594     
          75          22  -23.427961274737896      -0.24027027548501056     
          80          22  -12.154089949109048      -0.62472624355824902     
          85          22  -11.335396786205099       0.22467773947432157     
          90          22  -11.919873077083087       0.27836815934323411     
          95          22  -11.734024698578649       0.48868312811645165     
           0          23  -12.567600001812005      -0.74388664979996300     
           5          23  -12.609785194024614       0.55346249984655760     
          10          23  -12.262405723411639      -0.12840379157497139     
          15          23  -12.136694259959334       -6.9632914829753645E-002
          20          23  -11.928352677483266      -0.30348896706333672     
          25          23   0.0000000000000000        0.0000000000000000     
          30          23  -12.167499810677439       0.34932110592134080     
          35          23   0.0000000000000000        0.0000000000000000     
          40          23  -11.570339785438865      -0.23429764200111336     
          45          23  -12.612703797356128       0.40303791203732953     
          50          23  -11.934150217635109      -0.20294833408762702     
          55          23   0.0000000000000000        0.0000000000000000     
          60          23  -12.260660446917759      -0.30720576013387735     
          65          23  -13.061620008084640       -1.1108482362748306     
          70          23  -12.125077803283313      -0.12166327879425953     
          75          23   0.0000000000000000        0.0000000000000000     
          80          23  -12.346516586417833      -0.16210812997241586     
          85          23  -12.352758591651636      -0.51940023251900724     
          90          23  -11.830230820678578       0.33967876578056000     
          95          23  -25.199207448485250        1.8626618565886766E-002
           0          24   0.0000000000000000        0.0000000000000000     
           5          24   0.0000000000000000        0.0000000000000000     
          10          24   0.0000000000000000        0.0000000000000000     
          15          24  -12.725875203595804        1.9103616372140308E-003
          20          24  -12.042403968296478       0.64057447064502782     
          25          24  -12.216297714356394       0.14978961897393894     
          30          24  -11.984765317680223       0.61481304803712167     
          35          24  -12.027236743890612      -0.25483756221911236     
          40          24  -12.442409269378118       0.65620091465212749     
          45          24  -12.445799170638926       0.28899869175036397     
          50          24  -12.763723960035334        5.7960837855364211E-002
          55          24  -13.750959877846247      -0.68060247440437927     
          60          24   0.0000000000000000        0.0000000000000000     
          65          24   0.0000000000000000        0.0000000000000000     
          70          24  -12.778348281249352      -0.17945767440907812     
          75          24  -12.386552926667571      -0.27629774963511267     
          80          24   0.0000000000000000        0.0000000000000000     
          85          24   0.0000000000000000        0.0000000000000000     
          90          24   0.0000000000000000        0.0000000000000000     
          95          24   0.0000000000000000        0.0000000000000000     
           0          25  -12.481832484287384      -0.19791157035209395     
           5          25  -12.913847380351950      -0.15262014398276236     
          10          25   0.0000000000000000        0.0000000000000000     
          15          25  -12.464512717339504       0.22824890868133885     
          20          25  -12.966940772675683      -0.55611341695294136     
          25          25   0.0000000000000000        0.0000000000000000     
          30          25  -11.980980705540988       0.20749460013957943     
          35          25  -12.619813111284794       0.40382785515435948     
          40          25  -12.172295106295804       0.22800676332757064     
          45          25   0.0000000000000000        0.0000000000000000     
          50          25   0.0000000000000000        0.0000000000000000     
          55          25   0.0000000000000000        0.0000000000000000     
          60          25  -12.675601054820129       -7.0048230377262044E-002
          65          25   0.0000000000000000        0.0000000000000000     
          70          25  -12.450685546795404      -0.32227073527901773     
          75          25  -12.656490209083104       -9.3194144862307482E-002
          80          25  -12.522153972581718      -0.24139897158881318     
          85          25  -12.793730575256790      -0.11626158375133144     
          90          25  -12.751780819567626        9.7851800667791977E-002
          95          25  -13.514718464561204      -0.74457581114129034     
           0          26   0.0000000000000000        0.0000000000000000     
           5          26   0.0000000000000000        0.0000000000000000     
          10          26   0.0000000000000000        0.0000000000000000     
          15          26   0.0000000000000000        0.0000000000000000     
          20          26   0.0000000000000000        0.0000000000000000     
          25          26   0.0000000000000000        0.0000000000000000     
          30          26  -12.709814385381545       0.60040183477494402     
          35          26   0.0000000000000000        0.0000000000000000     
          40          26   0.0000000000000000        0.0000000000000000     
          45          26   0.0000000000000000        0.0000000000000000     
          50          26   0.0000000000000000        0.0000000000000000     
          55          26   0.0000000000000000        0.0000000000000000     
          60          26   0.0000000000000000        0.0000000000000000     
          65          26   0.0000000000000000        0.0000000000000000     
          70          26  -12.830177105388474        4.1964179778863908E-002
          75          26  -12.541674685045967       -1.6928332544630109E-002
          80          26  -12.231346537187049       -4.0667438518937615E-002
          85          26  -12.932595850371209        9.9848061752005890E-002
          90          26   0.0000000000000000        0.0000000000000000     
          95          26   0.0000000000000000        0.0000000000000000     
           0          27   0.0000000000000000        0.0000000000000000     
           5          27   0.0000000000000000        0.0000000000000000     
          10          27   0.0000000000000000        0.0000000000000000     
          15          27   0.0000000000000000        0.0000000000000000     
          20          27   0.0000000000000000        0.0000000000000000     
          25          27   0.0000000000000000        0.0000000000000000     
          30          27   0.0000000000000000        0.0000000000000000     
          35          27   0.0000000000000000        0.0000000000000000     
          40          27   0.0000000000000000        0.0000000000000000     
          45          27   0.0000000000000000        0.0000000000000000     
          50          27   0.0000000000000000        0.0000000000000000     
          55          27   0.0000000000000000        0.0000000000000000     
          60          27   0.0000000000000000        0.0000000000000000     
          65          27  -12.582452234578545        1.0787698974112914E-002
          70          27   0.0000000000000000        0.0000000000000000     
          75          27   0.0000000000000000        0.0000000000000000     
          80          27   0.0000000000000000        0.0000000000000000     
          85          27   0.0000000000000000        0.0000000000000000     
          90          27  -13.391969144426197      -0.13597292343403566     
          95          27   0.0000000000000000        0.0000000000000000     
           0          28   0.0000000000000000        0.0000000000000000     
           5          28   0.0000000000000000        0.0000000000000000     
          10          28  -13.586989046307506       0.38932106184108584     
          15          28   0.0000000000000000        0.0000000000000000     
          20          28   0.0000000000000000        0.0000000000000000     
          25          28   0.0000000000000000        0.0000000000000000     
          30          28   0.0000000000000000        0.0000000000000000     
          35          28   0.0000000000000000        0.0000000000000000     
          40          28   0.0000000000000000        0.0000000000000000     
          45          28   0.0000000000000000        0.0000000000000000     
          50          28   0.0000000000000000        0.0000000000000000     
          55          28   0.0000000000000000        0.0000000000000000     
          60          28   0.0000000000000000        0.0000000000000000     
          65          28   0.0000000000000000        0.0000000000000000     
          70          28   0.0000000000000000        0.0000000000000000     
          75          28  -12.569949529198654       0.19121587673809337     
          80          28   0.0000000000000000        0.0000000000000000     
          85          28   0.0000000000000000        0.0000000000000000     
          90          28   0.0000000000000000        0.0000000000000000     
          95          28   0.0000000000000000        0.0000000000000000     
           0          29   0.0000000000000000        0.0000000000000000     
           5          29   0.0000000000000000        0.0000000000000000     
          10          29   0.0000000000000000        0.0000000000000000     
          15          29   0.0000000000000000        0.0000000000000000     
          20          29   0.0000000000000000        0.0000000000000000     
          25          29   0.0000000000000000        0.0000000000000000     
          30          29   0.0000000000000000        0.0000000000000000     
          35          29   0.0000000000000000        0.0000000000000000     
          40          29   0.0000000000000000        0.0000000000000000     
          45          29   0.0000000000000000        0.0000000000000000     
          50          29   0.0000000000000000        0.0000000000000000     
          55          29   0.0000000000000000        0.0000000000000000     
          60          29   0.0000000000000000        0.0000000000000000     
          65          29   0.0000000000000000        0.0000000000000000     
          70          29   0.0000000000000000        0.0000000000000000     
          75          29   0.0000000000000000        0.0000000000000000     
          80          29   0.0000000000000000        0.0000000000000000     
          85          29   0.0000000000000000        0.0000000000000000     
          90          29   0.0000000000000000        0.0000000000000000     
          95          29   0.0000000000000000        0.0000000000000000     
           0          30   0.0000000000000000        0.0000000000000000     
           5          30   0.0000000000000000        0.0000000000000000     
          10          30   0.0000000000000000        0.0000000000000000     
          15          30   0.0000000000000000        0.0000000000000000     
          20          30   0.0000000000000000        0.0000000000000000     
          25          30   0.0000000000000000        0.0000000000000000     
          30          30   0.0000000000000000        0.0000000000000000     
          35          30   0.0000000000000000        0.0000000000000000     
          40          30   0.0000000000000000        0.0000000000000000     
          45          30   0.0000000000000000        0.0000000000000000     
          50          30   0.0000000000000000        0.0000000000000000     
          55          30   0.0000000000000000        0.0000000000000000     
          60          30   0.0000000000000000        0.0000000000000000     
          65          30   0.0000000000000000        0.0000000000000000     
          70          30   0.0000000000000000        0.0000000000000000     
          75          30   0.0000000000000000        0.0000000000000000     
          80          30   0.0000000000000000        0.0000000000000000     
          85          30   0.0000000000000000        0.0000000000000000     
          90          30   0.0000000000000000        0.0000000000000000     
          95          30   0.0000000000000000        0.0000000000000000     
           0          31   0.0000000000000000        0.0000000000000000     
           5          31   0.0000000000000000        0.0000000000000000     
          10          31   0.0000000000000000        0.0000000000000000     
          15          31   0.0000000000000000        0.0000000000000000     
          20          31   0.0000000000000000        0.0000000000000000     
          25          31   0.0000000000000000        0.0000000000000000     
          30          31   0.0000000000000000        0.0000000000000000     
          35          31   0.0000000000000000        0.0000000000000000     
          40          31   0.0000000000000000        0.0000000000000000     
          45          31   0.0000000000000000        0.0000000000000000     
          50          31   0.0000000000000000        0.0000000000000000     
          55          31   0.0000000000000000        0.0000000000000000     
          60          31   0.0000000000000000        0.0000000000000000     
          65          31   0.0000000000000000        0.0000000000000000     
          70          31   0.0000000000000000        0.0000000000000000     
          75          31   0.0000000000000000        0.0000000000000000     
          80          31   0.0000000000000000        0.0000000000000000     
          85          31   0.0000000000000000        0.0000000000000000     
          90          31   0.0000000000000000        0.0000000000000000     
          95          31   0.0000000000000000        0.0000000000000000     
