           0           0   0.0000000000000000        0.0000000000000000     
           5           0   0.0000000000000000        0.0000000000000000     
          10           0   0.0000000000000000        0.0000000000000000     
          15           0   0.0000000000000000        0.0000000000000000     
          20           0   0.0000000000000000        0.0000000000000000     
          25           0   0.0000000000000000        0.0000000000000000     
          30           0   0.0000000000000000        0.0000000000000000     
          35           0   0.0000000000000000        0.0000000000000000     
          40           0   0.0000000000000000        0.0000000000000000     
          45           0   0.0000000000000000        0.0000000000000000     
          50           0   0.0000000000000000        0.0000000000000000     
          55           0   0.0000000000000000        0.0000000000000000     
          60           0   0.0000000000000000        0.0000000000000000     
          65           0   0.0000000000000000        0.0000000000000000     
          70           0   0.0000000000000000        0.0000000000000000     
          75           0   0.0000000000000000        0.0000000000000000     
          80           0   0.0000000000000000        0.0000000000000000     
          85           0   0.0000000000000000        0.0000000000000000     
          90           0   0.0000000000000000        0.0000000000000000     
          95           0   0.0000000000000000        0.0000000000000000     
           0           1   0.0000000000000000        0.0000000000000000     
           5           1  -1.3905454839560627      -0.66906556645412307     
          10           1  -1.9868982177259631        3.1336852869996712E-002
          15           1  -2.8830723149891879       0.37285886268466351     
          20           1  -1.2843681876925639      -0.58639602272148039     
          25           1  -2.1945800443506913       -1.4283247941408379     
          30           1  -1.3838654974773767       0.16464226562625320     
          35           1 -0.66623886936179044       0.11893268913348853     
          40           1 -0.20336456752423349      -0.89317561040053173     
          45           1 -0.27165832627906727       0.37953845121646568     
          50           1 -0.57884060690294170       0.12359944868818584     
          55           1  -1.3823124341361126       -3.8927718488089569E-003
          60           1 -0.76924094434827062       0.25273582266522460     
          65           1 -0.57260060750130570       0.51771009081021457     
          70           1   2.3592441676933973E-002  0.14919642505377417     
          75           1   0.0000000000000000        0.0000000000000000     
          80           1  -1.2669240242013657       -2.1852346966718533E-002
          85           1 -0.97777948944610671      -0.54688158908897111     
          90           1  -1.3393408085626834       -1.3804425720551072     
          95           1 -0.15538105804346891       -2.3511549089548844     
           0           2  -1.1478079269506678      -0.48633248107918942     
           5           2  -1.3478183293805235      -0.44147484051387104     
          10           2  -1.6051045051052037       0.33836003931062703     
          15           2  -2.1981720256297743      -0.20256632869083274     
          20           2  -1.9586727605147569      -0.64234209118899099     
          25           2  -2.4342868388466110       -1.8748196283795495     
          30           2  -4.5524493430854074       0.35428220995167153     
          35           2  -3.6910906350862138      -0.25732470152160786     
          40           2  -2.7332756270331826      -0.77659551381201863     
          45           2  -1.7403369611196373       0.69389921263086207     
          50           2  -4.5092062910634390       -1.4331773627163784     
          55           2  -1.2332637813095015       0.86309145163564882     
          60           2  -2.0048420307838821       -9.0019158771326158E-002
          65           2   0.0000000000000000        0.0000000000000000     
          70           2  -1.9703121039393867      -0.59869949525181287     
          75           2  -2.9837389097353562       0.33351188831978740     
          80           2  -2.9999045705542127      -0.33239305369272415     
          85           2  0.34817357871363974       0.16411807427296060     
          90           2  -1.6275498492479556      -0.20248503824728953     
          95           2   0.0000000000000000        0.0000000000000000     
           0           3   0.0000000000000000        0.0000000000000000     
           5           3  -2.1886624189967896      -0.93323938862431566     
          10           3  -2.7237298636001439       -7.0032247435347639E-002
          15           3  -3.3492148300084956       0.49415477032702104     
          20           3  -3.2780996816789143      -0.21166423637183907     
          25           3  -3.9306988667348053      -0.42536342747701017     
          30           3  -1.9609496061862020       -1.1359416955473989     
          35           3  -2.5357139441845034      -0.63137542684253001     
          40           3  -6.1906926779470295        8.1043636188243839E-002
          45           3  -6.6382296048395073        1.8183450389517781     
          50           3  -1.5037429452691153      -0.28803151141551520     
          55           3  -1.6926487007762336       0.83690339674119540     
          60           3   0.0000000000000000        0.0000000000000000     
          65           3  -1.7181290635071012       0.61246414751039979     
          70           3  -1.9032202838187295        1.3235238356076178     
          75           3  -2.8294934579198294       -1.3179175206214782     
          80           3  -2.6436495431148010        1.5884041468725019E-002
          85           3  -1.8208574822720092        8.4473152852371225E-002
          90           3  -2.2498816013316603      -0.25740678346292123     
          95           3  -3.2177027638591316       0.11796463462471207     
           0           4  -3.2324300834339734       -3.6068191124755122E-002
           5           4  -3.3906685397258607       0.40787467895792018     
          10           4  -4.6387056215979605      -0.68643053195913128     
          15           4  -2.6122675171974530      -0.65384242829022443     
          20           4   0.0000000000000000        0.0000000000000000     
          25           4  -2.8377535273443888      -0.55036138796191181     
          30           4  -2.6930261416330259       0.11530292136942288     
          35           4  -1.9127341688401911       -1.0979024702287288     
          40           4   0.0000000000000000        0.0000000000000000     
          45           4  -5.0567204403001442      -0.32608552717139361     
          50           4  -3.4268294088268814        5.9753845959159557E-002
          55           4  -4.2270988615522587       -5.9709599146834380E-002
          60           4  -5.4079768522985461       0.51727952056969395     
          65           4  -3.8885188110071578       0.13225487307394479     
          70           4   0.0000000000000000        0.0000000000000000     
          75           4  -6.0410134788324577        1.2437706890797151     
          80           4  -3.9406710351042040      -0.89650649628472689     
          85           4  -2.9036061131648694       0.69890431777408502     
          90           4   0.0000000000000000        0.0000000000000000     
          95           4  -3.5029921086005000      -0.54726458762519026     
           0           5  -4.0215647309923348      -0.24525626946964030     
           5           5  -2.7987829673343372       0.40752302971486243     
          10           5  -4.2907802406144668       0.62249470208247670     
          15           5  -4.4364062781754310       0.49399084377600710     
          20           5  -8.3464348324319140      -0.73990465445678000     
          25           5  -4.7423959353454226      -0.74235176939982384     
          30           5  -3.9845568903146278       0.26984318890886649     
          35           5  -3.9478960326594370       0.24383546069428608     
          40           5  -6.6524488999353260      -0.62780723897065682     
          45           5  -4.8994372668792474      -0.42308240262745045     
          50           5  -4.7934453401421440      -0.62504009314665043     
          55           5   0.0000000000000000        0.0000000000000000     
          60           5  -5.8567133314535447      -0.55624341353636975     
          65           5  -4.0801557444491987       0.85190481076483082     
          70           5  -8.7452283993050273        1.4580284833973223     
          75           5  -3.9406224071425466      -0.41994020369820473     
          80           5  -4.5116008101675487       -1.3967747222813631     
          85           5  -4.3949035290102856      -0.92986397262947995     
          90           5  -5.0625780409097043       0.37023280302972417     
          95           5   0.0000000000000000        0.0000000000000000     
           0           6  -4.9026578408781996       0.35761456704211381     
           5           6  -9.4195685161434213        2.8844748181239277E-002
          10           6  -4.9941791653233807       -1.3671510053950287     
          15           6   0.0000000000000000        0.0000000000000000     
          20           6  -4.8484205596704966      -0.10618368882678308     
          25           6  -4.7692366324386670      -0.36828219681636631     
          30           6  -5.4341758415116237      -0.60742438404190469     
          35           6  -3.7588706186680865      -0.52139584689109286     
          40           6  -9.8042770974826610       0.14294494308397798     
          45           6  -4.8194042611665600       0.15421856088201902     
          50           6  -4.5095368869618735       0.40966357797475594     
          55           6  -8.9853830495401077        2.7809027022263066E-002
          60           6   0.0000000000000000        0.0000000000000000     
          65           6  -5.4645478486159416      -0.78939074896311467     
          70           6  -4.9635385603019611       0.11131243897608001     
          75           6  -4.6486966834302645       0.16301795205800329     
          80           6   0.0000000000000000        0.0000000000000000     
          85           6  -4.2437852224741501       0.30342233461766455     
          90           6  -5.8885430752864121       0.65279268398152346     
          95           6  -9.0142310931473624       0.51807724064545368     
           0           7  -4.9271517593014487        1.4283675241200111E-003
           5           7  -6.2997763533578777       0.11041433335898243     
          10           7  -5.5299157789868989       -8.8883338549700097E-002
          15           7  -5.0737801599826104      -0.12898150059822977     
          20           7  -4.8332367399034348      -0.46711041662469976     
          25           7  -6.4836167562637437       -6.4537905712230836E-002
          30           7  -6.0209666121729954      -0.37217782182810688     
          35           7  -10.963379833230924       0.57345542644443581     
          40           7  -5.6275104767916639        5.2683544384118930E-002
          45           7  -5.8008669089765208      -0.51040824847067845     
          50           7  -8.9680154956761626        2.5173914078205351     
          55           7  -5.9221206141513161      -0.15201900222791553     
          60           7  -5.4054393117264343      -0.18259395698508318     
          65           7  -6.1885843812448105      -0.81827098531814246     
          70           7  -13.394091986107526       0.21953018517456568     
          75           7  -5.4651252883541890       0.48144561400745300     
          80           7  -6.7050211611940913       -1.3449324172028210     
          85           7  -4.6357225824467108      -0.22345500363701865     
          90           7  -5.5286294811518477      -0.10924202763232249     
          95           7  -6.1813388288445292       0.53616493828498313     
           0           8  -6.6542821385029338       0.48243092235125684     
           5           8  -6.2568680792926541       0.17095275618508876     
          10           8  -6.3460044826296746       0.76368100401805195     
          15           8  -6.8056130017252192       -9.3063131486464945E-002
          20           8   0.0000000000000000        0.0000000000000000     
          25           8  -6.2920404984007083       -7.0670634486208472E-002
          30           8  -13.583382427781455       -1.4384011922538575     
          35           8  -6.0469833219128910       0.10040386759876951     
          40           8  -5.3307305921540538       0.42934961989704590     
          45           8  -11.963647688589262       0.72902520099740742     
          50           8  -5.1085362517799826       0.57079949903768301     
          55           8  -6.1670953478121238       0.40723662031741381     
          60           8  -6.0059515413179998        9.9980490102652420E-002
          65           8   0.0000000000000000        0.0000000000000000     
          70           8   0.0000000000000000        0.0000000000000000     
          75           8   0.0000000000000000        0.0000000000000000     
          80           8  -5.5556471201756441        1.2527207662794970     
          85           8  -5.5282040288151535       0.28744142361064595     
          90           8  -13.446204827572972      -0.79266764042545956     
          95           8  -12.167725098722881       0.80782911379695399     
           0           9  -15.733697294536185       0.28606084739812854     
           5           9  -7.3570164813557826      -0.82936086731807968     
          10           9  -6.3447346493053498       0.99370546462376752     
          15           9  -6.9585211853351314       0.96524971821179695     
          20           9  -6.4456209914010021       0.14697365393639972     
          25           9  -6.9905483039373051       0.56238795039562084     
          30           9  -7.0819551154727156      -0.85965705428389660     
          35           9  -7.5885627904176411       0.57243347883609297     
          40           9  -6.5546008422262547      -0.19364693508175379     
          45           9  -6.9298909190718128        4.8808503455566310E-002
          50           9  -7.0236696479197835       0.76429133090430423     
          55           9  -7.3429202761932100       0.50958284332894288     
          60           9  -7.4389586806666852      -0.22231543705716894     
          65           9  -6.9011686264908167      -0.33961680181118781     
          70           9  -6.9450896061773459        1.1161548069980876     
          75           9  -6.5965075124074790       0.39183602122724870     
          80           9   0.0000000000000000        0.0000000000000000     
          85           9  -6.7133635545491011        3.0752758345409248E-003
          90           9  -7.3491478973319868      -0.28874386431884669     
          95           9  -7.4972499714653917      -0.44870532625709836     
           0          10  -7.7110078460813822      -0.15859617642763335     
           5          10  -7.4412242198472471       -1.1325290796869447     
          10          10  -8.0692055512163190        7.9231540286023305E-002
          15          10  -7.1806043070535281        5.9873202454818752E-002
          20          10  -14.978648193893495       0.46810659044924097     
          25          10  -14.712337987341506        4.1575615061240079E-002
          30          10  -8.1782816443931594      -0.13357643940559161     
          35          10  -15.538714091423156        4.7789510359136367E-002
          40          10  -7.5939564230181889       0.82745733704300828     
          45          10  -8.1078598390144077        9.9621116069897875E-002
          50          10  -6.5450360464869295       0.11359093027588085     
          55          10   0.0000000000000000        0.0000000000000000     
          60          10  -7.6051503932028641      -0.23712866335165450     
          65          10  -7.9809578975387208       0.11227738891936290     
          70          10  -7.8897943956068861        8.6446043068288958E-002
          75          10  -7.5662584093250107      -0.23610992431019606     
          80          10  -6.7960157769342278       0.17792713326234000     
          85          10  -7.2898847076507955       0.73939490813204611     
          90          10  -7.5385825302320963       0.19137612227007605     
          95          10  -7.6733795828720641      -0.75924147927355912     
           0          11  -7.0984973977979582       -9.5299833209189222E-002
           5          11  -8.3943786458283434        1.2464023545154246     
          10          11   0.0000000000000000        0.0000000000000000     
          15          11  -7.4768011157755332       0.50604310988841550     
          20          11   0.0000000000000000        0.0000000000000000     
          25          11  -7.9738582551508452      -0.14330270693516112     
          30          11  -8.8489314998679838       0.19235309020995683     
          35          11  -7.5177254514907643        6.0270834091463721E-002
          40          11  -8.2329681283677125       0.37188089271708580     
          45          11  -8.0232983937250637      -0.36480819050735414     
          50          11  -8.3487021395822758      -0.10287068834338720     
          55          11  -7.3353484576099692      -0.34641745686778136     
          60          11  -8.8903448750554670      -0.30271646915228101     
          65          11  -8.3896172697517368        8.3850694061887721E-002
          70          11  -8.5846169208891876      -0.99347351393760941     
          75          11  -8.1812875619002856       0.20469761344552029     
          80          11  -6.8671507419526545       0.37879993243630783     
          85          11  -8.1576441153752288      -0.15849052697650134     
          90          11  -7.9330841560010246       0.25302284853270796     
          95          11  -7.7559765362289479      -0.62025364362686131     
           0          12  -9.2213019503165476      -0.64762622368166878     
           5          12   0.0000000000000000        0.0000000000000000     
          10          12  -8.2730565512503791      -0.23597177473286268     
          15          12  -8.0957339862763877      -0.11954712088535491     
          20          12  -8.8975817716585581      -0.43134767642491467     
          25          12  -8.7774575058613404       0.50331306385098529     
          30          12  -9.1576294746537048      -0.15943451794286911     
          35          12   0.0000000000000000        0.0000000000000000     
          40          12  -7.8109011277072149        1.2360095452096376     
          45          12  -17.589992145061736        4.6294866285073732E-002
          50          12   0.0000000000000000        0.0000000000000000     
          55          12  -7.8963406509091616       0.63997323207123924     
          60          12  -8.3516222148538599       0.11076836876025564     
          65          12   0.0000000000000000        0.0000000000000000     
          70          12  -26.132414954170848      -0.94007357160461047     
          75          12  -7.8152043824253337       0.12094607946544489     
          80          12  -18.048834286201743       -3.3574466220681609E-002
          85          12  -9.4952200044085000       -3.3655919648017951E-002
          90          12  -9.2047714287935012      -0.42101255203985666     
          95          12  -8.9840675380548074      -0.59916250872260601     
           0          13  -9.7026713453661042       -1.1392311062868865     
           5          13  -8.8666042967962255       0.10985888174774860     
          10          13  -8.9428752830897356       0.60387955213625499     
          15          13   0.0000000000000000        0.0000000000000000     
          20          13  -9.3379812398192144       0.87382890104237276     
          25          13  -9.1636151722263026        3.6117252035505754E-002
          30          13  -9.0335939339875040       -9.0648471485765825E-002
          35          13  -9.0829889436844216      -0.67571105089869743     
          40          13  -8.4132761114158452       0.47324030998274758     
          45          13  -8.4298397535781380       0.27735940545170479     
          50          13  -17.574119967989077       0.12774703545492816     
          55          13  -9.5342550133581394      -0.38116025143114518     
          60          13  -8.6289925455751426        9.4336573688291736E-002
          65          13  -9.0858516385272647       0.69427557611023705     
          70          13   0.0000000000000000        0.0000000000000000     
          75          13  -8.9789378278337661      -0.36796298203189970     
          80          13  -8.6555647409991554       0.48280829727465058     
          85          13  -9.6966323595182313       0.37419304891539440     
          90          13  -9.7843663079777432       -5.6073230431108456E-003
          95          13  -9.1076947861423729       -9.8582249970502467E-002
           0          14  -9.7958075081675844      -0.28693806034429947     
           5          14  -10.573960914582180      -0.46401272265739202     
          10          14  -9.7343408969954854      -0.48586717815657376     
          15          14  -9.8764225751810084      -0.43229425658236620     
          20          14  -10.163260940375674       0.25811819937493485     
          25          14  -9.3952670607672086      -0.16449060228573842     
          30          14  -9.9634724571001634      -0.30906890755966199     
          35          14  -19.154339232511084       -1.2936605530089462     
          40          14  -10.392428829000821      -0.21235599648894432     
          45          14  -9.0622438463444634      -0.16224871882741798     
          50          14  -9.3696609090720973      -0.19050948767418419     
          55          14  -9.6502399938913630      -0.18071637402639062     
          60          14  -9.8005490353247904       0.20069099773978305     
          65          14  -9.1142144543443493      -0.56709591538084414     
          70          14  -9.6044257587490911      -0.16601699987572882     
          75          14  -9.8510738561630173      -0.16471884138169468     
          80          14   0.0000000000000000        0.0000000000000000     
          85          14  -10.446384556895838        3.0634151014230504E-002
          90          14  -9.5139899810658957        8.6501845087405549E-002
          95          14  -10.315274173485767       -2.7158343186006739E-002
           0          15  -10.621138534684963      -0.89225297363493272     
           5          15  -10.465925404280485      -0.28243891878720895     
          10          15  -10.210147657549461      -0.52605531173255393     
          15          15  -10.212779655807690       0.21622554462863430     
          20          15  -9.9784581063860891       0.36939718378758979     
          25          15  -10.615151508577835      -0.19753879246298123     
          30          15  -10.028830873050619       0.16726373080533374     
          35          15  -10.376251594139129       -6.2607195046027186E-002
          40          15  -10.473710075428743       0.44834998714493590     
          45          15  -10.452232262844751      -0.26434499978467141     
          50          15  -9.8373983828270450        1.0020802544402629     
          55          15  -31.478195386125400      -0.14076757540754103     
          60          15  -9.6363538250565650       0.70783239829619315     
          65          15  -20.818800166407804      -0.45904946590541451     
          70          15  -9.6717767291054635       0.61943314498463797     
          75          15  -10.077650276582029       0.31847300182408222     
          80          15  -8.2459801605849758        1.0665409980525897     
          85          15  -31.250031062427517      -0.46996210333966060     
          90          15  -10.786145176776563      -0.46519943535661135     
          95          15  -11.470262828864319       0.45757941615875986     
           0          16  -10.951811334398112      -0.30199439478462153     
           5          16   0.0000000000000000        0.0000000000000000     
          10          16  -10.584210976459229      -0.36189917196949306     
          15          16   0.0000000000000000        0.0000000000000000     
          20          16  -21.374521935414446       0.97541542781631740     
          25          16   0.0000000000000000        0.0000000000000000     
          30          16   0.0000000000000000        0.0000000000000000     
          35          16  -10.637388790836754       0.37848287029074168     
          40          16  -10.187396528021363       0.12462272075464131     
          45          16  -9.9019835478880704        5.1079614367122161E-002
          50          16  -10.239379960560457       0.20429681864636562     
          55          16  -10.669023651465048      -0.55363660406371196     
          60          16  -10.057145144829471       0.27229569712294843     
          65          16   0.0000000000000000        0.0000000000000000     
          70          16   0.0000000000000000        0.0000000000000000     
          75          16  -11.393961363662664       -6.4533225749563439E-002
          80          16  -10.520040075606696       0.12789385834044431     
          85          16  -11.070553559722196       0.19236471836603375     
          90          16  -11.228095150132011      -0.65353995524597419     
          95          16  -10.690910989795688       0.46354300530571102     
           0          17  -12.307820910242384       -3.9720496056716570E-002
           5          17  -10.649194106701897       0.39657664484382682     
          10          17  -11.130620989433515      -0.32858386883549695     
          15          17  -11.346027056033380        1.3584758866147517E-002
          20          17  -9.9219848515474940       0.68431127270118797     
          25          17  -10.907725346473439       -1.8510422260531456E-002
          30          17  -10.611299934105700       -2.5382616188340812E-002
          35          17   0.0000000000000000        0.0000000000000000     
          40          17  -11.109345205992382      -0.67209381314548011     
          45          17  -22.262055806261394      -0.34650763431232079     
          50          17  -10.864546920975604      -0.43050798770150056     
          55          17  -11.053712226339885      -0.26610723915743151     
          60          17  -11.076986743313588      -0.45615128152487472     
          65          17  -10.589909104855577      -0.57643949092189839     
          70          17  -11.343785883125568      -0.15063978453799809     
          75          17  -11.548853522997948       0.19724989516939351     
          80          17  -10.620980415213532        8.5724156413946595E-002
          85          17  -11.378073366318242       -3.2399166479679664E-002
          90          17  -11.149025943287816        3.0697526962608634E-002
          95          17  -22.160502195494036        2.4636191081617298E-002
           0          18   0.0000000000000000        0.0000000000000000     
           5          18  -11.280391639524877      -0.10208548640755488     
          10          18  -11.701518554402268       0.57175335582998477     
          15          18  -11.773238892449633       0.25609298894335719     
          20          18  -11.378789707009172      -0.37387493352997181     
          25          18  -11.742444005166663       -3.1625759870923531E-002
          30          18  -23.223985469938977       0.70511655848842780     
          35          18  -10.044080700286061       0.44277283790361555     
          40          18  -11.221421093643990      -0.30411797132812168     
          45          18  -23.389709603298670       0.13603590441058078     
          50          18  -12.191209388060509       0.21891428769738042     
          55          18  -10.892390869295943       0.56831410709390351     
          60          18  -11.952100585864711      -0.38015653713585618     
          65          18  -11.698622841730399       0.23848751761812448     
          70          18  -11.907201694812963      -0.29299907337188014     
          75          18   0.0000000000000000        0.0000000000000000     
          80          18   0.0000000000000000        0.0000000000000000     
          85          18  -11.690904473157238       0.10751611131509797     
          90          18  -11.143337817812737      -0.14557268516013355     
          95          18  -11.484965047204865       0.21858498749360855     
           0          19  -11.272087675751044      -0.73739030191366517     
           5          19  -12.600290530672131       -1.5384488344372116E-003
          10          19  -11.835039774094058      -0.36835306545773827     
          15          19  -11.562227137958679      -0.19630021703298528     
          20          19  -23.950589254768396      -0.45208955139680596     
          25          19  -11.876462164446821       -3.7939101003581222E-002
          30          19  -12.467964858429713       -3.5333443022533828E-002
          35          19  -11.534817955452525       0.13903171247664492     
          40          19  -23.344129381968060       -6.8085742570000995E-002
          45          19  -11.733264448348656      -0.14881820190271178     
          50          19  -23.569129494309671       -6.2786384136259699E-002
          55          19  -11.561427020737591      -0.22688428242434444     
          60          19  -12.142802106317463       0.44220991452736946     
          65          19  -11.565851609441902      -0.30271413792082313     
          70          19  -11.884758862937828      -0.40987495060373913     
          75          19  -12.855518089246454      -0.39309284880495454     
          80          19  -12.241972862677697        4.5985621335287163E-002
          85          19  -12.775492475808337       0.38738420434003551     
          90          19  -12.436886052548113      -0.19100937325267076     
          95          19  -11.473341661286662        4.0756013265363933E-002
           0          20  -12.754982223375553       0.38667175248696672     
           5          20  -12.804812560599510      -0.26978805773014702     
          10          20  -11.908672601271263        9.2478918005678423E-002
          15          20  -12.294057205098907       0.75050844709378950     
          20          20   0.0000000000000000        0.0000000000000000     
          25          20  -23.957053114834757       0.65456638285166235     
          30          20   0.0000000000000000        0.0000000000000000     
          35          20  -24.424470719260903       0.17941856655712130     
          40          20  -12.125479695233587       0.30209042609308234     
          45          20  -12.267179410681560      -0.47075849459732311     
          50          20  -12.270330389133610       -8.5657841419339853E-002
          55          20  -12.382941182381701      -0.43149341892645410     
          60          20  -11.931320417842839       0.64214846792309821     
          65          20   0.0000000000000000        0.0000000000000000     
          70          20  -12.573671581238566       0.33942413221965673     
          75          20  -12.598547686694106      -0.24943105616515027     
          80          20  -12.367381272445632       0.46080722443553324     
          85          20  -12.895194540581967       0.47636807084527888     
          90          20  -12.516583874732090        2.2085704818874952E-002
          95          20  -12.902871418657424      -0.18272676581526648     
           0          21  -12.983711974185297       -9.6177819461362724E-002
           5          21   0.0000000000000000        0.0000000000000000     
          10          21  -12.367445488039586      -0.33907888658146756     
          15          21  -12.084466613460631       0.15266884757281218     
          20          21  -25.411734543497875      -0.43732687523778679     
          25          21  -24.690417261323816       0.74235892750795784     
          30          21  -12.052404684014251       0.27789532145078288     
          35          21  -12.736659614878686       0.21576950798185557     
          40          21   0.0000000000000000        0.0000000000000000     
          45          21  -12.448949232875538       0.92899604939744584     
          50          21  -12.736076608931279      -0.13325736922753517     
          55          21  -11.847967467443210       0.13264529118761637     
          60          21  -13.975988292528330      -0.58764067425665090     
          65          21  -25.550637564499823        1.0699306230022021     
          70          21   0.0000000000000000        0.0000000000000000     
          75          21   0.0000000000000000        0.0000000000000000     
          80          21  -12.341445844793464       0.32109038356931130     
          85          21  -12.915586081153618       -8.7543757282260160E-002
          90          21  -12.921631736902972      -0.51426066018156469     
          95          21  -13.027494555047925      -0.37654240570894615     
           0          22   0.0000000000000000        0.0000000000000000     
           5          22  -13.080585375612186       -7.6341553759129432E-002
          10          22  -12.764812653420220       -6.1352675784220878E-003
          15          22  -13.505431790397093       0.48765666096350913     
          20          22  -12.809127752533843      -0.40618227682365227     
          25          22   0.0000000000000000        0.0000000000000000     
          30          22  -12.714461302393287       0.13258008046385106     
          35          22   0.0000000000000000        0.0000000000000000     
          40          22  -12.340457096610690       0.30597436266488476     
          45          22  -13.045860090108995       0.32523760431668602     
          50          22  -13.161536183042832       -6.6023979573559544E-002
          55          22  -13.472994271487293       0.25326134152681146     
          60          22  -14.624129509194228      -0.55514646775389753     
          65          22   0.0000000000000000        0.0000000000000000     
          70          22  -13.905224328344401       0.12619801999680380     
          75          22  -13.079507531038592       -7.8337635153746810E-002
          80          22  -13.168418838379603       0.40843176144167437     
          85          22  -12.723217487765615       0.11912362207655569     
          90          22  -13.963488255966938       0.17371842254310099     
          95          22  -12.911434550832990       0.60144886950747045     
           0          23  -13.825553800708269      -0.14989142867460892     
           5          23   0.0000000000000000        0.0000000000000000     
          10          23  -13.325332846929605       0.22594194310554538     
          15          23  -12.923736720794054       0.64686171261429948     
          20          23  -12.748464224680012      -0.17922684663884692     
          25          23  -12.992533035284803       0.36064028514803947     
          30          23  -13.349042514662623        3.1516219489713393E-003
          35          23  -13.281295049507035       0.22393148469301849     
          40          23  -12.956728210221090       0.54264026181194414     
          45          23   0.0000000000000000        0.0000000000000000     
          50          23  -27.262953467344087      -0.87119273790403629     
          55          23  -13.335219906783768       -2.2952910591067521E-002
          60          23   0.0000000000000000        0.0000000000000000     
          65          23  -12.900773899561235       0.73021139084417097     
          70          23  -13.917705266704994      -0.88346543763995200     
          75          23   0.0000000000000000        0.0000000000000000     
          80          23   0.0000000000000000        0.0000000000000000     
          85          23   0.0000000000000000        0.0000000000000000     
          90          23   0.0000000000000000        0.0000000000000000     
          95          23  -13.534250857848429      -0.65658274997881794     
           0          24   0.0000000000000000        0.0000000000000000     
           5          24  -13.617023925278637       0.29091714442319727     
          10          24   0.0000000000000000        0.0000000000000000     
          15          24  -13.716244870223825       0.14377510688445838     
          20          24  -13.413586732365367       0.27125414982565044     
          25          24  -14.733631958392944       0.74797311057028804     
          30          24  -13.138888211007837        5.3905467228831938E-003
          35          24   0.0000000000000000        0.0000000000000000     
          40          24  -13.524477115220423       0.25357732438224811     
          45          24  -13.380403229818482        6.5918465713132868E-002
          50          24  -14.661319102405868       0.25331080914514637     
          55          24  -13.692351710915540       0.39936713105925836     
          60          24  -28.464201249678300      -0.95651439463217969     
          65          24  -13.424929290285492       0.25274716911605211     
          70          24  -14.102144762905278      -0.25577873180915311     
          75          24  -13.314632076407706       0.35778757122184590     
          80          24  -13.266032717226262      -0.18056497844476382     
          85          24  -13.679677930685807       -3.2588278337519760E-002
          90          24   0.0000000000000000        0.0000000000000000     
          95          24   0.0000000000000000        0.0000000000000000     
           0          25   0.0000000000000000        0.0000000000000000     
           5          25   0.0000000000000000        0.0000000000000000     
          10          25  -14.326981413015915      -0.41270034092488750     
          15          25  -14.608719921888612       0.38049020932184874     
          20          25  -14.600436515134762       0.32459496486447748     
          25          25  -13.828561769920199       0.16827358087834199     
          30          25  -14.144094090425273       -6.8763857777875970E-002
          35          25  -14.286159121066898       0.93509721700524295     
          40          25   0.0000000000000000        0.0000000000000000     
          45          25  -13.085807745291666       0.34516936576745039     
          50          25  -14.790655493500671       0.30402864918177563     
          55          25  -13.979267544318441        9.9748212114558754E-002
          60          25  -14.693444488630414       -1.3641538421094168E-003
          65          25  -14.100273466887137       0.69738437066368952     
          70          25   0.0000000000000000        0.0000000000000000     
          75          25   0.0000000000000000        0.0000000000000000     
          80          25  -13.718974808080153      -0.35948900362625658     
          85          25  -14.132490078714310      -0.12609303587485243     
          90          25  -13.691990435272805       0.11779801884159724     
          95          25  -14.446418440593467      -0.31656170689453589     
           0          26  -14.207679958665228       0.18851266194941374     
           5          26   0.0000000000000000        0.0000000000000000     
          10          26  -13.809640657916621       0.14756154132045118     
          15          26   0.0000000000000000        0.0000000000000000     
          20          26  -14.216823467025351        5.6137186397187122E-002
          25          26   0.0000000000000000        0.0000000000000000     
          30          26   0.0000000000000000        0.0000000000000000     
          35          26   0.0000000000000000        0.0000000000000000     
          40          26  -13.857052021213899       0.40660770946443492     
          45          26  -14.826721645808115      -0.67445331406457143     
          50          26   0.0000000000000000        0.0000000000000000     
          55          26  -13.646303997406628       0.42385583295501128     
          60          26   0.0000000000000000        0.0000000000000000     
          65          26   0.0000000000000000        0.0000000000000000     
          70          26   0.0000000000000000        0.0000000000000000     
          75          26  -14.126493053111533       0.15927186245323632     
          80          26   0.0000000000000000        0.0000000000000000     
          85          26  -14.854414590818044       -8.2022949305926574E-002
          90          26   0.0000000000000000        0.0000000000000000     
          95          26   0.0000000000000000        0.0000000000000000     
           0          27   0.0000000000000000        0.0000000000000000     
           5          27  -14.984024008319329      -0.18718212964174974     
          10          27  -14.961723028297790       -4.2436508631560343E-002
          15          27  -14.501551648772869      -0.14135520799873902     
          20          27  -14.632276013245015       0.23411841046483417     
          25          27   0.0000000000000000        0.0000000000000000     
          30          27   0.0000000000000000        0.0000000000000000     
          35          27  -14.603691147276331       -2.3023333495242326E-002
          40          27  -14.440929281993030       0.55660817881109104     
          45          27   0.0000000000000000        0.0000000000000000     
          50          27   0.0000000000000000        0.0000000000000000     
          55          27   0.0000000000000000        0.0000000000000000     
          60          27   0.0000000000000000        0.0000000000000000     
          65          27   0.0000000000000000        0.0000000000000000     
          70          27  -14.940958439172425      -0.73033339358263838     
          75          27   0.0000000000000000        0.0000000000000000     
          80          27  -14.060037752766652       0.53192824933767646     
          85          27  -14.552597079017238       0.48808639447894819     
          90          27   0.0000000000000000        0.0000000000000000     
          95          27   0.0000000000000000        0.0000000000000000     
           0          28   0.0000000000000000        0.0000000000000000     
           5          28   0.0000000000000000        0.0000000000000000     
          10          28   0.0000000000000000        0.0000000000000000     
          15          28   0.0000000000000000        0.0000000000000000     
          20          28   0.0000000000000000        0.0000000000000000     
          25          28   0.0000000000000000        0.0000000000000000     
          30          28   0.0000000000000000        0.0000000000000000     
          35          28   0.0000000000000000        0.0000000000000000     
          40          28  -14.193981507416019       0.36846390116807015     
          45          28   0.0000000000000000        0.0000000000000000     
          50          28   0.0000000000000000        0.0000000000000000     
          55          28   0.0000000000000000        0.0000000000000000     
          60          28   0.0000000000000000        0.0000000000000000     
          65          28   0.0000000000000000        0.0000000000000000     
          70          28  -16.085768783532515       0.59563162203901676     
          75          28   0.0000000000000000        0.0000000000000000     
          80          28   0.0000000000000000        0.0000000000000000     
          85          28   0.0000000000000000        0.0000000000000000     
          90          28   0.0000000000000000        0.0000000000000000     
          95          28   0.0000000000000000        0.0000000000000000     
           0          29   0.0000000000000000        0.0000000000000000     
           5          29  -15.458023994581737      -0.21010699096546404     
          10          29   0.0000000000000000        0.0000000000000000     
          15          29   0.0000000000000000        0.0000000000000000     
          20          29   0.0000000000000000        0.0000000000000000     
          25          29   0.0000000000000000        0.0000000000000000     
          30          29   0.0000000000000000        0.0000000000000000     
          35          29   0.0000000000000000        0.0000000000000000     
          40          29   0.0000000000000000        0.0000000000000000     
          45          29   0.0000000000000000        0.0000000000000000     
          50          29   0.0000000000000000        0.0000000000000000     
          55          29   0.0000000000000000        0.0000000000000000     
          60          29   0.0000000000000000        0.0000000000000000     
          65          29   0.0000000000000000        0.0000000000000000     
          70          29   0.0000000000000000        0.0000000000000000     
          75          29   0.0000000000000000        0.0000000000000000     
          80          29   0.0000000000000000        0.0000000000000000     
          85          29   0.0000000000000000        0.0000000000000000     
          90          29   0.0000000000000000        0.0000000000000000     
          95          29   0.0000000000000000        0.0000000000000000     
           0          30   0.0000000000000000        0.0000000000000000     
           5          30   0.0000000000000000        0.0000000000000000     
          10          30  -15.608955365417620      -0.34881130481112521     
          15          30   0.0000000000000000        0.0000000000000000     
          20          30   0.0000000000000000        0.0000000000000000     
          25          30   0.0000000000000000        0.0000000000000000     
          30          30   0.0000000000000000        0.0000000000000000     
          35          30   0.0000000000000000        0.0000000000000000     
          40          30   0.0000000000000000        0.0000000000000000     
          45          30   0.0000000000000000        0.0000000000000000     
          50          30   0.0000000000000000        0.0000000000000000     
          55          30   0.0000000000000000        0.0000000000000000     
          60          30   0.0000000000000000        0.0000000000000000     
          65          30   0.0000000000000000        0.0000000000000000     
          70          30   0.0000000000000000        0.0000000000000000     
          75          30   0.0000000000000000        0.0000000000000000     
          80          30   0.0000000000000000        0.0000000000000000     
          85          30   0.0000000000000000        0.0000000000000000     
          90          30   0.0000000000000000        0.0000000000000000     
          95          30   0.0000000000000000        0.0000000000000000     
           0          31   0.0000000000000000        0.0000000000000000     
           5          31   0.0000000000000000        0.0000000000000000     
          10          31   0.0000000000000000        0.0000000000000000     
          15          31   0.0000000000000000        0.0000000000000000     
          20          31   0.0000000000000000        0.0000000000000000     
          25          31   0.0000000000000000        0.0000000000000000     
          30          31   0.0000000000000000        0.0000000000000000     
          35          31   0.0000000000000000        0.0000000000000000     
          40          31   0.0000000000000000        0.0000000000000000     
          45          31   0.0000000000000000        0.0000000000000000     
          50          31   0.0000000000000000        0.0000000000000000     
          55          31   0.0000000000000000        0.0000000000000000     
          60          31   0.0000000000000000        0.0000000000000000     
          65          31   0.0000000000000000        0.0000000000000000     
          70          31   0.0000000000000000        0.0000000000000000     
          75          31   0.0000000000000000        0.0000000000000000     
          80          31   0.0000000000000000        0.0000000000000000     
          85          31   0.0000000000000000        0.0000000000000000     
          90          31   0.0000000000000000        0.0000000000000000     
          95          31   0.0000000000000000        0.0000000000000000     
