           0           0   0.0000000000000000        0.0000000000000000     
           5           0   0.0000000000000000        0.0000000000000000     
          10           0   0.0000000000000000        0.0000000000000000     
          15           0   0.0000000000000000        0.0000000000000000     
          20           0   0.0000000000000000        0.0000000000000000     
          25           0   0.0000000000000000        0.0000000000000000     
          30           0   0.0000000000000000        0.0000000000000000     
          35           0   0.0000000000000000        0.0000000000000000     
          40           0   0.0000000000000000        0.0000000000000000     
          45           0   0.0000000000000000        0.0000000000000000     
          50           0   0.0000000000000000        0.0000000000000000     
          55           0   0.0000000000000000        0.0000000000000000     
          60           0   0.0000000000000000        0.0000000000000000     
          65           0   0.0000000000000000        0.0000000000000000     
          70           0   0.0000000000000000        0.0000000000000000     
          75           0   0.0000000000000000        0.0000000000000000     
          80           0   0.0000000000000000        0.0000000000000000     
          85           0   0.0000000000000000        0.0000000000000000     
          90           0   0.0000000000000000        0.0000000000000000     
          95           0   0.0000000000000000        0.0000000000000000     
           0           1   0.0000000000000000        0.0000000000000000     
           5           1  -2.1923563144103650      -0.95979962447739064     
          10           1  -3.0509629110572756       -1.2244163785546032     
          15           1  -1.7069861079824222      -0.30890889190126475     
          20           1  -2.2168069615380315      -0.61988840944257606     
          25           1  -2.6416143483504184      -0.38448199107973119     
          30           1  -2.6659289899039207        1.0111307853023430     
          35           1   0.0000000000000000        0.0000000000000000     
          40           1 -0.18875392978345840        2.5822261486130316     
          45           1  -2.2904652828020788       -1.0272215123345239     
          50           1   0.0000000000000000        0.0000000000000000     
          55           1  -1.4554482910200672       -1.9309866666824755     
          60           1  -3.2180869368081400       -2.2112067128848834E-002
          65           1  0.31422054738494687        2.3831576654567002     
          70           1   0.0000000000000000        0.0000000000000000     
          75           1   0.0000000000000000        0.0000000000000000     
          80           1   0.0000000000000000        0.0000000000000000     
          85           1 -0.95424110015396302        1.2025476764882663     
          90           1  -3.2294019276302155        5.2115406322730817E-002
          95           1  -1.8757018842363582       -1.5528146549208255     
           0           2  -4.3782384755794341       0.72227526694283029     
           5           2   0.0000000000000000        0.0000000000000000     
          10           2   0.0000000000000000        0.0000000000000000     
          15           2  -2.6498260012616792       -1.7179432860806378     
          20           2   0.0000000000000000        0.0000000000000000     
          25           2   0.0000000000000000        0.0000000000000000     
          30           2  -2.3796649679114212      -0.86690144995033713     
          35           2   0.0000000000000000        0.0000000000000000     
          40           2 -0.18199331314361356        2.9651876134663064     
          45           2   0.0000000000000000        0.0000000000000000     
          50           2   0.0000000000000000        0.0000000000000000     
          55           2  -6.2110596331732548       -1.8257146454333724     
          60           2  -4.5717997233019059       0.66684648059044804     
          65           2   0.0000000000000000        0.0000000000000000     
          70           2 -0.66138807479299011        1.0909845052336706     
          75           2   0.0000000000000000        0.0000000000000000     
          80           2  -3.7590561623568330        4.6742719568662254     
          85           2  -2.2215485475141072       0.79664236982728698     
          90           2   0.0000000000000000        0.0000000000000000     
          95           2  -4.6667961625257437       -2.2405558574095998     
           0           3   0.0000000000000000        0.0000000000000000     
           5           3  -4.5104084894104224       0.19682927068415124     
          10           3   0.0000000000000000        0.0000000000000000     
          15           3   0.0000000000000000        0.0000000000000000     
          20           3  -2.1547344309857941       0.85579869812654752     
          25           3  -3.4154197414976162       0.41827963142476721     
          30           3  -5.0310695890437573      -0.45460427350742239     
          35           3  -8.0162437571912335        1.4071714440209298     
          40           3  -5.9740901716681671       -1.5406891894219343     
          45           3   0.0000000000000000        0.0000000000000000     
          50           3  -3.6497484725306339      -0.55679141794912068     
          55           3   0.0000000000000000        0.0000000000000000     
          60           3  -7.7869488524562325       -1.8294291833759191     
          65           3   0.0000000000000000        0.0000000000000000     
          70           3  -3.1123245516162523       -2.1980781535525447     
          75           3  -4.1381392207251455       -1.8939060336826963     
          80           3  -4.7446484326674199       0.35265514748212407     
          85           3  -6.5474483702954167       0.36845326096282549     
          90           3  -5.7218163079097994       -2.8893445461007636     
          95           3  -6.9226814485856547       -5.3335888617472849E-002
           0           4  -3.9243035928358294       0.99949585412692499     
           5           4  -5.9260517813593259       0.35081301303502288     
          10           4  -2.6914142585235390       0.94170513787406041     
          15           4   0.0000000000000000        0.0000000000000000     
          20           4  -2.1662177785441994       0.48298996585094400     
          25           4  -4.8901041738597106       0.50765027040031163     
          30           4  -11.411712973158350        3.2733715022352508     
          35           4   0.0000000000000000        0.0000000000000000     
          40           4  -4.3773722461104558       0.11406781767336893     
          45           4   0.0000000000000000        0.0000000000000000     
          50           4  -6.9437570264285764      -0.68887183336141522     
          55           4   0.0000000000000000        0.0000000000000000     
          60           4   0.0000000000000000        0.0000000000000000     
          65           4   0.0000000000000000        0.0000000000000000     
          70           4  -13.501921850549436       -1.9720236558297410     
          75           4  -7.6811757198858022       -1.1520312577954772     
          80           4  -6.2887046396864488      -0.88866389634900678     
          85           4  -7.9605906345026067       0.38763145022963075     
          90           4  -4.0945146148196887       -2.2013503090848041     
          95           4  -6.5808374035458694        1.2601711471461885     
           0           5   0.0000000000000000        0.0000000000000000     
           5           5  -4.9390006935298709       0.85633848362326459     
          10           5  -7.5341011353347032       -1.4079084674671616     
          15           5  -4.2232725803653670       0.87543241567747399     
          20           5  -6.3044860348210330       -3.5896801172941029E-002
          25           5   0.0000000000000000        0.0000000000000000     
          30           5  -7.3413695114288302      -0.93219325101867589     
          35           5  -15.164494719345779       -3.0449686421545747     
          40           5   0.0000000000000000        0.0000000000000000     
          45           5  -6.3364332981480365       0.80801701561425410     
          50           5  -6.7712322844826200        1.8303463980888501     
          55           5  -8.0854014014375419       -1.1584792674715350     
          60           5  -5.7773995965149094       0.61561666295784079     
          65           5  -9.0739254045690831        1.5019287354238464     
          70           5   0.0000000000000000        0.0000000000000000     
          75           5   0.0000000000000000        0.0000000000000000     
          80           5  -17.179265155822243       -1.7450601883849115     
          85           5   0.0000000000000000        0.0000000000000000     
          90           5  -8.1375860806331968       0.95602450220513835     
          95           5   0.0000000000000000        0.0000000000000000     
           0           6   0.0000000000000000        0.0000000000000000     
           5           6   0.0000000000000000        0.0000000000000000     
          10           6  -8.8363154346401966      -0.45079515562582162     
          15           6  -7.3934079785642481        1.1430914893295618     
          20           6  -8.5285597324979978      -0.18745151758134404     
          25           6  -7.2812892480550451       -1.2869976091924029     
          30           6   0.0000000000000000        0.0000000000000000     
          35           6  -7.4882711840690286       -1.0237313428422545     
          40           6  -8.6207187887127326      -0.50494280420740334     
          45           6  -9.3890093782150732       -1.9039576979680561     
          50           6   0.0000000000000000        0.0000000000000000     
          55           6   0.0000000000000000        0.0000000000000000     
          60           6  -9.4960695033596831      -0.93730520172877196     
          65           6  -9.0998405120690240      -0.29501288322561492     
          70           6  -9.3266458646990014        1.2363186823725891     
          75           6  -10.919270890116239       -2.4330510766502886     
          80           6   0.0000000000000000        0.0000000000000000     
          85           6  -8.7378308996377552       0.34646915206104634     
          90           6  -17.307243413471340        1.3242159301481149     
          95           6   0.0000000000000000        0.0000000000000000     
           0           7  -10.583190751900654       0.43929351328089727     
           5           7   0.0000000000000000        0.0000000000000000     
          10           7  -10.411912946843849       0.89755155353879457     
          15           7  -8.9783168827700646       0.72262211276805099     
          20           7   0.0000000000000000        0.0000000000000000     
          25           7   0.0000000000000000        0.0000000000000000     
          30           7  -8.5984273537181846       -1.6078129197052982     
          35           7  -7.4794319183918434        1.1451151250309322     
          40           7   0.0000000000000000        0.0000000000000000     
          45           7   0.0000000000000000        0.0000000000000000     
          50           7   0.0000000000000000        0.0000000000000000     
          55           7  -9.2263910643775038       0.80572997468594809     
          60           7  -10.407131891867483      -0.43807117135225004     
          65           7  -9.8506963818489890      -0.71285588640376818     
          70           7  -11.152959756791647      -0.31947354053499244     
          75           7  -10.947678647424963      -0.26129939398336632     
          80           7   0.0000000000000000        0.0000000000000000     
          85           7  -6.4327948817155534        3.3074526386263345     
          90           7  -9.0947009167219317      -0.53534513024186547     
          95           7  -10.459345322345603      -0.53167381703259076     
           0           8   0.0000000000000000        0.0000000000000000     
           5           8  -10.380131380617051      -0.92948396752154383     
          10           8   0.0000000000000000        0.0000000000000000     
          15           8  -12.350407444153833       0.32096454776434080     
          20           8   0.0000000000000000        0.0000000000000000     
          25           8  -10.273040125320930        1.9575564876776752     
          30           8   0.0000000000000000        0.0000000000000000     
          35           8   0.0000000000000000        0.0000000000000000     
          40           8   0.0000000000000000        0.0000000000000000     
          45           8  -9.5691019130678114       -2.4955270482292233     
          50           8  -11.872878265718478       -2.5446764089047389     
          55           8   0.0000000000000000        0.0000000000000000     
          60           8  -11.566894708343600       -7.5323970227803017E-003
          65           8  -11.263405375080415      -0.77032377949579067     
          70           8  -9.4528538163307640        1.7364573861076982     
          75           8   0.0000000000000000        0.0000000000000000     
          80           8  -11.702457602528193      -0.62357451639002970     
          85           8  -11.350998153748515       0.37109799551557354     
          90           8  -11.484239075075786       0.80571276842231199     
          95           8  -9.7735895512440774        1.5517740248381651     
           0           9  -20.638424523860380       0.37038737538880318     
           5           9  -9.8979237568921903      -0.22440755350142116     
          10           9  -11.715030840167838      -0.52543216922787406     
          15           9  -10.869119547390893       0.71604066628275231     
          20           9  -9.0740048942000708        1.3679070871853993     
          25           9  -23.679898989085178        2.0543304901383950     
          30           9   0.0000000000000000        0.0000000000000000     
          35           9   0.0000000000000000        0.0000000000000000     
          40           9  -13.092204494125625       0.53299272489135130     
          45           9  -11.278664157436390        2.1847064630292623E-002
          50           9  -12.864802793052244      -0.14742000477033224     
          55           9  -12.045616619754673      -0.61230321032071378     
          60           9  -11.169098005812117        1.7039063391167952     
          65           9  -12.624194315999926        1.5521924914468910     
          70           9   0.0000000000000000        0.0000000000000000     
          75           9  -13.998629342609759      -0.45630357995526949     
          80           9   0.0000000000000000        0.0000000000000000     
          85           9  -13.094431729420153      -0.71579083762915441     
          90           9   0.0000000000000000        0.0000000000000000     
          95           9  -11.589220979789649        8.7033051783952375E-002
           0          10  -10.450977479029525        3.8968909560482823E-002
           5          10  -12.524493703499338        2.2679851110353475     
          10          10  -11.405624706470052      -0.20043791678428513     
          15          10  -23.585562613842590       -2.3212694294161285     
          20          10  -12.530040871637782       -1.5305525253521413     
          25          10   0.0000000000000000        0.0000000000000000     
          30          10  -11.875469579176178       0.44317750557201774     
          35          10  -12.258478110393488      -0.39874601719350200     
          40          10  -13.479786312012298       0.25785289263932643     
          45          10   0.0000000000000000        0.0000000000000000     
          50          10  -25.584934159450512       -1.1920025922677879     
          55          10  -13.993327451075066       0.64684899127323559     
          60          10   0.0000000000000000        0.0000000000000000     
          65          10  -14.292669879827358        4.1703804860571125E-002
          70          10  -12.045523402987035      -0.64003186092578823     
          75          10  -13.437647590713864      -0.49839468765730532     
          80          10  -27.208001676898299      -0.88065345380014537     
          85          10  -11.846862359362609       0.69366643999993483     
          90          10  -14.126782687532424       -1.0725599410101039     
          95          10   0.0000000000000000        0.0000000000000000     
           0          11  -12.620893630642968        1.9835313035400370     
           5          11   0.0000000000000000        0.0000000000000000     
          10          11  -13.405395355635813       0.23232217522151100     
          15          11   0.0000000000000000        0.0000000000000000     
          20          11   0.0000000000000000        0.0000000000000000     
          25          11  -27.650293559228210       -1.6644566106978342     
          30          11   0.0000000000000000        0.0000000000000000     
          35          11  -13.196352839567881       0.57545611140977226     
          40          11  -13.539857683241840        1.7690702146244686E-003
          45          11  -13.556111706375384       -4.6349037726156617E-002
          50          11  -13.532317796242088       -1.1264680438209662     
          55          11  -14.367365685328259       0.51568121813574952     
          60          11  -13.752602609712339      -0.25926828173664096     
          65          11   0.0000000000000000        0.0000000000000000     
          70          11  -14.327028599715463      -0.30201558077466717     
          75          11  -14.033750009375678      -0.89990475181392360     
          80          11  -15.623449415725910       0.96090802965229094     
          85          11  -14.114505153338675      -0.11900020591218419     
          90          11   0.0000000000000000        0.0000000000000000     
          95          11  -12.286291921929093        1.0539758252921250     
           0          12   0.0000000000000000        0.0000000000000000     
           5          12  -14.209211724349746        1.0046590929195520     
          10          12   0.0000000000000000        0.0000000000000000     
          15          12   0.0000000000000000        0.0000000000000000     
          20          12  -15.063667525829215       0.51065689669962944     
          25          12  -15.596706178176433        6.3115022096438267E-002
          30          12   0.0000000000000000        0.0000000000000000     
          35          12  -13.923937867135749        4.1805606148664909E-002
          40          12   0.0000000000000000        0.0000000000000000     
          45          12  -14.704701566069511       0.48945771682018524     
          50          12  -13.618113854895197       0.38413192762626336     
          55          12   0.0000000000000000        0.0000000000000000     
          60          12  -14.362488903069126      -0.45744954501034107     
          65          12  -15.284495538493426      -0.93772052413926277     
          70          12  -16.253456066405157      -0.33932844287487551     
          75          12  -15.496776348802310      -0.39197970270576921     
          80          12  -14.041399338261540       0.29539933322442202     
          85          12  -14.408492196072986       0.51822597259290615     
          90          12  -13.999593252719267      -0.63404428619392994     
          95          12  -16.578860039563324      -0.48432052150812477     
           0          13  -14.033128064415015       0.81218815422057222     
           5          13  -13.705486964013801       0.32418843622372684     
          10          13  -14.514461009679513       0.38944002192453642     
          15          13  -15.488075486831399      -0.82362857182216587     
          20          13  -14.967546157012567      -0.10145517063575582     
          25          13  -15.786510367040151      -0.60184676522467839     
          30          13  -15.242183005039211      -0.54221090390493831     
          35          13  -28.267157867479796       -1.6143159873907575     
          40          13  -14.094573457628655        7.2506340201283770E-002
          45          13  -15.943824705534903      -0.38629286939317886     
          50          13  -14.372379685058112      -0.14118149878117325     
          55          13  -15.094639924605469      -0.59592801091135073     
          60          13  -15.600127957272614       0.45087805739529863     
          65          13  -15.644529037135424      -0.50880124449093067     
          70          13  -15.457916662292570       0.55278186036011867     
          75          13  -14.913751251141028      -0.12622574683429644     
          80          13  -16.325829391742317      -0.50877397483883868     
          85          13   0.0000000000000000        0.0000000000000000     
          90          13  -14.016725251294604       0.92527147698251433     
          95          13   0.0000000000000000        0.0000000000000000     
           0          14   0.0000000000000000        0.0000000000000000     
           5          14  -16.305245572650062       0.48658055440131687     
          10          14  -14.945508422276044       0.21815203786967885     
          15          14  -15.808583639639329       0.50940340698357733     
          20          14   0.0000000000000000        0.0000000000000000     
          25          14  -15.369986838507099       0.56329577617753035     
          30          14  -15.993593771161384      -0.10399630370583335     
          35          14  -15.484910886072733       0.30710856944504705     
          40          14  -16.095444073401243       0.35916482743425515     
          45          14   0.0000000000000000        0.0000000000000000     
          50          14   0.0000000000000000        0.0000000000000000     
          55          14  -16.019612995551434      -0.15856397019342605     
          60          14   0.0000000000000000        0.0000000000000000     
          65          14  -16.329616802602807        4.0507647613707842E-002
          70          14  -16.462245375958862       -6.3400033556426649E-004
          75          14  -32.825576623344290      -0.21737962496992669     
          80          14   0.0000000000000000        0.0000000000000000     
          85          14  -16.389232304333532       0.33372730287195562     
          90          14  -16.804814662537691       0.21999043581827360     
          95          14  -14.869502985549454       0.37819437981978510     
           0          15  -16.624477940765875       0.53681544224803979     
           5          15  -16.181596725094725        1.0850593449862611     
          10          15   0.0000000000000000        0.0000000000000000     
          15          15  -16.540459824765652      -0.29727507691423849     
          20          15  -34.503154416328506      -0.63428029105555561     
          25          15  -16.735341775178657      -0.10094255094683646     
          30          15  -16.677700613764166        1.1950637691296451     
          35          15   0.0000000000000000        0.0000000000000000     
          40          15  -16.741899441217733      -0.37434755626508665     
          45          15  -16.180935435451961       0.23507623209573225     
          50          15  -16.648243394338234      -0.20357860370578962     
          55          15  -17.433620589366594      -0.97450803760806837     
          60          15  -17.213691657721462      -0.37264221864896641     
          65          15  -16.962306933877567      -0.61158309592412863     
          70          15  -17.527794910292549      -0.33043067825450079     
          75          15  -16.839742763253838       -1.0505333927435245     
          80          15  -16.083258635645191       0.37504985721970030     
          85          15  -17.669223330462057      -0.74981078251101785     
          90          15  -15.921747778585571       0.87305071921894850     
          95          15  -33.465947800281889       0.54595680608365837     
           0          16  -17.330842766456175      -0.79944293838868363     
           5          16  -17.418183725379233       0.25781973759519961     
          10          16  -16.906073819910326       0.91318759739805744     
          15          16  -17.992433993090362       -1.2346044823319247     
          20          16  -18.364007793499891      -0.12168628606146203     
          25          16   0.0000000000000000        0.0000000000000000     
          30          16  -35.806603642619677        8.4246658291209364E-002
          35          16  -17.014141031310160      -0.65762252255907594     
          40          16  -18.451791826976095      -0.70370003921904623     
          45          16  -16.227077894993556      -0.71335773732944530     
          50          16  -16.782405016072531       0.76659482691421310     
          55          16  -17.381848875214210       0.58405116476006880     
          60          16  -17.550681273673650       0.74327188902323371     
          65          16  -17.396229919585114       0.24607208217897192     
          70          16  -17.160405464021753      -0.76853506520480064     
          75          16  -17.965673779690714      -0.81146865234194010     
          80          16   0.0000000000000000        0.0000000000000000     
          85          16  -17.560344927854963       -1.3581103955689899     
          90          16  -33.750056698471639      -0.11184222791671417     
          95          16  -17.628976247668902       -3.5723129326314940E-002
           0          17   0.0000000000000000        0.0000000000000000     
           5          17   0.0000000000000000        0.0000000000000000     
          10          17  -18.838497992613444      -0.48544575026343573     
          15          17  -19.348174814011742       -1.0152688131509491     
          20          17   0.0000000000000000        0.0000000000000000     
          25          17  -16.596748405303675       -7.1693039193077013E-002
          30          17  -18.478568205336220       0.61751042221280805     
          35          17  -17.435428126023609      -0.56180702096453317     
          40          17   0.0000000000000000        0.0000000000000000     
          45          17  -17.850377096992887        1.4913605770042193     
          50          17  -17.344292605910859      -0.28481521915035835     
          55          17  -36.661732250176101       0.11231538678879716     
          60          17  -17.799107071453378      -0.78442902337605425     
          65          17  -17.964853387079092      -0.49177791980437036     
          70          17  -17.794088775299198      -0.35125774399791254     
          75          17  -18.276334653558600      -0.61907445878583989     
          80          17  -17.421541403380701       0.38603307315199231     
          85          17  -18.143582756935395       0.33468664030616990     
          90          17  -36.359054934131933       0.81707360477800695     
          95          17  -18.434649631510201       0.14963382472643616     
           0          18   0.0000000000000000        0.0000000000000000     
           5          18  -17.632544676716918        1.1713809995841928     
          10          18  -19.310087208538881        2.0484028302458768E-002
          15          18  -18.751927689067415      -0.64237694324786876     
          20          18  -19.362637292473227      -0.80735766163464451     
          25          18   0.0000000000000000        0.0000000000000000     
          30          18  -19.048154570687203      -0.32390279332772387     
          35          18  -19.235520038774489      -0.22256503090012369     
          40          18  -18.045663020774260       0.39713343009367685     
          45          18  -38.381490507242155       0.18295303847948308     
          50          18  -37.352293469115054       -1.0511616866804019     
          55          18   0.0000000000000000        0.0000000000000000     
          60          18  -18.807732206537196      -0.18407378236440231     
          65          18  -18.805217755774038      -0.17999304314120224     
          70          18  -38.246531565108157      -0.33332959154946940     
          75          18  -19.179999072126417       -9.6203989332077633E-002
          80          18  -18.255473557857727       0.13645400765316396     
          85          18  -19.212328258059184       0.71593921313700681     
          90          18   0.0000000000000000        0.0000000000000000     
          95          18   0.0000000000000000        0.0000000000000000     
           0          19  -19.009811991663540       0.48363935875317399     
           5          19  -18.669054366761415        8.8638705539323404E-002
          10          19  -19.933255753060152       -1.1652722280530714     
          15          19   0.0000000000000000        0.0000000000000000     
          20          19  -19.510253713267975      -0.29184058003006719     
          25          19  -19.392156491317422       0.35862995983348966     
          30          19  -20.019298369691739      -0.59300704528697512     
          35          19   0.0000000000000000        0.0000000000000000     
          40          19  -19.586329352264674       0.26220705517943088     
          45          19  -19.300985432343928       0.43907632673367836     
          50          19  -19.136034553132173       -9.1061029686700934E-002
          55          19  -38.409744809719811       0.33904165938347663     
          60          19  -19.519510890340097      -0.62532818870225659     
          65          19  -18.714327915968497       0.21632386692588268     
          70          19  -18.972724579046083      -0.50332876086411904     
          75          19  -19.045723212541830       -6.2821208899888070E-002
          80          19  -19.515918042344314      -0.42883773367585754     
          85          19  -19.729972281440354      -0.30785114329745511     
          90          19  -18.522604843397293        8.4716015076313766E-002
          95          19  -18.540580838700691       0.91227374143632023     
           0          20  -20.712496327247752        1.0950316564811713     
           5          20  -19.919466076773194      -0.11184295421406976     
          10          20  -20.174647425750258       0.16785087907089657     
          15          20  -19.423413631308726      -0.28749061635302553     
          20          20  -20.398690614593093       0.16623861769704540     
          25          20   0.0000000000000000        0.0000000000000000     
          30          20  -20.121869068083218       0.18827573224911021     
          35          20  -20.040363644844849       -1.5749269194342830E-002
          40          20   0.0000000000000000        0.0000000000000000     
          45          20  -20.140137120873700        1.9230061708563895E-002
          50          20  -19.918172920251330       0.71475312629409871     
          55          20   0.0000000000000000        0.0000000000000000     
          60          20  -19.931836406817947       0.17128429711688042     
          65          20  -19.275900362784036       0.19911551463414057     
          70          20   0.0000000000000000        0.0000000000000000     
          75          20  -19.403501685559821       0.31040559474476703     
          80          20  -19.269730465408806       0.27214717203294381     
          85          20  -19.236456734873506       0.34051534434975661     
          90          20  -20.402577963326561       -7.6769312923885558E-002
          95          20  -19.490426588121277       0.74448535159254980     
           0          21  -19.823285658205851      -0.19267290454538788     
           5          21  -20.043696497668851       -2.3179770070047567E-002
          10          21  -19.700347487716094        9.5534922006645928E-003
          15          21  -20.065881601420976       0.43426756060949145     
          20          21  -20.556285837356469      -0.52695518252821039     
          25          21  -19.917814078859728       0.15346146422234863     
          30          21  -20.947017132924017      -0.30351353606350440     
          35          21   0.0000000000000000        0.0000000000000000     
          40          21  -20.222134651823318        6.7662818164504479E-002
          45          21  -19.711918424044072      -0.31491287517615429     
          50          21  -20.520112082168527       0.58358505547306816     
          55          21  -20.302632306240518      -0.35826722779963571     
          60          21  -20.761169100153019       0.14213821247444081     
          65          21  -20.402126550019826      -0.17855494945595574     
          70          21  -20.312045196541060       0.10919316894009157     
          75          21  -20.766246807920606       -6.2478387914954858E-002
          80          21  -41.182408789063317      -0.34256123526726912     
          85          21  -20.315244922292084       0.21016733236789431     
          90          21  -20.211720373349838      -0.81782834683685746     
          95          21  -20.156026049572560      -0.78551573238827554     
           0          22   0.0000000000000000        0.0000000000000000     
           5          22  -21.072427449337347      -0.96662213180553902     
          10          22  -20.640496517339290       -4.0617041019430644E-003
          15          22  -20.997582031765937       -3.6339380342087502E-002
          20          22  -20.123620903275128       -6.3110713939551477E-002
          25          22  -41.931846103822053      -0.47819522399905612     
          30          22   0.0000000000000000        0.0000000000000000     
          35          22  -41.010811604580972       0.71994660146401657     
          40          22  -20.551195066066949      -0.44285957009948529     
          45          22   0.0000000000000000        0.0000000000000000     
          50          22   0.0000000000000000        0.0000000000000000     
          55          22  -40.855994446600263       0.29316856118954959     
          60          22  -20.618102523392022       0.46147461876533402     
          65          22  -20.729776467549588      -0.16202977539486740     
          70          22  -21.169395845003212      -0.52310895950202774     
          75          22  -20.106701241940915       0.52201151936215329     
          80          22  -21.490200000809921       0.69171121591771190     
          85          22  -20.079117289916180       -8.4700453349406679E-002
          90          22  -20.320712341277414      -0.46984835135682745     
          95          22  -40.725669605097266       0.26958391851017449     
           0          23  -21.244268341311855      -0.62213300320329568     
           5          23  -21.215421587953141      -0.91550078883839703     
          10          23  -20.454177750374722        3.9736735220619046E-002
          15          23  -21.625461879894726       0.20914682933775852     
          20          23  -21.618177068269684      -0.32246795002272011     
          25          23  -21.021231990969167      -0.39685121581423122     
          30          23  -21.474655386407580      -0.47106981195671471     
          35          23  -21.152733671841450       0.69210206723235856     
          40          23  -21.381426326440575        5.9457279249497397E-002
          45          23  -20.953281290620460       0.37907790470803615     
          50          23  -21.223188874027741      -0.69577559511313503     
          55          23   0.0000000000000000        0.0000000000000000     
          60          23  -21.297294768053419       0.78006675685082794     
          65          23  -20.262919456798254       0.52541061224709029     
          70          23  -20.482594945839814       0.29278800244725289     
          75          23  -21.084485319572408       0.30105196784979693     
          80          23  -41.975791545512116       0.38559185554565278     
          85          23  -20.312707387776239      -0.22998704021504057     
          90          23  -20.859825798610341       0.98938904154133311     
          95          23  -21.765476528173842      -0.33371771401891070     
           0          24  -21.574227551706983      -0.65993812966069765     
           5          24  -21.267938852686516       -8.5062257387802376E-003
          10          24  -21.567737088231674      -0.33611561008284330     
          15          24  -21.320080366433736       0.27077856458529448     
          20          24  -21.732528058845400      -0.23200900681696890     
          25          24  -22.169903082453477      -0.49279456976969449     
          30          24   0.0000000000000000        0.0000000000000000     
          35          24   0.0000000000000000        0.0000000000000000     
          40          24  -20.542065949492038       0.65254796934421933     
          45          24   0.0000000000000000        0.0000000000000000     
          50          24  -21.734990634013627      -0.36341928275562818     
          55          24  -20.697916718811491       0.36909979177601748     
          60          24  -21.670068969698029       0.33424407672177914     
          65          24  -20.985490862049925       0.84706956496594099     
          70          24  -20.666402665922011        2.7332722130624099E-002
          75          24  -21.245164397526437       0.19439955820266253     
          80          24  -42.406099279483911        1.1923356934440132     
          85          24   0.0000000000000000        0.0000000000000000     
          90          24  -21.389953887581690      -0.21979891273893326     
          95          24   0.0000000000000000        0.0000000000000000     
           0          25  -22.034634833958997      -0.65871341921708293     
           5          25   0.0000000000000000        0.0000000000000000     
          10          25   0.0000000000000000        0.0000000000000000     
          15          25  -21.925266696781186      -0.16349206106269776     
          20          25  -22.055873992902761       0.10172977553124518     
          25          25   0.0000000000000000        0.0000000000000000     
          30          25  -21.785066271995944       -8.5099922342291023E-002
          35          25  -21.092488848835632       -9.2137980547413179E-002
          40          25  -21.744013997448405      -0.12328296704944286     
          45          25  -21.388077160930383       0.28084442534437315     
          50          25  -21.132162837582680       0.29617022607897336     
          55          25  -21.239052893063935      -0.15861771359926280     
          60          25  -22.079821166151035       0.30514591570329763     
          65          25  -21.500386154166272       0.12752362725132471     
          70          25  -43.499642444733141      -0.59979834972967438     
          75          25  -22.507525832119455        2.9187560323107320E-002
          80          25   0.0000000000000000        0.0000000000000000     
          85          25  -21.374223679674341      -0.20127336259001538     
          90          25  -21.655731519060193      -0.63291901177708887     
          95          25  -21.733070619031068      -0.17127179467946174     
           0          26  -44.942042683247870      -0.83546920351673659     
           5          26  -22.300496494564445      -0.30784869519462355     
          10          26  -21.758285946482658      -0.36066607926432681     
          15          26   0.0000000000000000        0.0000000000000000     
          20          26  -21.667072861860092       0.11665722308040749     
          25          26  -22.486527462126091      -0.76670474202011896     
          30          26  -21.981831361284620      -0.30889402522715770     
          35          26  -22.181250046580669      -0.28679593006675219     
          40          26  -21.692921137162479      -0.13408157670480314     
          45          26   0.0000000000000000        0.0000000000000000     
          50          26  -21.667085632498527       0.28053734298816302     
          55          26  -21.933160126360594        4.2009673797416269E-002
          60          26  -22.006781972779830       -1.0213439161077531E-003
          65          26  -22.342718735554044       0.19837863318161730     
          70          26   0.0000000000000000        0.0000000000000000     
          75          26  -22.182681457928453      -0.17559497940244917     
          80          26  -22.398249918272882      -0.85328939553930283     
          85          26  -21.587298711017720      -0.30743632972840551     
          90          26  -22.216329079179918       0.69477122812577896     
          95          26  -22.163969440226470      -0.16065499420681029     
           0          27  -21.999268710058502      -0.19742071024730912     
           5          27  -22.304631014449793        7.5046873826423166E-003
          10          27  -22.802103866325918      -0.55571209821803080     
          15          27  -21.746276855798552       0.19192802037215628     
          20          27  -22.140384199099138      -0.50977230080961888     
          25          27   0.0000000000000000        0.0000000000000000     
          30          27   0.0000000000000000        0.0000000000000000     
          35          27  -22.275462455271231        1.1003466431347420E-002
          40          27  -22.174353409367129        8.2033013404370081E-003
          45          27  -44.410780308608011      -0.47372597080208578     
          50          27  -22.033875810619772       0.39295178379639140     
          55          27  -22.307323942897249      -0.34958970825504920     
          60          27  -22.445137379688560       0.10272026191970873     
          65          27  -23.812012649685464       0.40374968760525931     
          70          27  -22.248515374684306       0.50854322136806296     
          75          27  -22.145915387691282       0.59442123998443286     
          80          27  -22.811407177075747       0.95047548153814887     
          85          27  -22.219303380915932       0.64599122040820411     
          90          27   0.0000000000000000        0.0000000000000000     
          95          27  -22.385479694654318      -0.26494955409073206     
           0          28  -22.494556179025405      -0.40241215935710173     
           5          28  -22.656992050496537      -0.29453969423220983     
          10          28  -22.565284060667295      -0.33711071444897378     
          15          28  -22.379308727833447       -1.8801168667481605E-002
          20          28  -22.077000682124147       0.12228262300850723     
          25          28  -22.867324485494333       -5.2668862593474586E-002
          30          28   0.0000000000000000        0.0000000000000000     
          35          28  -22.448706532172125      -0.19330283204110899     
          40          28  -45.197330758757204      -0.39913516889866774     
          45          28   0.0000000000000000        0.0000000000000000     
          50          28  -22.580637466070861       0.10529857635388495     
          55          28   0.0000000000000000        0.0000000000000000     
          60          28   0.0000000000000000        0.0000000000000000     
          65          28   0.0000000000000000        0.0000000000000000     
          70          28   0.0000000000000000        0.0000000000000000     
          75          28  -23.439670620019058      -0.53267497669318153     
          80          28  -46.134633106099663       -4.7502396640086708E-002
          85          28   0.0000000000000000        0.0000000000000000     
          90          28  -21.896703504743485       0.10510972983768241     
          95          28   0.0000000000000000        0.0000000000000000     
           0          29  -45.610348672964754      -0.49244468844134026     
           5          29   0.0000000000000000        0.0000000000000000     
          10          29   0.0000000000000000        0.0000000000000000     
          15          29  -22.791119540020443       -3.9775485034532210E-002
          20          29   0.0000000000000000        0.0000000000000000     
          25          29   0.0000000000000000        0.0000000000000000     
          30          29   0.0000000000000000        0.0000000000000000     
          35          29   0.0000000000000000        0.0000000000000000     
          40          29   0.0000000000000000        0.0000000000000000     
          45          29  -22.358748958907768       0.48120027052456216     
          50          29  -22.598608831077005      -0.19832682357223685     
          55          29   0.0000000000000000        0.0000000000000000     
          60          29   0.0000000000000000        0.0000000000000000     
          65          29   0.0000000000000000        0.0000000000000000     
          70          29  -23.359206288765531      -0.14441281940391626     
          75          29   0.0000000000000000        0.0000000000000000     
          80          29   0.0000000000000000        0.0000000000000000     
          85          29   0.0000000000000000        0.0000000000000000     
          90          29  -23.540157409583927      -0.32657581290229665     
          95          29   0.0000000000000000        0.0000000000000000     
           0          30   0.0000000000000000        0.0000000000000000     
           5          30   0.0000000000000000        0.0000000000000000     
          10          30   0.0000000000000000        0.0000000000000000     
          15          30   0.0000000000000000        0.0000000000000000     
          20          30  -22.742614185227715        9.6619706314582388E-002
          25          30  -23.480399265354833       -7.6256708977373577E-002
          30          30   0.0000000000000000        0.0000000000000000     
          35          30  -23.336313815907616       0.11543827192816991     
          40          30  -22.994324348667991      -0.14941054086503591     
          45          30  -22.236513571677882       0.17333233149008365     
          50          30   0.0000000000000000        0.0000000000000000     
          55          30   0.0000000000000000        0.0000000000000000     
          60          30   0.0000000000000000        0.0000000000000000     
          65          30   0.0000000000000000        0.0000000000000000     
          70          30   0.0000000000000000        0.0000000000000000     
          75          30   0.0000000000000000        0.0000000000000000     
          80          30   0.0000000000000000        0.0000000000000000     
          85          30   0.0000000000000000        0.0000000000000000     
          90          30   0.0000000000000000        0.0000000000000000     
          95          30  -22.891602612323812      -0.85274178990957239     
           0          31   0.0000000000000000        0.0000000000000000     
           5          31  -23.162412087865402      -0.25463855425011950     
          10          31   0.0000000000000000        0.0000000000000000     
          15          31   0.0000000000000000        0.0000000000000000     
          20          31   0.0000000000000000        0.0000000000000000     
          25          31   0.0000000000000000        0.0000000000000000     
          30          31  -23.152622309953738       0.10652436811586785     
          35          31  -22.954392562246070      -0.26935553009810320     
          40          31  -22.202667501600157        8.0082689227767290E-002
          45          31  -23.094428155163158       0.41084853259598653     
          50          31   0.0000000000000000        0.0000000000000000     
          55          31   0.0000000000000000        0.0000000000000000     
          60          31   0.0000000000000000        0.0000000000000000     
          65          31   0.0000000000000000        0.0000000000000000     
          70          31   0.0000000000000000        0.0000000000000000     
          75          31  -23.270678844750091      -0.17510619983451825     
          80          31   0.0000000000000000        0.0000000000000000     
          85          31   0.0000000000000000        0.0000000000000000     
          90          31   0.0000000000000000        0.0000000000000000     
          95          31   0.0000000000000000        0.0000000000000000     
