  0.49999000000000005       0.46877973619861285       0.72996679869271353     
  0.99999000000000005        1.2895499337055489       0.68692687834404953     
   1.4999900000000002        1.4249096273329707       0.65728445369429578     
   1.9999900000000002        1.4685221615914510       0.68609131356603292     
   2.4999900000000004        1.8427550889253312       0.66296730890425037     
   2.9999900000000004        1.9093559522585168       0.66344577741368316     
   3.4999900000000004        1.7888266522206004       0.68143554014999630     
   3.9999900000000004        1.8807533285997704       0.66744999518672843     
   4.4999900000000004        2.3643766656353198       0.70196676880168951     
   4.9999900000000004        1.8970356055285835       0.66090615058828750     
   5.4999900000000004        2.2178559096735988       0.65381435199934801     
   5.9999900000000004        1.9560875896771659       0.65677731878523271     
   6.4999900000000004        2.2713718047854310       0.66594778396278642     
   6.9999900000000004        2.1041364142404593       0.64112575949721695     
   7.4999900000000004        2.4466073527216485       0.64825823868687193     
   7.9999900000000004        2.1734572765350575       0.67706563007149012     
   8.4999900000000004        1.9699915020277867       0.67084231929108218     
   8.9999900000000004        2.0547161012398587       0.65603740956347711     
   9.4999900000000004        2.3076899540131470       0.64345419377961122     
   9.9999900000000004        2.5255559502896396       0.68003079997446936     
   10.499990000000000        2.9277658902204187       0.66946372367117069     
   10.999990000000000        3.0209345702655677       0.64927630005638004     
   11.499990000000000        2.3553328745027606       0.63288624991320219     
   11.999990000000000        2.0215195795913115       0.65021197382736451     
   12.499990000000000        2.3303714542187257       0.67463520000927757     
   12.999990000000000        2.5005295514736705       0.66064720450836700     
   13.499990000000000        2.4081073892895155       0.64361433226647558     
   13.999990000000000        2.7625120829610359       0.66278019444642222     
   14.499990000000000        2.3343637597458131       0.67715286848030454     
   14.999990000000000        1.8807985197028383       0.66834143998631368     
   15.499990000000002        1.7211788254937357       0.68346758765635929     
   15.999990000000002        2.1056037318989307       0.63402471258658988     
   16.499990000000000        1.9223626321270848       0.67936750501916299     
   16.999990000000000        1.8281829106012482       0.69704807307324668     
   17.499990000000000        1.9776803013767730       0.64732934462081348     
   17.999990000000000        2.0912833939202882       0.68553116941453685     
   18.499990000000000        2.4716349371408639       0.69218905034885569     
   18.999990000000000        2.0073229236389811       0.67276545055805437     
   19.499990000000000        1.7336381743498901       0.65737948134201529     
   19.999990000000000        1.6900888497778170       0.65443033332103262     
   20.499990000000000        1.6902053765378786       0.67227040264125693     
   20.999990000000000        1.8610001013257571       0.69285173020944379     
   21.499990000000000        1.8794603171963509       0.64222014571634389     
   21.999990000000000        1.8417828942914374       0.70145176028562162     
   22.499990000000000        1.8954607798133680       0.69608817708249393     
   22.999990000000000        1.9904982908461315       0.63076690707960736     
   23.499990000000000        2.3007650821012997       0.64744772444328258     
   23.999990000000000        2.3160391632968516       0.64059661419503067     
   24.499990000000000        2.3303920358626793       0.70002425749882635     
   24.999990000000000        2.2604369821660701       0.67214257226641860     
   25.499990000000000        2.0434370354509204       0.66730341623406964     
   25.999990000000000        2.2997719001794215       0.68121861909314907     
   26.499990000000004        2.4004430288125964       0.67337737905308759     
   26.999990000000004        2.4873184384588689       0.68893188711380249     
   27.499990000000004        2.3694535812427699       0.69079522534352189     
   27.999990000000004        2.1899411482312372       0.67034535237436699     
   28.499990000000004        1.6171166201386487       0.64501920995270012     
   28.999990000000004        1.8256721940616802       0.66354076837050613     
   29.499990000000004        1.8499429780445018       0.70256521232006541     
   29.999990000000004        1.8599672025150853       0.68711728842838649     
   30.499990000000004        2.2088365457293473       0.69625651002550337     
   30.999990000000004        2.2053523869548255       0.67464764403191047     
   31.499990000000004        2.2120285673010933       0.68710032107588881     
   31.999990000000004        1.8091988737784634       0.64164046184708423     
   32.499990000000004        2.0736205115233104       0.67719091762568984     
   32.999990000000004        2.4247040977503338       0.65992752926380105     
   33.499990000000004        2.7856258862202288       0.68894944483222331     
   33.999990000000004        2.0005114223055416       0.65034778383776404     
   34.499990000000004        2.0032770534425404       0.65558497289496531     
   34.999990000000004        1.9334599758741862       0.69771972790727410     
   35.499990000000004        2.3727265135867857       0.68059658559733183     
   35.999990000000004        1.9930489603085400       0.67856995029112188     
   36.499990000000004        2.0350941396305804       0.67401997925849688     
   36.999990000000004        2.5486767318166801       0.69908298463019947     
   37.499990000000004        2.4822723044897388       0.63433343326539005     
   37.999990000000004        2.1981395320599204       0.67736309746829915     
   38.499990000000004        2.0179034977725907       0.65368451622343116     
   38.999990000000004        2.2662488944825250       0.66773178182496096     
   39.499990000000004        2.7845276474391678       0.67787706282172722     
   39.999990000000004        2.3489036909846912       0.65529854474440885     
   40.499990000000004        2.2272432606069827       0.65533991618301213     
   40.999990000000004        2.0815284704047681       0.68344410484760165     
   41.499990000000004        1.8855116152513567       0.66592890316718600     
   41.999990000000004        2.1836885136218753       0.70014096649272783     
   42.499990000000004        1.9854871831656753       0.67172884646462261     
   42.999990000000004        1.7730277956980078       0.65080087320018187     
   43.499990000000004        1.9574972928263601       0.62202616016604928     
   43.999990000000004        2.2979669586715343       0.67385504053984302     
   44.499990000000004        2.3167083156658554       0.62485922283563133     
   44.999990000000004        2.9376585520862313       0.66827104472970655     
   45.499990000000004        2.6361796481773268       0.68158783581467564     
   45.999990000000004        2.6032878687541983       0.66579770188637588     
   46.499990000000004        2.1731579458283461       0.68733194933850883     
   46.999990000000004        2.2267603316287032       0.66453765060920156     
   47.499990000000004        2.0874532183837937       0.62271281841382364     
   47.999990000000004        2.4546421404620227       0.66408817906120610     
   48.499990000000004        1.9111638398243862       0.67566775782989852     
   48.999990000000004        1.9970807569819646       0.67279994216202521     
   49.499990000000004        2.2975274653854076       0.69124518495305787     
   49.999990000000004        2.3310654272504734       0.69969257748077496     
   50.499990000000004        2.1836293450548014       0.66004998315479557     
   50.999990000000004        2.6191544061013876       0.68386667425873615     
   51.499990000000004        2.5675981102415211       0.67093899249516487     
   51.999990000000004        2.7435335380774641       0.62777814834852219     
   52.499990000000004        2.5603983290377470       0.65305469200067590     
   52.999990000000004        2.6245831479956938       0.67769087042105314     
   53.499990000000004        2.4783685493669130       0.66856392576356061     
   53.999990000000004        2.3189812229688980       0.66858616714383401     
   54.499990000000004        2.0469334371455958       0.65686967211878611     
   54.999990000000004        2.2611187200666647       0.69213926576171581     
   55.499990000000004        3.2028733809647028       0.67686386681001931     
   55.999990000000004        2.7035920027035467       0.62661188976074067     
   56.499990000000004        3.0453607318296587       0.64716284723833084     
   56.999990000000004        2.7926380121790157       0.66906810682829954     
   57.499990000000004        2.6149001478444234       0.65330459543546515     
   57.999990000000004        2.6258935877713374       0.68260963471054270     
   58.499990000000004        1.9252875655773247       0.68736458046586635     
   58.999990000000004        2.0694586458780386       0.68419708590658601     
   59.499990000000004        2.2213506024915035       0.69587425805462744     
   59.999990000000004        1.9838940890683761       0.67471387990247067     
   60.499990000000004        2.1045859826483855       0.64246300588359295     
   60.999990000000004        1.6929919809925773       0.64515762017212808     
   61.499990000000004        1.5680550959715414       0.69528675287523267     
   61.999990000000004        1.8067858499588874       0.63689327542412411     
   62.499990000000004        2.1267065877627411       0.65709390955978186     
   62.999990000000004        1.8641862617384433       0.68093954786524413     
   63.499990000000004        2.1086565118971876       0.68770673132882365     
   63.999990000000004        1.3310918475980940       0.65434237740437473     
   64.499990000000011        1.4184171091148159       0.66817595952393494     
   64.999990000000011        1.7792590055713933       0.67547075684199798     
   65.499990000000011        1.8776485450416669       0.66719252311237809     
   65.999990000000011        2.1111099681125749       0.67225035543951739     
   66.499990000000011        2.1348926778582276       0.70097519059306856     
   66.999990000000011        2.4809069462335311       0.70338147832112774     
   67.499990000000011        2.2012052226499823       0.68289216314659362     
   67.999990000000011        2.1239176944321807       0.66896158218646229     
   68.499990000000011        2.1387381146188269       0.64987638416428017     
   68.999990000000011        2.2736646614574707       0.65614576300896099     
   69.499990000000011        1.9622932681806748       0.67823868565597911     
   69.999990000000011        1.7484458090893429       0.68819601336025871     
   70.499990000000011        2.2232352333234879       0.64878217453151510     
   70.999990000000011        1.9054881478317431       0.66984473190424176     
   71.499990000000011        1.9185121060507764       0.68376915502740343     
   71.999990000000011        2.1176953110512842       0.68305004432406002     
   72.499990000000011        2.3744459287464839       0.67464823832450493     
   72.999990000000011        2.2042608173855736       0.61101239436809340     
   73.499990000000011        2.1231964288704877       0.65035859535650820     
   73.999990000000011        2.0204904835500996       0.65278789079138277     
   74.499990000000011        2.2953532831586783       0.64977690616413808     
   74.999990000000011        2.2825401868164228       0.67626745476669325     
   75.499990000000011        2.1509479265474725       0.65584837948204266     
   75.999990000000011        2.1210340549374989       0.69070377388972781     
   76.499990000000011        2.1349824970716322       0.66652516765454473     
   76.999990000000011        1.9711332826542882       0.64962951817203796     
   77.499990000000011        1.9424568984790709       0.66595218540657741     
   77.999990000000011        2.2475238781824398       0.67135572140132849     
   78.499990000000011        2.3937560744374236       0.68174296386709710     
   78.999990000000011        2.8187798977742915       0.68424254952356411     
   79.499990000000011        3.1027970554214011       0.68348239828143043     
   79.999990000000011        2.9806387137355519       0.65307536107121711     
