           0           0   0.0000000000000000        0.0000000000000000     
           5           0   0.0000000000000000        0.0000000000000000     
          10           0   0.0000000000000000        0.0000000000000000     
          15           0   0.0000000000000000        0.0000000000000000     
          20           0   0.0000000000000000        0.0000000000000000     
          25           0   0.0000000000000000        0.0000000000000000     
          30           0   0.0000000000000000        0.0000000000000000     
          35           0   0.0000000000000000        0.0000000000000000     
          40           0   0.0000000000000000        0.0000000000000000     
          45           0   0.0000000000000000        0.0000000000000000     
          50           0   0.0000000000000000        0.0000000000000000     
          55           0   0.0000000000000000        0.0000000000000000     
          60           0   0.0000000000000000        0.0000000000000000     
          65           0   0.0000000000000000        0.0000000000000000     
          70           0   0.0000000000000000        0.0000000000000000     
          75           0   0.0000000000000000        0.0000000000000000     
          80           0   0.0000000000000000        0.0000000000000000     
          85           0   0.0000000000000000        0.0000000000000000     
          90           0   0.0000000000000000        0.0000000000000000     
          95           0   0.0000000000000000        0.0000000000000000     
           0           1  -1.1943984270790242E-002 -0.19333227547324583     
           5           1  -5.6284546832152671E-002  -4.4447930735991292E-003
          10           1 -0.14546975320328670      -0.15829248396159734     
          15           1 -0.25291156476647814       -2.5960664536972544E-002
          20           1 -0.17196471892688692      -0.11445108814123195     
          25           1 -0.19192591063088571        4.7181644443616833E-002
          30           1 -0.27600478750500201      -0.14358618287579894     
          35           1 -0.10552447658795927        5.1045720909081993E-002
          40           1 -0.12334034671823702        2.9590549877056560E-002
          45           1 -0.12267351554129391        6.6954010037312273E-002
          50           1  -8.7681462126454335E-002  -1.7960981636422346E-002
          55           1 -0.12264039622067457        3.9462999911199503E-002
          60           1  -7.2190142184069828E-002   6.8521756413364443E-003
          65           1  -8.0832859268298307E-002   2.1565211908436410E-002
          70           1  -2.0229563446605425E-002  -1.6842681356266098E-002
          75           1  -8.4614397053428547E-002   4.8124868341492544E-002
          80           1  -5.3920992968414794E-002   9.6413127681493904E-002
          85           1   4.4763698596739232E-002   3.6897129609414492E-002
          90           1  -1.4347957559834867E-002  -4.2051839425072401E-002
          95           1  -4.7893221619688120E-002   5.6801431577158112E-002
           0           2 -0.19230733104058650      -0.15923646019544435     
           5           2  -8.6712057503213202E-002   8.6860571886226978E-002
          10           2 -0.27250940468626084      -0.41729505638743447     
          15           2 -0.33302830715342679        5.8557997515418236E-002
          20           2 -0.26911460976108970        2.0399805702453477E-002
          25           2 -0.25240351085642487        6.8871567502348796E-002
          30           2 -0.20626449229510513       -6.8673979316535849E-002
          35           2 -0.15153627646924406        1.0575771087761865E-002
          40           2 -0.11427711129385898        7.6397169963549061E-002
          45           2 -0.10636856789147942        1.2397508106776201E-002
          50           2 -0.26215717031874419       -8.8685641379537827E-002
          55           2 -0.21120395349072396       -1.1856528028264535E-002
          60           2 -0.12475937197109488      -0.10300298959764476     
          65           2  -5.2558560952320477E-002   3.1906019519745143E-002
          70           2 -0.22224516300184405       -9.0526522082967631E-002
          75           2 -0.41892329853965293        8.7839187483673697E-002
          80           2 -0.45666270338529102       0.30978496028399860     
          85           2 -0.44787834518444924      -0.13320709855380031     
          90           2 -0.26888514881306946        5.0938153768331773E-002
          95           2 -0.26187182648129692       0.16863928819610408     
           0           3 -0.11175987549807975       0.17036375198564713     
           5           3 -0.23731026704609803       0.13688673830891673     
          10           3 -0.19031083088094647       0.42872939343796546     
          15           3 -0.29963109419384182       0.12083350606539867     
          20           3 -0.28177505763338218        8.8042437766944204E-002
          25           3 -0.24714888160914938        8.8529698862860329E-002
          30           3 -0.18340954126117026        5.3459253341880952E-002
          35           3 -0.34512528579000445        8.5884852580875304E-002
          40           3 -0.56195350452981074       0.11061009802526556     
          45           3 -0.27887546693250442       -8.4011188850041663E-002
          50           3 -0.22517204882888109       -2.8885092102637344E-002
          55           3 -0.35215783899644748      -0.21595184573230952     
          60           3 -0.15881131595563147       -7.8719381759739804E-002
          65           3  -6.2201093626867987E-002 -0.26564021010644367     
          70           3 -0.58199685710746962       0.19080129860293837     
          75           3 -0.33695462164473611        6.4444729159784941E-002
          80           3 -0.34466571946722979       -7.9897662679240256E-002
          85           3 -0.27725886575069580        5.8826140560963580E-002
          90           3 -0.40892669169068085      -0.11977180076394589     
          95           3 -0.28082113850302903        1.2903164425814850E-003
           0           4 -0.24741561660157618       0.19388315581014837     
           5           4 -0.54828578416987739       0.21969695216839114     
          10           4 -0.38268868734370187       0.32437480982139277     
          15           4 -0.14393783712485231        9.4954202567443247E-002
          20           4 -0.32879384159301139        7.2542256335239585E-002
          25           4 -0.27501713386612892       0.12363414402916106     
          30           4 -0.27996403302310569       0.10170275230869663     
          35           4 -0.27501310807309665        6.2857107576697047E-002
          40           4 -0.85982178983812219       -4.9762140816866918E-002
          45           4  -1.0286259123404307       -8.9650825563225567E-003
          50           4 -0.53726580269142232      -0.24000050498962366     
          55           4 -0.12715453024725321      -0.32593292981442090     
          60           4 -0.96278964644369580      -0.23166204122126999     
          65           4 -0.66899910422080211      -0.19703620843802838     
          70           4 -0.88312675970314558       0.16692846859012178     
          75           4 -0.45208856839451528       -1.5485047644148153E-002
          80           4 -0.35467318639348377       -8.3916756299373674E-003
          85           4  -1.1752142095389218      -0.12743504551160356     
          90           4 -0.70668714947430544      -0.61158783359438473     
          95           4 -0.78049794502987879       -3.4726269930729359E-002
           0           5 -0.68546025866589311        5.5122276521046842E-004
           5           5 -0.95407511989442639       0.39081834578347241     
          10           5  -1.4128591136497448       0.41244779602322978     
          15           5  -3.0329276913931835      -0.48397459801563514     
          20           5 -0.83112196087142820      -0.20857907791604902     
          25           5 -0.79362810806671291       -7.4852557698790179E-002
          30           5 -0.82542525388973331       -9.8328677724524027E-002
          35           5 -0.71302161110509132        5.1091151251903000E-002
          40           5  -1.0431376749053811       -1.2599120342571268E-002
          45           5  -1.3390155962511585       0.13149978215665215     
          50           5  -1.1236405071102240       -7.1064778888185742E-002
          55           5  -1.0994163313782224      -0.22554763580373560     
          60           5  -1.1806192069130361      -0.37158315910446049     
          65           5 -0.88693899364500339      -0.37795277365582081     
          70           5  -1.2381238148861939      -0.12049734662067380     
          75           5 -0.85221720432571146      -0.29387632216604231     
          80           5  -1.1740147358096920       -8.9256818256444603E-002
          85           5  -1.0136417021300304      -0.27726738721867150     
          90           5 -0.56240356947512282      -0.61978115324379246     
          95           5  -2.3377412787795038      -0.60001705881163048     
           0           6  -2.1250047828694911       0.91613695791359362     
           5           6  -2.3260369204169962       0.94972050785457895     
          10           6 -0.94701835295474268       0.28172563024231323     
          15           6   0.0000000000000000        0.0000000000000000     
          20           6  -2.9034600055055648      -0.42623931600260789     
          25           6  -1.4700313325555214      -0.24056788583415312     
          30           6  -1.5101041504017587      -0.16927619997275656     
          35           6  -1.2793279897849175      -0.27597528135636651     
          40           6  -1.0232135863219582       0.20588297546364487     
          45           6  -1.1918426980273011        7.3878851738484741E-002
          50           6  -2.5513897547924103        8.9524127875328929E-002
          55           6  -1.2214936511156793       -1.1547520997190475E-002
          60           6  -1.3334655888641578      -0.31435458880402223     
          65           6  -1.3755407518800666       0.10843457904918807     
          70           6  -1.6960738469862235      -0.31750711262823472     
          75           6  -2.9268006220917187      -0.96090249568803188     
          80           6  -1.0643185689929169       -9.1819408165605410E-003
          85           6 -0.93375963039932230      -0.14431360188638109     
          90           6  -1.3630834103395273      -0.71206090543007861     
          95           6  -1.5522325496419853      -0.35491907065310357     
           0           7  -1.4403326889661505       0.69088623438684493     
           5           7  -1.3443196586404582       0.18168802616180812     
          10           7  -1.2224476746958146       0.63175519051661411     
          15           7  -1.4781969240296178       -2.8017659303714026E-004
          20           7  -1.7188433554871096      -0.17664844464526652     
          25           7  -1.2563464896508947      -0.42855754434079074     
          30           7  -1.3741954584567395      -0.27428816397723210     
          35           7  -1.4470427730017832       0.20581587885537544     
          40           7  -2.8574959134175515       0.12223839667591108     
          45           7  -1.3624877596996043        8.2299415176123603E-002
          50           7  -1.3728181772876269       0.25936305762197520     
          55           7  -1.3458615390149475       -5.9918073374021219E-002
          60           7  -1.5135904875762662      -0.28601514799664329     
          65           7  -1.6011290815498569       0.15731116258965727     
          70           7  -1.7542258341762818      -0.26120563856757428     
          75           7  -1.8262502648269674      -0.55885295045410288     
          80           7  -2.9985665213416723      -0.18324549888149022     
          85           7  -2.3203051107145711       -4.3538408078802604E-002
          90           7  -1.4310720440136038      -0.60862243404624650     
          95           7  -1.9733820769118893      -0.38800021171070398     
           0           8  -2.5572524264873966       0.71288305748318237     
           5           8  -1.9579975238048775       0.16867002769593853     
          10           8  -2.0555212570627646       0.71632503369833955     
          15           8  -1.9276795255507295       0.10080487350627720     
          20           8  -2.0218214005218726      -0.10616518014039400     
          25           8  -1.4760233487898233      -0.30188375990114480     
          30           8  -1.1420530353412062      -0.58608475213439704     
          35           8  -1.6496418116318523       0.26294325201625668     
          40           8   0.0000000000000000        0.0000000000000000     
          45           8  -1.4683698477924167       0.10178996542542507     
          50           8  -2.9197255000568134       -9.6295969864712561E-002
          55           8  -1.5550553761656261       -7.7835787886115781E-002
          60           8  -1.6491796845841122      -0.29264995405675620     
          65           8  -1.7599547371816016        2.6860564785735619E-002
          70           8  -1.9074886616721187      -0.18062769730597950     
          75           8  -2.0019632557222167      -0.47415876101020160     
          80           8   0.0000000000000000        0.0000000000000000     
          85           8  -1.6311834897209110       0.26336098788881657     
          90           8  -1.9752850806042943      -0.61195990135765044     
          95           8  -2.1605095215448955       -1.3740105933024438E-002
           0           9   0.0000000000000000        0.0000000000000000     
           5           9  -2.4260614723381480       -9.7691538707422865E-002
          10           9  -2.2863498567105012       0.63176382091079120     
          15           9   0.0000000000000000        0.0000000000000000     
          20           9   0.0000000000000000        0.0000000000000000     
          25           9   0.0000000000000000        0.0000000000000000     
          30           9  -3.3059749530295335       -1.0283834852664597     
          35           9  -1.7624086212819634       0.57648967575651966     
          40           9  -3.5189247051548023       0.52860574641933056     
          45           9  -3.4052313478838414        6.3268072789668395E-002
          50           9  -1.7012010375694331      -0.17615690770078629     
          55           9  -1.3154342839882815        4.4685475133476871E-002
          60           9  -1.8549940631018558      -0.27488118169216591     
          65           9  -1.9493270853132572        7.4597159906986121E-002
          70           9  -2.3313715376360733      -0.24668983107822839     
          75           9   0.0000000000000000        0.0000000000000000     
          80           9  -2.0396733960836855       -4.4014801670044790E-003
          85           9  -1.9575160178675333       0.12449292325023009     
          90           9  -2.2981253237475130      -0.39139601176962913     
          95           9  -2.1321603667701083      -0.13276405741002861     
           0          10  -2.9491727980146543      -0.54386763108205116     
           5          10   0.0000000000000000        0.0000000000000000     
          10          10  -2.3252783979188507       0.80333528083009753     
          15          10   0.0000000000000000        0.0000000000000000     
          20          10  -2.2151522848368188       0.24838231300172708     
          25          10   0.0000000000000000        0.0000000000000000     
          30          10   0.0000000000000000        0.0000000000000000     
          35          10  -1.6579760383805819       0.37655347578713361     
          40          10  -1.6907251755426955       0.26664477345228477     
          45          10  -2.1368274866162551        4.8849545750684342E-002
          50          10   0.0000000000000000        0.0000000000000000     
          55          10  -1.7429090156539928       -7.4788294126548749E-002
          60          10  -2.2653915887005383        8.1132496188018877E-003
          65          10  -2.0302634749924664       -4.0684629487586221E-002
          70          10   0.0000000000000000        0.0000000000000000     
          75          10  -2.7574562761145671      -0.44987047597366825     
          80          10   0.0000000000000000        0.0000000000000000     
          85          10   0.0000000000000000        0.0000000000000000     
          90          10  -2.0175987342696544       -8.0764204311023491E-002
          95          10   0.0000000000000000        0.0000000000000000     
           0          11   0.0000000000000000        0.0000000000000000     
           5          11   0.0000000000000000        0.0000000000000000     
          10          11   0.0000000000000000        0.0000000000000000     
          15          11   0.0000000000000000        0.0000000000000000     
          20          11   0.0000000000000000        0.0000000000000000     
          25          11   0.0000000000000000        0.0000000000000000     
          30          11   0.0000000000000000        0.0000000000000000     
          35          11   0.0000000000000000        0.0000000000000000     
          40          11  -2.5760771684346651       0.57891491905159853     
          45          11   0.0000000000000000        0.0000000000000000     
          50          11  -2.5009759803751308       0.14615470724343993     
          55          11   0.0000000000000000        0.0000000000000000     
          60          11  -2.5934715796083196       -4.3658113915157060E-002
          65          11   0.0000000000000000        0.0000000000000000     
          70          11   0.0000000000000000        0.0000000000000000     
          75          11   0.0000000000000000        0.0000000000000000     
          80          11   0.0000000000000000        0.0000000000000000     
          85          11   0.0000000000000000        0.0000000000000000     
          90          11   0.0000000000000000        0.0000000000000000     
          95          11   0.0000000000000000        0.0000000000000000     
           0          12   0.0000000000000000        0.0000000000000000     
           5          12   0.0000000000000000        0.0000000000000000     
          10          12   0.0000000000000000        0.0000000000000000     
          15          12   0.0000000000000000        0.0000000000000000     
          20          12   0.0000000000000000        0.0000000000000000     
          25          12   0.0000000000000000        0.0000000000000000     
          30          12   0.0000000000000000        0.0000000000000000     
          35          12   0.0000000000000000        0.0000000000000000     
          40          12   0.0000000000000000        0.0000000000000000     
          45          12   0.0000000000000000        0.0000000000000000     
          50          12   0.0000000000000000        0.0000000000000000     
          55          12   0.0000000000000000        0.0000000000000000     
          60          12   0.0000000000000000        0.0000000000000000     
          65          12   0.0000000000000000        0.0000000000000000     
          70          12   0.0000000000000000        0.0000000000000000     
          75          12   0.0000000000000000        0.0000000000000000     
          80          12   0.0000000000000000        0.0000000000000000     
          85          12   0.0000000000000000        0.0000000000000000     
          90          12   0.0000000000000000        0.0000000000000000     
          95          12   0.0000000000000000        0.0000000000000000     
           0          13   0.0000000000000000        0.0000000000000000     
           5          13   0.0000000000000000        0.0000000000000000     
          10          13   0.0000000000000000        0.0000000000000000     
          15          13   0.0000000000000000        0.0000000000000000     
          20          13   0.0000000000000000        0.0000000000000000     
          25          13   0.0000000000000000        0.0000000000000000     
          30          13   0.0000000000000000        0.0000000000000000     
          35          13   0.0000000000000000        0.0000000000000000     
          40          13   0.0000000000000000        0.0000000000000000     
          45          13   0.0000000000000000        0.0000000000000000     
          50          13   0.0000000000000000        0.0000000000000000     
          55          13   0.0000000000000000        0.0000000000000000     
          60          13   0.0000000000000000        0.0000000000000000     
          65          13   0.0000000000000000        0.0000000000000000     
          70          13   0.0000000000000000        0.0000000000000000     
          75          13   0.0000000000000000        0.0000000000000000     
          80          13   0.0000000000000000        0.0000000000000000     
          85          13   0.0000000000000000        0.0000000000000000     
          90          13   0.0000000000000000        0.0000000000000000     
          95          13   0.0000000000000000        0.0000000000000000     
           0          14   0.0000000000000000        0.0000000000000000     
           5          14   0.0000000000000000        0.0000000000000000     
          10          14   0.0000000000000000        0.0000000000000000     
          15          14   0.0000000000000000        0.0000000000000000     
          20          14   0.0000000000000000        0.0000000000000000     
          25          14   0.0000000000000000        0.0000000000000000     
          30          14   0.0000000000000000        0.0000000000000000     
          35          14   0.0000000000000000        0.0000000000000000     
          40          14   0.0000000000000000        0.0000000000000000     
          45          14   0.0000000000000000        0.0000000000000000     
          50          14   0.0000000000000000        0.0000000000000000     
          55          14   0.0000000000000000        0.0000000000000000     
          60          14   0.0000000000000000        0.0000000000000000     
          65          14   0.0000000000000000        0.0000000000000000     
          70          14   0.0000000000000000        0.0000000000000000     
          75          14   0.0000000000000000        0.0000000000000000     
          80          14   0.0000000000000000        0.0000000000000000     
          85          14   0.0000000000000000        0.0000000000000000     
          90          14   0.0000000000000000        0.0000000000000000     
          95          14   0.0000000000000000        0.0000000000000000     
           0          15   0.0000000000000000        0.0000000000000000     
           5          15   0.0000000000000000        0.0000000000000000     
          10          15   0.0000000000000000        0.0000000000000000     
          15          15   0.0000000000000000        0.0000000000000000     
          20          15   0.0000000000000000        0.0000000000000000     
          25          15   0.0000000000000000        0.0000000000000000     
          30          15   0.0000000000000000        0.0000000000000000     
          35          15   0.0000000000000000        0.0000000000000000     
          40          15   0.0000000000000000        0.0000000000000000     
          45          15   0.0000000000000000        0.0000000000000000     
          50          15   0.0000000000000000        0.0000000000000000     
          55          15   0.0000000000000000        0.0000000000000000     
          60          15   0.0000000000000000        0.0000000000000000     
          65          15   0.0000000000000000        0.0000000000000000     
          70          15   0.0000000000000000        0.0000000000000000     
          75          15   0.0000000000000000        0.0000000000000000     
          80          15   0.0000000000000000        0.0000000000000000     
          85          15   0.0000000000000000        0.0000000000000000     
          90          15   0.0000000000000000        0.0000000000000000     
          95          15   0.0000000000000000        0.0000000000000000     
           0          16   0.0000000000000000        0.0000000000000000     
           5          16   0.0000000000000000        0.0000000000000000     
          10          16   0.0000000000000000        0.0000000000000000     
          15          16   0.0000000000000000        0.0000000000000000     
          20          16   0.0000000000000000        0.0000000000000000     
          25          16   0.0000000000000000        0.0000000000000000     
          30          16   0.0000000000000000        0.0000000000000000     
          35          16   0.0000000000000000        0.0000000000000000     
          40          16   0.0000000000000000        0.0000000000000000     
          45          16   0.0000000000000000        0.0000000000000000     
          50          16   0.0000000000000000        0.0000000000000000     
          55          16   0.0000000000000000        0.0000000000000000     
          60          16   0.0000000000000000        0.0000000000000000     
          65          16   0.0000000000000000        0.0000000000000000     
          70          16   0.0000000000000000        0.0000000000000000     
          75          16   0.0000000000000000        0.0000000000000000     
          80          16   0.0000000000000000        0.0000000000000000     
          85          16   0.0000000000000000        0.0000000000000000     
          90          16   0.0000000000000000        0.0000000000000000     
          95          16   0.0000000000000000        0.0000000000000000     
