           0           0   0.0000000000000000        0.0000000000000000     
           5           0   0.0000000000000000        0.0000000000000000     
          10           0   0.0000000000000000        0.0000000000000000     
          15           0   0.0000000000000000        0.0000000000000000     
          20           0   0.0000000000000000        0.0000000000000000     
          25           0   0.0000000000000000        0.0000000000000000     
          30           0   0.0000000000000000        0.0000000000000000     
          35           0   0.0000000000000000        0.0000000000000000     
          40           0   0.0000000000000000        0.0000000000000000     
          45           0   0.0000000000000000        0.0000000000000000     
          50           0   0.0000000000000000        0.0000000000000000     
          55           0   0.0000000000000000        0.0000000000000000     
          60           0   0.0000000000000000        0.0000000000000000     
          65           0   0.0000000000000000        0.0000000000000000     
          70           0   0.0000000000000000        0.0000000000000000     
          75           0   0.0000000000000000        0.0000000000000000     
          80           0   0.0000000000000000        0.0000000000000000     
          85           0   0.0000000000000000        0.0000000000000000     
          90           0   0.0000000000000000        0.0000000000000000     
          95           0   0.0000000000000000        0.0000000000000000     
           0           1 -0.19254422421134329      -3.22033949677093256E-002
           5           1 -0.26093691475277681       0.22144843764674432     
          10           1  -1.5578055512312228      -0.79529805940259024     
          15           1 -0.28319026044831830       7.36034168002247524E-002
          20           1 -0.15160385131218757      -0.45491654573539403     
          25           1 -0.47507172801164455       5.54022149369323702E-002
          30           1 -0.55202856503733244      -1.21101966019457330E-002
          35           1 -0.14196055675652630       8.83057580586266155E-002
          40           1  0.14776334714361461      -0.27300908445966954     
          45           1 -0.28925363851128871       3.69761212081799739E-002
          50           1 -0.29645595195249008      -5.62627733940827823E-002
          55           1 -0.30959416618125957      -5.49471304106888270E-002
          60           1 -0.37408635327085271      -0.16011893241987124     
          65           1 -0.14029639944346251       0.13311140756092771     
          70           1 -0.18721679185706996      -3.31897131982186733E-002
          75           1 -0.47099906065328767       0.34259830479423103     
          80           1  9.70724413773549344E-002  4.13898275163776530E-003
          85           1 -0.49547386131165716       0.11786356773247839     
          90           1 -0.40900254617226572      -0.19220247800051660     
          95           1 -0.14080170893326915      -0.64166650733461084     
           0           2 -0.79456523362564535       1.58084841349326322E-003
           5           2 -0.54336609972505112       9.98627590816092425E-002
          10           2 -0.76899261111110229      -7.62191319175070658E-002
          15           2 -0.39556545920582664       0.40485375176396721     
          20           2 -0.72377298313996974      -6.39593528515419729E-002
          25           2 -0.59717335163522733       4.44533170301797398E-003
          30           2 -0.53392587535838754      -0.38721533374690142     
          35           2 -0.69419417680793849       0.30702419222670974     
          40           2 -0.38195919166150727      -6.52978430152814648E-002
          45           2 -0.43502034355935582      -9.82726576758546910E-002
          50           2 -0.32407606781803544       0.23591693287861037     
          55           2 -0.49267789867024625       4.63988645423712986E-002
          60           2 -0.99075337640419647      -0.44646404908636750     
          65           2 -0.65866252258239832      -0.42764384712304371     
          70           2 -0.44331239354655771       0.53315842804282920     
          75           2  -1.0022926395503173       0.10154694705288153     
          80           2 -6.12635277730255723E-002  0.21171788665081542     
          85           2 -0.71508149950494371       0.16393334771564599     
          90           2 -0.28720873808452119      -0.38640055406352625     
          95           2 -0.70958810267085504      -0.49840556454162910     
           0           3 -0.78043513165447498       0.20960256931136512     
           5           3 -0.28901991208120370      -0.31692105821594374     
          10           3  -1.5849782425836345       0.27988473557755134     
          15           3 -0.66008814503581981      -0.11088575159794167     
          20           3  -1.6296019600342548       0.42931927553266358     
          25           3 -0.89436354528682482       0.15383728075725467     
          30           3 -0.47567790785907338      -5.36962853395217543E-002
          35           3 -0.96403962706881341       0.31211366532321594     
          40           3 -0.76950747705473166      -0.45412220092320987     
          45           3  -1.7426161312905641      -0.59070375223041482     
          50           3 -0.71305638052243658       0.24089947319845539     
          55           3  -1.7147316399435120       0.38452570895262939     
          60           3 -0.76988485019024999       1.50893120339640197E-002
          65           3 -0.88629021724351276      -5.05494910035819700E-002
          70           3 -0.87630508851410660       1.48799999599713573E-003
          75           3  -1.9084097102006758      -0.13064122116490662     
          80           3  -1.7225185271818599       0.14663943513328059     
          85           3  -1.9074255643247717       0.45489553400585025     
          90           3  -1.5404849489375483      -0.28296662491468505     
          95           3  -1.3214065240751971      -0.31259620689894074     
           0           4  -1.3749448997354106      -0.18877951517497216     
           5           4  -1.0951809495952229      -8.23961736218931096E-002
          10           4  -2.1204278823215574       0.56292542191471728     
          15           4  -1.0778449881504448       0.38559354234003751     
          20           4 -0.87964427326281402      -0.45421570968741387     
          25           4  -2.1517114873115251      -0.16328900473872032     
          30           4  -1.1736440285253780       7.19652283109190050E-002
          35           4  -1.2558079282504186      -3.16391869551596594E-002
          40           4  -2.0485692734362182      -2.28127520342930046E-002
          45           4  -1.2035873673982289      -0.22934275566960372     
          50           4  -2.1948064265076006      -0.15752194181983814     
          55           4  -1.1154969528726077      -5.93984603384362098E-002
          60           4  -1.8504660959961505       0.59005139814632956     
          65           4 -0.93957008033607181      -0.20521743192884745     
          70           4  -2.1950483831290057      -0.19328616108128804     
          75           4  -1.3312807043752706       0.42452026941225407     
          80           4  -1.7592204615213269       0.15858248605629677     
          85           4  -1.1268578517775740      -8.31543141247698125E-002
          90           4   0.0000000000000000        0.0000000000000000     
          95           4   0.0000000000000000        0.0000000000000000     
           0           5  -1.4141083071821969       0.13765484896087476     
           5           5  -2.3393152498665803      -8.97785192416344913E-002
          10           5  -1.1257052872663820      -0.10422979621393935     
          15           5  -1.2636271458080217      -0.35526911665861860     
          20           5  -2.6942485891334744       0.25404150330352038     
          25           5  -1.5544279066598277       0.16006628989394256     
          30           5  -1.3608654230740092       8.78847557082840236E-003
          35           5  -1.3299973847719082      -0.10615914297858187     
          40           5  -1.2459906857059666      -0.24364211110565470     
          45           5  -1.6329892418048830       0.16512432823502510     
          50           5  -1.5675716048735300       0.29601282152007247     
          55           5  -1.1651945344581804       0.14423168906839423     
          60           5  -1.5520130414936606      -0.12293502460451744     
          65           5  -1.3249701772932720       2.29625631462809787E-002
          70           5  -1.5272552813316853       3.83197210488545048E-002
          75           5   0.0000000000000000        0.0000000000000000     
          80           5  -1.6120678592834725       0.18343087887943976     
          85           5  -1.7969875147161307       0.23054297285086955     
          90           5  -1.6415737236241679       0.34987452164562949     
          95           5  -1.1544097962457034       2.88152986064466043E-002
           0           6  -1.6781122794729246      -9.47729269423075449E-002
           5           6  -1.6297730441813123      -0.16720132620731687     
          10           6  -3.7681836638339679      -0.37798006399539230     
          15           6  -2.5745565317863983       0.48626896747366866     
          20           6  -1.7370416015660695      -0.29654465823383824     
          25           6  -1.8457878083649737      -0.10716443719541169     
          30           6  -2.9453360745645973       0.22064546042400990     
          35           6  -1.3461313301826872       0.27266244637932924     
          40           6  -2.0210273345105945      -0.40390603846487960     
          45           6   0.0000000000000000        0.0000000000000000     
          50           6  -1.4720519527100517       0.24400573331209707     
          55           6  -1.8428109760171285      -0.33838311147324496     
          60           6  -1.1804164448114829      -0.11198228004730137     
          65           6   0.0000000000000000        0.0000000000000000     
          70           6  -3.1326559329003523      -0.12271043833583795     
          75           6  -1.3491910228602411      -0.12198423869839992     
          80           6  -1.6264863965254062       0.32118799418293098     
          85           6   0.0000000000000000        0.0000000000000000     
          90           6  -1.5499895016712895      -0.24732024505355610     
          95           6  -2.4052485772352306      -0.63954191383365500     
           0           7  -1.6889597497137583       0.31966755583409667     
           5           7  -1.4787747684479740      -0.19498276519466784     
          10           7  -1.8988966894313564      -0.34622645595866475     
          15           7  -1.5854589949593212       0.28863558700117919     
          20           7  -1.5762789277884437      -2.84139618021705953E-002
          25           7  -1.7843541624146253       0.33068978990233311     
          30           7  -1.5763960208942107      -8.48438118496164240E-002
          35           7  -1.5517752107679916       7.25308127370871691E-002
          40           7  -1.7856240102021026       5.00914684134490251E-002
          45           7   0.0000000000000000        0.0000000000000000     
          50           7  -1.8242571919946382      -0.28686490293375333     
          55           7  -1.7297462962229115       6.10790526102411580E-002
          60           7   0.0000000000000000        0.0000000000000000     
          65           7  -3.6014246454241228       0.16754788921144459     
          70           7   0.0000000000000000        0.0000000000000000     
          75           7  -1.5438319815397339      -2.86960630231647418E-002
          80           7  -1.7456160222195649       0.13130099631872283     
          85           7  -1.9768588873392279      -0.18624171155695590     
          90           7  -2.1530129803670750      -6.92229984249059793E-002
          95           7  -1.9563897322838475      -0.10356404422637300     
           0           8  -1.8875780462757930      -0.39875846117795599     
           5           8  -2.1345278282925566      -0.22077988972510343     
          10           8  -2.4441991252700799      -7.25186246795794798E-002
          15           8  -1.8481715039031510      -5.50311516160639780E-002
          20           8  -1.7063887304263892       0.12145418869638491     
          25           8  -1.7886145420981103      -2.29746769632444003E-002
          30           8  -2.2250047232436065      -2.39416480736498460E-002
          35           8  -1.7469117991680827       8.83564269883729825E-002
          40           8   0.0000000000000000        0.0000000000000000     
          45           8  -2.1663820384881793      -0.40210442448437855     
          50           8  -2.0024586618150320       0.12367534410182013     
          55           8  -1.9034775902915246      -0.26449962849131592     
          60           8  -2.2309376934470659      -0.23056329407050713     
          65           8   0.0000000000000000        0.0000000000000000     
          70           8  -2.1142546855490441      -7.83347589954075385E-002
          75           8  -1.8277622267370841      -2.39627276286957791E-002
          80           8  -1.7327211735018722       0.28388646817617547     
          85           8  -2.2667914840968084      -0.11042742058695043     
          90           8  -2.0369393072716679       5.21809329610822825E-002
          95           8  -2.0100123947008885       0.21578934816426920     
           0           9   0.0000000000000000        0.0000000000000000     
           5           9   0.0000000000000000        0.0000000000000000     
          10           9  -2.5198802987731748      -0.15771626871566302     
          15           9  -2.0162307974513904       0.33504891608790444     
          20           9   0.0000000000000000        0.0000000000000000     
          25           9  -4.1817346166261871       0.12093274800506482     
          30           9   0.0000000000000000        0.0000000000000000     
          35           9   0.0000000000000000        0.0000000000000000     
          40           9   0.0000000000000000        0.0000000000000000     
          45           9  -2.3600467587286955       0.30694976282760744     
          50           9  -2.1176394934141474      -0.12579018940320208     
          55           9  -2.1717221274875076      -0.12259033751418902     
          60           9  -1.9581356783548998      -0.49305309033617628     
          65           9  -4.5411738871536933      -0.48542394957218349     
          70           9   0.0000000000000000        0.0000000000000000     
          75           9   0.0000000000000000        0.0000000000000000     
          80           9  -2.6072463572190951       0.13303172998010981     
          85           9   0.0000000000000000        0.0000000000000000     
          90           9   0.0000000000000000        0.0000000000000000     
          95           9  -2.5949736606356577      -0.34437555547786602     
           0          10   0.0000000000000000        0.0000000000000000     
           5          10   0.0000000000000000        0.0000000000000000     
          10          10   0.0000000000000000        0.0000000000000000     
          15          10  -2.0089372409060058       0.33176232781942372     
          20          10   0.0000000000000000        0.0000000000000000     
          25          10   0.0000000000000000        0.0000000000000000     
          30          10   0.0000000000000000        0.0000000000000000     
          35          10  -2.4299012138079279       0.49440979655576700     
          40          10   0.0000000000000000        0.0000000000000000     
          45          10   0.0000000000000000        0.0000000000000000     
          50          10  -2.3863285289993375       3.98190604446180263E-002
          55          10  -2.2005351159115616      -9.22529137849237291E-002
          60          10  -2.3532026138617379      -0.23779420694744480     
          65          10   0.0000000000000000        0.0000000000000000     
          70          10   0.0000000000000000        0.0000000000000000     
          75          10   0.0000000000000000        0.0000000000000000     
          80          10  -2.8451753242031419      -0.30037532770518793     
          85          10   0.0000000000000000        0.0000000000000000     
          90          10   0.0000000000000000        0.0000000000000000     
          95          10   0.0000000000000000        0.0000000000000000     
           0          11   0.0000000000000000        0.0000000000000000     
           5          11   0.0000000000000000        0.0000000000000000     
          10          11   0.0000000000000000        0.0000000000000000     
          15          11   0.0000000000000000        0.0000000000000000     
          20          11   0.0000000000000000        0.0000000000000000     
          25          11   0.0000000000000000        0.0000000000000000     
          30          11   0.0000000000000000        0.0000000000000000     
          35          11   0.0000000000000000        0.0000000000000000     
          40          11   0.0000000000000000        0.0000000000000000     
          45          11   0.0000000000000000        0.0000000000000000     
          50          11   0.0000000000000000        0.0000000000000000     
          55          11   0.0000000000000000        0.0000000000000000     
          60          11   0.0000000000000000        0.0000000000000000     
          65          11   0.0000000000000000        0.0000000000000000     
          70          11   0.0000000000000000        0.0000000000000000     
          75          11   0.0000000000000000        0.0000000000000000     
          80          11   0.0000000000000000        0.0000000000000000     
          85          11   0.0000000000000000        0.0000000000000000     
          90          11  -2.7756114239207985      -0.22044708699500704     
          95          11   0.0000000000000000        0.0000000000000000     
           0          12   0.0000000000000000        0.0000000000000000     
           5          12   0.0000000000000000        0.0000000000000000     
          10          12   0.0000000000000000        0.0000000000000000     
          15          12   0.0000000000000000        0.0000000000000000     
          20          12   0.0000000000000000        0.0000000000000000     
          25          12   0.0000000000000000        0.0000000000000000     
          30          12   0.0000000000000000        0.0000000000000000     
          35          12   0.0000000000000000        0.0000000000000000     
          40          12   0.0000000000000000        0.0000000000000000     
          45          12   0.0000000000000000        0.0000000000000000     
          50          12   0.0000000000000000        0.0000000000000000     
          55          12   0.0000000000000000        0.0000000000000000     
          60          12  -2.8051690667674212      -1.07771231222519859E-002
          65          12   0.0000000000000000        0.0000000000000000     
          70          12   0.0000000000000000        0.0000000000000000     
          75          12   0.0000000000000000        0.0000000000000000     
          80          12   0.0000000000000000        0.0000000000000000     
          85          12   0.0000000000000000        0.0000000000000000     
          90          12   0.0000000000000000        0.0000000000000000     
          95          12   0.0000000000000000        0.0000000000000000     
           0          13   0.0000000000000000        0.0000000000000000     
           5          13   0.0000000000000000        0.0000000000000000     
          10          13   0.0000000000000000        0.0000000000000000     
          15          13   0.0000000000000000        0.0000000000000000     
          20          13   0.0000000000000000        0.0000000000000000     
          25          13   0.0000000000000000        0.0000000000000000     
          30          13   0.0000000000000000        0.0000000000000000     
          35          13   0.0000000000000000        0.0000000000000000     
          40          13   0.0000000000000000        0.0000000000000000     
          45          13   0.0000000000000000        0.0000000000000000     
          50          13   0.0000000000000000        0.0000000000000000     
          55          13   0.0000000000000000        0.0000000000000000     
          60          13   0.0000000000000000        0.0000000000000000     
          65          13   0.0000000000000000        0.0000000000000000     
          70          13   0.0000000000000000        0.0000000000000000     
          75          13   0.0000000000000000        0.0000000000000000     
          80          13   0.0000000000000000        0.0000000000000000     
          85          13   0.0000000000000000        0.0000000000000000     
          90          13   0.0000000000000000        0.0000000000000000     
          95          13   0.0000000000000000        0.0000000000000000     
           0          14   0.0000000000000000        0.0000000000000000     
           5          14   0.0000000000000000        0.0000000000000000     
          10          14   0.0000000000000000        0.0000000000000000     
          15          14   0.0000000000000000        0.0000000000000000     
          20          14   0.0000000000000000        0.0000000000000000     
          25          14   0.0000000000000000        0.0000000000000000     
          30          14   0.0000000000000000        0.0000000000000000     
          35          14   0.0000000000000000        0.0000000000000000     
          40          14   0.0000000000000000        0.0000000000000000     
          45          14   0.0000000000000000        0.0000000000000000     
          50          14   0.0000000000000000        0.0000000000000000     
          55          14   0.0000000000000000        0.0000000000000000     
          60          14   0.0000000000000000        0.0000000000000000     
          65          14   0.0000000000000000        0.0000000000000000     
          70          14   0.0000000000000000        0.0000000000000000     
          75          14   0.0000000000000000        0.0000000000000000     
          80          14   0.0000000000000000        0.0000000000000000     
          85          14   0.0000000000000000        0.0000000000000000     
          90          14   0.0000000000000000        0.0000000000000000     
          95          14   0.0000000000000000        0.0000000000000000     
           0          15   0.0000000000000000        0.0000000000000000     
           5          15   0.0000000000000000        0.0000000000000000     
          10          15   0.0000000000000000        0.0000000000000000     
          15          15   0.0000000000000000        0.0000000000000000     
          20          15   0.0000000000000000        0.0000000000000000     
          25          15   0.0000000000000000        0.0000000000000000     
          30          15   0.0000000000000000        0.0000000000000000     
          35          15   0.0000000000000000        0.0000000000000000     
          40          15   0.0000000000000000        0.0000000000000000     
          45          15   0.0000000000000000        0.0000000000000000     
          50          15   0.0000000000000000        0.0000000000000000     
          55          15   0.0000000000000000        0.0000000000000000     
          60          15   0.0000000000000000        0.0000000000000000     
          65          15   0.0000000000000000        0.0000000000000000     
          70          15   0.0000000000000000        0.0000000000000000     
          75          15   0.0000000000000000        0.0000000000000000     
          80          15   0.0000000000000000        0.0000000000000000     
          85          15   0.0000000000000000        0.0000000000000000     
          90          15   0.0000000000000000        0.0000000000000000     
          95          15   0.0000000000000000        0.0000000000000000     
           0          16   0.0000000000000000        0.0000000000000000     
           5          16   0.0000000000000000        0.0000000000000000     
          10          16   0.0000000000000000        0.0000000000000000     
          15          16   0.0000000000000000        0.0000000000000000     
          20          16   0.0000000000000000        0.0000000000000000     
          25          16   0.0000000000000000        0.0000000000000000     
          30          16   0.0000000000000000        0.0000000000000000     
          35          16   0.0000000000000000        0.0000000000000000     
          40          16   0.0000000000000000        0.0000000000000000     
          45          16   0.0000000000000000        0.0000000000000000     
          50          16   0.0000000000000000        0.0000000000000000     
          55          16   0.0000000000000000        0.0000000000000000     
          60          16   0.0000000000000000        0.0000000000000000     
          65          16   0.0000000000000000        0.0000000000000000     
          70          16   0.0000000000000000        0.0000000000000000     
          75          16   0.0000000000000000        0.0000000000000000     
          80          16   0.0000000000000000        0.0000000000000000     
          85          16   0.0000000000000000        0.0000000000000000     
          90          16   0.0000000000000000        0.0000000000000000     
          95          16   0.0000000000000000        0.0000000000000000     
