           0           0   0.0000000000000000        0.0000000000000000     
           5           0   0.0000000000000000        0.0000000000000000     
          10           0   0.0000000000000000        0.0000000000000000     
          15           0   0.0000000000000000        0.0000000000000000     
          20           0   0.0000000000000000        0.0000000000000000     
          25           0   0.0000000000000000        0.0000000000000000     
          30           0   0.0000000000000000        0.0000000000000000     
          35           0   0.0000000000000000        0.0000000000000000     
          40           0   0.0000000000000000        0.0000000000000000     
          45           0   0.0000000000000000        0.0000000000000000     
          50           0   0.0000000000000000        0.0000000000000000     
          55           0   0.0000000000000000        0.0000000000000000     
          60           0   0.0000000000000000        0.0000000000000000     
          65           0   0.0000000000000000        0.0000000000000000     
          70           0   0.0000000000000000        0.0000000000000000     
          75           0   0.0000000000000000        0.0000000000000000     
          80           0   0.0000000000000000        0.0000000000000000     
          85           0   0.0000000000000000        0.0000000000000000     
          90           0   0.0000000000000000        0.0000000000000000     
          95           0   0.0000000000000000        0.0000000000000000     
           0           1  -8.1444641849837129E-002  -3.5108405816997035E-002
           5           1  -7.8489780106494322E-002   7.3842225463138789E-002
          10           1  -8.8432442835184588E-002  -3.7131609463836313E-002
          15           1  -8.0322844029367957E-002   7.2197711681321053E-002
          20           1  -8.8539572598023142E-002  -3.9054568089502695E-002
          25           1  -7.8524755942055435E-002   6.9179968945620729E-002
          30           1  -8.7247722770911196E-002  -3.7747248496922126E-002
          35           1  -7.9042976004473076E-002   6.4871947679234765E-002
          40           1  -8.5848445898761838E-002  -3.7275246975720933E-002
          45           1  -7.6853201953497319E-002   5.7715742010078230E-002
          50           1  -8.1378628742356796E-002  -3.5524546538878710E-002
          55           1  -7.3826461779447072E-002   5.9590694919675613E-002
          60           1  -8.1207538862315687E-002  -3.5173593460058328E-002
          65           1  -7.5206440328656754E-002   6.3656287303537340E-002
          70           1  -8.3273775786096849E-002  -3.6668720605481653E-002
          75           1  -7.6640063113586621E-002   7.0060250054737594E-002
          80           1  -8.5563089697870964E-002  -3.8211429637113881E-002
          85           1  -7.6163733098155717E-002   7.6844298660949661E-002
          90           1  -8.1994350864533772E-002  -3.8190718065767015E-002
          95           1  -7.3783955940598389E-002   7.4076136651335389E-002
           0           2  -5.4060030421076988E-002   9.3362943376362750E-002
           5           2  -6.3894600454972306E-002   8.7195291553765486E-002
          10           2  -5.7806605999743965E-002   9.4604705571654790E-002
          15           2  -6.4625262066186906E-002   8.2936849699066784E-002
          20           2  -6.0212430472716960E-002   8.7767864480614577E-002
          25           2  -6.5434108869055763E-002   8.0433686733272225E-002
          30           2  -6.1018496619880125E-002   8.3521293825494780E-002
          35           2  -6.5008453482562345E-002   7.4094384767686705E-002
          40           2  -6.1668206114973145E-002   7.5252569178285711E-002
          45           2  -6.6198141013273926E-002   6.6251068271405700E-002
          50           2  -6.0611395937826273E-002   7.3083954079677937E-002
          55           2  -6.3230615978682181E-002   6.8333653762131519E-002
          60           2  -5.9188686449829220E-002   7.6175203544970316E-002
          65           2  -6.3211468770418833E-002   7.4147671169644269E-002
          70           2  -5.7898926186794597E-002   8.3566117736744161E-002
          75           2  -6.3086511801202505E-002   8.2826990508433340E-002
          80           2  -5.6796508403067492E-002   9.4358041551334537E-002
          85           2  -6.0681918654381661E-002   9.0721168692908805E-002
          90           2  -4.9004231215121763E-002   9.7312443820829486E-002
          95           2  -6.0316453414088755E-002   8.8557439550385197E-002
           0           3  -5.5754574722899353E-002   9.9205285870596072E-002
           5           3  -5.4633704218431944E-002   9.8672619339712497E-002
          10           3  -5.5092282318369712E-002   9.5439134537578241E-002
          15           3  -5.2343635692508883E-002   9.5121767340611285E-002
          20           3  -5.6866057001059289E-002   8.9936708191906689E-002
          25           3  -5.6575930429403343E-002   9.0416384903591052E-002
          30           3  -5.9352487671304743E-002   8.5638331464021888E-002
          35           3  -5.6553720106933270E-002   8.3688110403823401E-002
          40           3  -5.9173397772838143E-002   7.7829475975121909E-002
          45           3  -5.7714095156313761E-002   7.4365041224933037E-002
          50           3  -5.9617623051622104E-002   7.4196120380953801E-002
          55           3  -5.6864761610597725E-002   7.6009564937695728E-002
          60           3  -5.8645836737980517E-002   7.7756194136746615E-002
          65           3  -5.6655218187984246E-002   8.2480227019399166E-002
          70           3  -5.8609816875332399E-002   8.6927672637848730E-002
          75           3  -5.5927687938606141E-002   9.3142590733563679E-002
          80           3  -5.8003858427468913E-002   9.8210243180130163E-002
          85           3  -5.2729586244026905E-002  0.10149726149100147     
          90           3  -4.9578836183172825E-002  0.10221709028757076     
          95           3  -4.9494713678654989E-002  0.10189949433803136     
           0           4  -9.0665095675568352E-002  0.21650153239072267     
           5           4  -9.3066589057499982E-002  0.21449902572356905     
          10           4  -9.1811252662665765E-002  0.20833278316700898     
          15           4  -9.0714725295981680E-002  0.20387013789591180     
          20           4  -9.3476538047809754E-002  0.19755687858946658     
          25           4  -9.8512572215270211E-002  0.19386488718353689     
          30           4  -9.8937792483155818E-002  0.18621934235074633     
          35           4  -9.8132844783549444E-002  0.17933000298953061     
          40           4  -9.8073383227870181E-002  0.16887649552987938     
          45           4 -0.10389746186945104       0.15886756210115038     
          50           4 -0.10639207239648840       0.15994869003943535     
          55           4 -0.10481817138696670       0.16260527206490849     
          60           4 -0.10435379948603440       0.16796294071141915     
          65           4 -0.10435908777139957       0.17818525821056141     
          70           4 -0.10332899869069934       0.18953829507228903     
          75           4 -0.10038491240038638       0.20334809190281078     
          80           4  -9.6721571409830176E-002  0.21439990916416463     
          85           4  -8.8140983365292414E-002  0.22233213295308474     
          90           4  -8.0243850035799369E-002  0.22459095069926605     
          95           4  -8.0473179338014234E-002  0.22278559685506849     
           0           5  -3.7342143421326135E-002  0.11634717772324166     
           5           5  -3.8622605917915109E-002  0.11476774537833023     
          10           5  -3.8185588531192138E-002  0.11133661046880405     
          15           5  -3.7615219978803793E-002  0.10763787837042571     
          20           5  -3.8220695302015883E-002  0.10660071899870616     
          25           5  -4.0498930253818344E-002  0.10215209047093055     
          30           5  -4.1237801884363989E-002   9.8974906568294330E-002
          35           5  -4.0928487621272325E-002   9.4598947613100393E-002
          40           5  -4.0867081665396654E-002   8.9620640078003078E-002
          45           5  -4.7481945131266912E-002   8.3835117652419910E-002
          50           5  -4.7909901965681456E-002   8.4767771459937080E-002
          55           5  -4.7921462034139495E-002   8.6050659806602425E-002
          60           5  -4.7438347898776101E-002   8.9265162288576505E-002
          65           5  -4.7174274655503723E-002   9.4488738957565488E-002
          70           5  -4.6249260918784785E-002  0.10125327192245237     
          75           5  -4.3813183125962496E-002  0.10844977863744276     
          80           5  -4.0259632285710722E-002  0.11422678725114821     
          85           5  -3.5957707069655953E-002  0.11975181197776408     
          90           5  -3.2886198084725038E-002  0.12113814991998595     
          95           5  -3.2291560287944776E-002  0.11885725069049613     
           0           6  -3.2005281897506954E-002  0.12058781122092910     
           5           6  -3.3501963629944953E-002  0.11894953152236099     
          10           6  -3.2503029867569921E-002  0.11565621568898621     
          15           6  -3.2400613543259738E-002  0.11140484733829226     
          20           6  -3.2718025462230571E-002  0.11047542360920204     
          25           6  -3.3856711567636921E-002  0.10558107423452867     
          30           6  -3.6493110240343185E-002  0.10223019768496044     
          35           6  -3.6076064588996815E-002   9.7804631815634480E-002
          40           6  -3.6413601520735028E-002   9.2462399283732566E-002
          45           6  -4.0187974583716368E-002   8.7940605655312254E-002
          50           6  -4.4755223136405675E-002   8.7864765720979676E-002
          55           6  -4.5524166978339053E-002   8.8480010176361645E-002
          60           6  -4.5111664377373017E-002   9.1404553148599632E-002
          65           6  -4.4601160524848638E-002   9.6775742211008264E-002
          70           6  -4.3343554949615282E-002  0.10350861948893453     
          75           6  -4.0481045999740672E-002  0.11077133620585045     
          80           6  -3.6507364171711743E-002  0.11666666729581721     
          85           6  -3.2303926147392303E-002  0.12319953250017335     
          90           6  -2.8621051626487315E-002  0.12555144264680962     
          95           6  -2.7421026160823203E-002  0.12323249571455364     
           0           7  -2.8575433183575250E-002  0.12487410966599555     
           5           7  -2.8418846365063644E-002  0.12140861389120516     
          10           7  -2.7577451300331290E-002  0.11888750767852230     
          15           7  -2.8504008717789020E-002  0.11338838627139580     
          20           7  -2.7840441898518975E-002  0.11271513112642850     
          25           7  -3.0216346971201347E-002  0.10736841430158961     
          30           7  -3.2440740369565901E-002  0.10400580376934698     
          35           7  -3.1836490386183414E-002   9.9171512295548325E-002
          40           7  -3.2680063846157736E-002   9.3953375706057329E-002
          45           7  -3.9671902420934657E-002   9.0658340412552718E-002
          50           7  -4.2619847491209839E-002   9.0068309797075585E-002
          55           7  -4.3605591990569792E-002   9.0681691018446031E-002
          60           7  -4.3279903998438840E-002   9.3987850764420955E-002
          65           7  -4.2521811494111716E-002   9.9607001047274935E-002
          70           7  -4.0838690793520982E-002  0.10648752402087069     
          75           7  -3.7136545856242265E-002  0.11337479454365251     
          80           7  -3.3097929232894785E-002  0.11927568380087905     
          85           7  -2.8874152420144128E-002  0.12656376100039779     
          90           7  -2.4291239881790716E-002  0.12846118846443488     
          95           7  -2.3380690308272278E-002  0.12643155599345590     
           0           8  -2.5170941547469905E-002  0.12770837391151701     
           5           8  -2.3544131591002326E-002  0.12448275087173499     
          10           8  -2.4614729481342579E-002  0.12083924937122958     
          15           8  -2.4760459433892379E-002  0.11565437338489915     
          20           8  -2.5199242159601454E-002  0.11413148725658573     
          25           8  -2.5628119093568102E-002  0.10975205447572023     
          30           8  -2.9467106443803459E-002  0.10578391977489332     
          35           8  -2.8659339363912295E-002  0.10108979430434317     
          40           8  -2.9585211578364579E-002   9.6179683826136397E-002
          45           8  -3.5622824228198624E-002   9.1642030284333487E-002
          50           8  -4.0954656874703232E-002   9.1728874247465342E-002
          55           8  -4.2166950215971610E-002   9.1971899474074803E-002
          60           8  -4.2148290937404909E-002   9.4995009067844194E-002
          65           8  -4.1572744535756101E-002  0.10040510412423487     
          70           8  -3.9699097342804635E-002  0.10734878440388229     
          75           8  -3.5510567926166914E-002  0.11381112107855529     
          80           8  -3.1663005515270015E-002  0.11979362391834059     
          85           8  -2.7871566459225505E-002  0.12732570721318837     
          90           8  -2.1632012519035015E-002  0.13041003039226950     
          95           8  -1.9666267334628174E-002  0.12834527799654438     
           0           9  -2.3468014366812007E-002  0.12863379342142878     
           5           9  -2.0977656132181721E-002  0.12520997990428384     
          10           9  -2.1967714021187135E-002  0.12183721072034359     
          15           9  -2.3257852745928176E-002  0.11637816949239266     
          20           9  -2.2945851565481235E-002  0.11439749984631931     
          25           9  -2.4027166816154022E-002  0.11050714134874795     
          30           9  -2.7371007060850161E-002  0.10603400633080184     
          35           9  -2.6741572050070772E-002  0.10124480740003605     
          40           9  -2.8521010726478835E-002   9.7108642052035066E-002
          45           9  -3.6031032664141094E-002   9.3835190275726177E-002
          50           9  -4.0095486610880471E-002   9.2494970092005246E-002
          55           9  -4.1572455664606878E-002   9.2833581355478145E-002
          60           9  -4.1825081105173467E-002   9.6262400228752654E-002
          65           9  -4.1392065881495910E-002  0.10176052939847580     
          70           9  -3.9352466387754248E-002  0.10877310021584208     
          75           9  -3.4380684326151822E-002  0.11480548283593350     
          80           9  -3.1087210885516470E-002  0.12096347660417450     
          85           9  -2.7077611264303414E-002  0.12860646015688815     
          90           9  -1.9184994286547408E-002  0.13082942955655597     
          95           9  -1.8440593123614235E-002  0.12975723927333149     
           0          10   0.0000000000000000        0.0000000000000000     
           5          10   0.0000000000000000        0.0000000000000000     
          10          10   0.0000000000000000        0.0000000000000000     
          15          10   0.0000000000000000        0.0000000000000000     
          20          10   0.0000000000000000        0.0000000000000000     
          25          10   0.0000000000000000        0.0000000000000000     
          30          10   0.0000000000000000        0.0000000000000000     
          35          10   0.0000000000000000        0.0000000000000000     
          40          10   0.0000000000000000        0.0000000000000000     
          45          10   0.0000000000000000        0.0000000000000000     
          50          10   0.0000000000000000        0.0000000000000000     
          55          10   0.0000000000000000        0.0000000000000000     
          60          10   0.0000000000000000        0.0000000000000000     
          65          10   0.0000000000000000        0.0000000000000000     
          70          10   0.0000000000000000        0.0000000000000000     
          75          10   0.0000000000000000        0.0000000000000000     
          80          10   0.0000000000000000        0.0000000000000000     
          85          10   0.0000000000000000        0.0000000000000000     
          90          10   0.0000000000000000        0.0000000000000000     
          95          10   0.0000000000000000        0.0000000000000000     
           0          11   0.0000000000000000        0.0000000000000000     
           5          11   0.0000000000000000        0.0000000000000000     
          10          11   0.0000000000000000        0.0000000000000000     
          15          11   0.0000000000000000        0.0000000000000000     
          20          11   0.0000000000000000        0.0000000000000000     
          25          11   0.0000000000000000        0.0000000000000000     
          30          11   0.0000000000000000        0.0000000000000000     
          35          11   0.0000000000000000        0.0000000000000000     
          40          11   0.0000000000000000        0.0000000000000000     
          45          11   0.0000000000000000        0.0000000000000000     
          50          11   0.0000000000000000        0.0000000000000000     
          55          11   0.0000000000000000        0.0000000000000000     
          60          11   0.0000000000000000        0.0000000000000000     
          65          11   0.0000000000000000        0.0000000000000000     
          70          11   0.0000000000000000        0.0000000000000000     
          75          11   0.0000000000000000        0.0000000000000000     
          80          11   0.0000000000000000        0.0000000000000000     
          85          11   0.0000000000000000        0.0000000000000000     
          90          11   0.0000000000000000        0.0000000000000000     
          95          11   0.0000000000000000        0.0000000000000000     
           0          12   0.0000000000000000        0.0000000000000000     
           5          12   0.0000000000000000        0.0000000000000000     
          10          12   0.0000000000000000        0.0000000000000000     
          15          12   0.0000000000000000        0.0000000000000000     
          20          12   0.0000000000000000        0.0000000000000000     
          25          12   0.0000000000000000        0.0000000000000000     
          30          12   0.0000000000000000        0.0000000000000000     
          35          12   0.0000000000000000        0.0000000000000000     
          40          12   0.0000000000000000        0.0000000000000000     
          45          12   0.0000000000000000        0.0000000000000000     
          50          12   0.0000000000000000        0.0000000000000000     
          55          12   0.0000000000000000        0.0000000000000000     
          60          12   0.0000000000000000        0.0000000000000000     
          65          12   0.0000000000000000        0.0000000000000000     
          70          12   0.0000000000000000        0.0000000000000000     
          75          12   0.0000000000000000        0.0000000000000000     
          80          12   0.0000000000000000        0.0000000000000000     
          85          12   0.0000000000000000        0.0000000000000000     
          90          12   0.0000000000000000        0.0000000000000000     
          95          12   0.0000000000000000        0.0000000000000000     
           0          13   0.0000000000000000        0.0000000000000000     
           5          13   0.0000000000000000        0.0000000000000000     
          10          13   0.0000000000000000        0.0000000000000000     
          15          13   0.0000000000000000        0.0000000000000000     
          20          13   0.0000000000000000        0.0000000000000000     
          25          13   0.0000000000000000        0.0000000000000000     
          30          13   0.0000000000000000        0.0000000000000000     
          35          13   0.0000000000000000        0.0000000000000000     
          40          13   0.0000000000000000        0.0000000000000000     
          45          13   0.0000000000000000        0.0000000000000000     
          50          13   0.0000000000000000        0.0000000000000000     
          55          13   0.0000000000000000        0.0000000000000000     
          60          13   0.0000000000000000        0.0000000000000000     
          65          13   0.0000000000000000        0.0000000000000000     
          70          13   0.0000000000000000        0.0000000000000000     
          75          13   0.0000000000000000        0.0000000000000000     
          80          13   0.0000000000000000        0.0000000000000000     
          85          13   0.0000000000000000        0.0000000000000000     
          90          13   0.0000000000000000        0.0000000000000000     
          95          13   0.0000000000000000        0.0000000000000000     
           0          14   0.0000000000000000        0.0000000000000000     
           5          14   0.0000000000000000        0.0000000000000000     
          10          14   0.0000000000000000        0.0000000000000000     
          15          14   0.0000000000000000        0.0000000000000000     
          20          14   0.0000000000000000        0.0000000000000000     
          25          14   0.0000000000000000        0.0000000000000000     
          30          14   0.0000000000000000        0.0000000000000000     
          35          14   0.0000000000000000        0.0000000000000000     
          40          14   0.0000000000000000        0.0000000000000000     
          45          14   0.0000000000000000        0.0000000000000000     
          50          14   0.0000000000000000        0.0000000000000000     
          55          14   0.0000000000000000        0.0000000000000000     
          60          14   0.0000000000000000        0.0000000000000000     
          65          14   0.0000000000000000        0.0000000000000000     
          70          14   0.0000000000000000        0.0000000000000000     
          75          14   0.0000000000000000        0.0000000000000000     
          80          14   0.0000000000000000        0.0000000000000000     
          85          14   0.0000000000000000        0.0000000000000000     
          90          14   0.0000000000000000        0.0000000000000000     
          95          14   0.0000000000000000        0.0000000000000000     
           0          15   0.0000000000000000        0.0000000000000000     
           5          15   0.0000000000000000        0.0000000000000000     
          10          15   0.0000000000000000        0.0000000000000000     
          15          15   0.0000000000000000        0.0000000000000000     
          20          15   0.0000000000000000        0.0000000000000000     
          25          15   0.0000000000000000        0.0000000000000000     
          30          15   0.0000000000000000        0.0000000000000000     
          35          15   0.0000000000000000        0.0000000000000000     
          40          15   0.0000000000000000        0.0000000000000000     
          45          15   0.0000000000000000        0.0000000000000000     
          50          15   0.0000000000000000        0.0000000000000000     
          55          15   0.0000000000000000        0.0000000000000000     
          60          15   0.0000000000000000        0.0000000000000000     
          65          15   0.0000000000000000        0.0000000000000000     
          70          15   0.0000000000000000        0.0000000000000000     
          75          15   0.0000000000000000        0.0000000000000000     
          80          15   0.0000000000000000        0.0000000000000000     
          85          15   0.0000000000000000        0.0000000000000000     
          90          15   0.0000000000000000        0.0000000000000000     
          95          15   0.0000000000000000        0.0000000000000000     
           0          16   0.0000000000000000        0.0000000000000000     
           5          16   0.0000000000000000        0.0000000000000000     
          10          16   0.0000000000000000        0.0000000000000000     
          15          16   0.0000000000000000        0.0000000000000000     
          20          16   0.0000000000000000        0.0000000000000000     
          25          16   0.0000000000000000        0.0000000000000000     
          30          16   0.0000000000000000        0.0000000000000000     
          35          16   0.0000000000000000        0.0000000000000000     
          40          16   0.0000000000000000        0.0000000000000000     
          45          16   0.0000000000000000        0.0000000000000000     
          50          16   0.0000000000000000        0.0000000000000000     
          55          16   0.0000000000000000        0.0000000000000000     
          60          16   0.0000000000000000        0.0000000000000000     
          65          16   0.0000000000000000        0.0000000000000000     
          70          16   0.0000000000000000        0.0000000000000000     
          75          16   0.0000000000000000        0.0000000000000000     
          80          16   0.0000000000000000        0.0000000000000000     
          85          16   0.0000000000000000        0.0000000000000000     
          90          16   0.0000000000000000        0.0000000000000000     
          95          16   0.0000000000000000        0.0000000000000000     
