           0           0   0.0000000000000000        0.0000000000000000     
           5           0   0.0000000000000000        0.0000000000000000     
          10           0   0.0000000000000000        0.0000000000000000     
          15           0   0.0000000000000000        0.0000000000000000     
          20           0   0.0000000000000000        0.0000000000000000     
          25           0   0.0000000000000000        0.0000000000000000     
          30           0   0.0000000000000000        0.0000000000000000     
          35           0   0.0000000000000000        0.0000000000000000     
          40           0   0.0000000000000000        0.0000000000000000     
          45           0   0.0000000000000000        0.0000000000000000     
          50           0   0.0000000000000000        0.0000000000000000     
          55           0   0.0000000000000000        0.0000000000000000     
          60           0   0.0000000000000000        0.0000000000000000     
          65           0   0.0000000000000000        0.0000000000000000     
          70           0   0.0000000000000000        0.0000000000000000     
          75           0   0.0000000000000000        0.0000000000000000     
          80           0   0.0000000000000000        0.0000000000000000     
          85           0   0.0000000000000000        0.0000000000000000     
          90           0   0.0000000000000000        0.0000000000000000     
          95           0   0.0000000000000000        0.0000000000000000     
           0           1  -8.9900523211850977E-002  -1.0746369521440202E-002
           5           1  -7.0299971657375449E-002   3.9523407788406850E-003
          10           1  -1.9108621347185828E-002  -4.1555273675754345E-003
          15           1  -8.2555244245163806E-002   7.3689474749775996E-002
          20           1 -0.10860445621319048       -5.7632873187388883E-002
          25           1 -0.12172073631799840        7.8521250396739600E-002
          30           1 -0.18279754496808298       -9.0714485489942071E-002
          35           1  -4.6814462189015416E-002   3.3557390513461877E-002
          40           1 -0.27065806583959073       -9.1839400690636730E-002
          45           1  -2.7336452006476719E-002   2.4590442301523213E-002
          50           1  -4.7318596273493441E-002  0.16898925316631910     
          55           1  -7.2414653118357819E-003   8.6757720706848174E-003
          60           1  -5.3651459325232409E-002   2.8183046469655582E-003
          65           1 -0.22125152626006894       0.17731738044030401     
          70           1 -0.12947179301558975       -6.1041366772145167E-003
          75           1 -0.36710941991868751       0.10363487392224882     
          80           1 -0.11593741258586476       -6.4324523492021585E-002
          85           1  -8.1182301316928829E-002   6.6533342807494761E-002
          90           1  -4.9153714848371166E-002  -3.4828805501978255E-002
          95           1  -2.7916996639953950E-002  -3.7485226643783898E-002
           0           2 -0.24924677051327063       -2.7314953902138339E-002
           5           2 -0.13230751068557534        1.0442375408085958E-002
          10           2 -0.22713839223947874       0.11797160017271158     
          15           2 -0.54257841819727037       0.11771707093304745     
          20           2 -0.33132089621773497       0.15866124869465259     
          25           2 -0.22975214269194133       -7.8275510090666800E-003
          30           2 -0.12105476121515579        3.6668143180776380E-002
          35           2 -0.22851786707023258      -0.48769450668242897     
          40           2 -0.27219582201365444       0.18637659191859252     
          45           2 -0.24634040645343802        7.1811356162493345E-002
          50           2 -0.33054232185358856       -1.4197787800186712E-002
          55           2 -0.62205618610478020      -0.37166119568898121     
          60           2 -0.27099477970082830        7.0981387909653526E-002
          65           2 -0.32666575515039042       -1.4020536831874097E-002
          70           2 -0.34203241734642731        4.7922783596582308E-002
          75           2 -0.50997919793460689        7.6115176178073729E-002
          80           2 -0.22621274615941545       -1.5701811037147073E-003
          85           2 -0.48540897587101561        7.8571780099505328E-002
          90           2 -0.25168931657160165       -3.3835166844339848E-002
          95           2 -0.17619792569423254       -4.3678629182870854E-002
           0           3 -0.22383103313119296       -6.6175170893023605E-003
           5           3 -0.65810243978968452       -9.4055810660846617E-002
          10           3 -0.25990835052919214       0.17392642853338025     
          15           3 -0.40860314437562995        4.0862313189296562E-002
          20           3 -0.40933061703718465       0.17242579980092376     
          25           3 -0.25662160120676347       -7.8741354636036043E-002
          30           3  -1.9146309865936129       0.40868397239945259     
          35           3 -0.42339936344559792      -0.13418769947953768     
          40           3 -0.56225450803026877      -0.27762064381917084     
          45           3 -0.23542746524940483        1.4198202447600339E-002
          50           3 -0.59791033362954771        2.5013989013791815E-002
          55           3 -0.40917033666487690      -0.15868622198628168     
          60           3 -0.82598792523036479       0.26112592833242576     
          65           3  -1.3684020358328830        8.0530292073596743E-002
          70           3 -0.92514059931714243       0.19197277588998973     
          75           3 -0.91158838007809884       -2.4687039707621539E-003
          80           3 -0.50809010488372941       0.30256642829139951     
          85           3 -0.29727140074764513       -1.3865839870313978E-002
          90           3 -0.52225224402624448       -6.5996291861401823E-002
          95           3 -0.62551070173166856      -0.10442719525393523     
           0           4 -0.99277419660184685        4.4845262258536023E-002
           5           4 -0.47578559623562278      -0.13481469704798577     
          10           4 -0.20403829839060750        8.7399977899624282E-002
          15           4 -0.75999832525930344        2.6022905086978132E-002
          20           4 -0.64592721148226673       0.13954043859384924     
          25           4 -0.35407624523975390       -2.0058030277061989E-002
          30           4 -0.61058463033891730        5.3236933005781917E-002
          35           4 -0.68726749091863049       0.10326994386751498     
          40           4 -0.72573665885977690      -0.14208628262075973     
          45           4 -0.74673695624083436       0.28188338983152483     
          50           4 -0.36738764690680270       0.16458297419169599     
          55           4  -1.0118989561591629      -0.23645840985242472     
          60           4 -0.85607117843222724       0.16208643071162487     
          65           4 -0.44082471917228361        7.7350261151604149E-002
          70           4 -0.66428822500741447       0.10560066866352469     
          75           4 -0.27778777678233446       -5.6855031703439973E-003
          80           4 -0.62237662536546168       0.19705966257409224     
          85           4 -0.53821258270914107        5.9015651037649941E-002
          90           4  -1.1658868161279479        1.1165085746084324E-002
          95           4 -0.41118119795457986       -4.0139583945900115E-002
           0           5 -0.50324246970966269        6.9824838263496392E-002
           5           5 -0.63339899441725023      -0.13749930562259594     
          10           5 -0.60729861461814028       -2.5651577241908585E-002
          15           5 -0.79555786342916379       -5.7391751489346832E-002
          20           5 -0.59595655220956445      -0.15925717023662633     
          25           5 -0.40590436422627274        2.4954794632034427E-002
          30           5 -0.62601445791732324        7.9256075858069597E-002
          35           5 -0.58494565213174088        3.9037847232858969E-002
          40           5  -1.4129353965841585       -1.6682087555369707E-002
          45           5 -0.64097160617337945       0.12710891928141566     
          50           5 -0.49406407694352339       0.18389096866938681     
          55           5 -0.60114879886885575      -0.12045685755142366     
          60           5 -0.47794923773714082        4.7760483699449408E-002
          65           5 -0.54201424344868521        4.7688250774599594E-002
          70           5 -0.53121668866618066       -6.2063518375607418E-002
          75           5 -0.51708524992810645       -1.2378625477149630E-002
          80           5 -0.66140057292329857      -0.19448937729427129     
          85           5 -0.62838346310489790        6.4816037438839014E-002
          90           5 -0.62831735675006328       -2.5335384896615909E-002
          95           5 -0.41958260862617891       -3.2863816082154274E-002
           0           6 -0.51728606984166936        6.5609547596212625E-002
           5           6 -0.62557373871105493       -7.4678613845996500E-002
          10           6  -1.4003559473341198      -0.10584519123814362     
          15           6 -0.85449620079836031       -1.6053297552387491E-004
          20           6 -0.76321973230653040        3.4993125356125310E-002
          25           6 -0.65163188964822982        4.8933791835237272E-003
          30           6  -1.0735161531394422       0.19703963533262980     
          35           6  -1.9129616367286051        5.7178740417301865E-002
          40           6 -0.75427415132223175        4.0114799224194586E-002
          45           6  -1.1369672278321863      -0.27775840202436120     
          50           6 -0.61295794335447518       0.12476275174214124     
          55           6 -0.59347015969546391       -3.4399247823835299E-003
          60           6 -0.49104078161166242        7.2957808451151740E-002
          65           6 -0.41524955000094010        7.9783050415949130E-002
          70           6  -1.3057987191744669      -0.50051238163720257     
          75           6 -0.22445169002849319       -5.4271361352997705E-002
          80           6 -0.88664011475225735       -7.3136731250922349E-002
          85           6 -0.64583836406617579      -0.25635505337212594     
          90           6 -0.57395459249431902       -5.4834490564731331E-002
          95           6 -0.47826716471188746       -5.1381264587896380E-002
           0           7 -0.83815832383544142        5.5311098806215542E-002
           5           7 -0.60195695817145956      -0.22976400630023153     
          10           7 -0.79235338098698760       -3.1781880501929871E-002
          15           7 -0.75412452556267162        4.7801899367566625E-002
          20           7  -1.5476282486648341        8.0894897840216862E-002
          25           7 -0.68361324392085532       -9.6796626210399195E-002
          30           7 -0.52428355279021677        9.9045272211190083E-002
          35           7 -0.64568550294574756        7.0059613580530922E-002
          40           7 -0.66170005441790192        6.7566459808487966E-002
          45           7 -0.61276952099287296      -0.13359628133396972     
          50           7 -0.67572466179832702       0.15520580987499200     
          55           7 -0.61941264808629271       -8.0287749857910207E-002
          60           7  -2.5258503746095062        7.3427281724325333E-002
          65           7  -1.2887006863659956        6.5810168392854695E-002
          70           7 -0.79137458388056636      -0.27929337463580839     
          75           7 -0.88485730991960665      -0.17468185969815586     
          80           7 -0.78885858484145643      -0.16464409159269722     
          85           7 -0.83284996541421741      -0.23558481815788568     
          90           7 -0.79812893325814649       -2.4489995243126561E-002
          95           7 -0.79778191723889336       -4.9266687550952870E-002
           0           8  -1.6403111800104146       0.10561726701441287     
           5           8  -1.0020373449146773      -0.22928102162422803     
          10           8 -0.74695102730101826        5.0162322892677302E-004
          15           8  -1.6601389121317922        1.7437616621901464E-002
          20           8 -0.78806575250472966        6.9474748983916479E-002
          25           8 -0.81582353989695378       -3.8745491196257031E-002
          30           8 -0.66323295886905331       0.17354177769129953     
          35           8 -0.63199310783523810       -9.1429610350191037E-002
          40           8 -0.64756257769360559        7.1048685329616612E-002
          45           8 -0.68879622868445178      -0.10649512728014288     
          50           8 -0.91898339636742321       0.23864089749373041     
          55           8 -0.91782450695632178      -0.12519297936428031     
          60           8 -0.97995633316472208        7.1290952746716485E-002
          65           8 -0.92001436420963145       -8.3042067233474182E-002
          70           8 -0.86307788188744183      -0.10002267693140499     
          75           8 -0.94069601468294017      -0.30062553401946635     
          80           8  -1.4847336544077105      -0.10075427242503543     
          85           8  -1.5780422840871999      -0.46995959810475219     
          90           8  -1.6515756743984422      -0.18380168397336138     
          95           8  -1.6347673868333246       -1.8455473187878324E-002
           0           9  -1.5530257133092307        3.6835781337951623E-002
           5           9 -0.76585741522645912      -0.23637779664437142     
          10           9  -1.6162525624817403       0.14955454482767916     
          15           9 -0.84887630670410497       -6.2659875073312055E-003
          20           9 -0.82815795931640013        2.6943464062345601E-002
          25           9 -0.95751408358268897        5.0192233335549785E-002
          30           9  -1.0853724824338995       0.16989318950166865     
          35           9 -0.76459309172660639       -1.4890856801508257E-002
          40           9  -1.4185099896174558        8.7181097616906289E-002
          45           9 -0.68548289569203558       -7.1911199654439706E-002
          50           9 -0.80617488124379300       0.19331564177535454     
          55           9  -1.9895853828144627      -0.22480436693936290     
          60           9 -0.94483470168160721        6.6165126014622322E-002
          65           9 -0.89769563833219657      -0.18717579140056784     
          70           9 -0.94345729901190722       -6.2429468305758018E-002
          75           9  -1.0090240883109391      -0.31907724121441050     
          80           9 -0.74228801362985486       0.12361994955412126     
          85           9 -0.86794412103907703      -0.17260663278451105     
          90           9 -0.73759894315683638        2.1213571317763025E-002
          95           9 -0.80598346680504918        7.8601972951231058E-003
           0          10 -0.93385080157004807       0.15131600066109474     
           5          10  -1.7259348350290304      -0.38909356665783879     
          10          10  -1.5890510900248844       -5.1019027640097914E-003
          15          10  -1.6930552120150710       -7.9631067929214483E-002
          20          10  -1.9362991279675557       0.26231123497227893     
          25          10 -0.96370643759835506        9.7678985788718364E-004
          30          10 -0.98739715643336723       0.16976997271461736     
          35          10  -1.0074125533615641       -1.5262129736959285E-002
          40          10  -1.0750313604807049        6.9882689830713662E-003
          45          10  -1.6667893334965100      -0.17781482058248921     
          50          10 -0.85025862664567242       0.19066509413689925     
          55          10  -1.9132739833560564      -0.26046335029034084     
          60          10 -0.90465141026285778       -4.8506928420066764E-002
          65          10 -0.89830913250543709      -0.15908045999935005     
          70          10  -1.6686201497617681       -3.8929702029649738E-002
          75          10 -0.98258466030398672      -0.16044098486989178     
          80          10 -0.88526615690143196       0.16423291241393634     
          85          10 -0.84389409958141037      -0.17415977120127657     
          90          10  -1.1174477497821744       -3.8515531582683504E-002
          95          10 -0.97151412203677623        5.0905371891951656E-002
           0          11 -0.89535544417425161       0.10502410641738402     
           5          11 -0.82661931720268145      -0.15059229566849464     
          10          11   0.0000000000000000        0.0000000000000000     
          15          11 -0.83971518122644140       -7.7647840640848731E-002
          20          11  -1.0699823843848821       0.10633805242257766     
          25          11  -1.0656372147466175       0.28601303018807589     
          30          11  -1.0115821695633187       0.12634084268367540     
          35          11  -2.0528330372127090      -0.13954884860459260     
          40          11  -1.0267079952586133        1.4047616803541940E-002
          45          11  -1.0988950108581363       -3.9982894391166202E-002
          50          11  -1.6950882063093697       0.43791628489178724     
          55          11 -0.98545889844370294      -0.12204177462726840     
          60          11 -0.85737529710971927        6.6874381383918990E-002
          65          11  -1.9694775891165861      -0.26432130573114665     
          70          11 -0.92164050365384220      -0.11678760700739588     
          75          11 -0.89524425544551534       -6.4125004273635211E-002
          80          11 -0.78117019526202647       0.28273644003595777     
          85          11  -1.9275279252306543      -0.22279005200964708     
          90          11  -1.1523998670315283       -2.4389575501299054E-002
          95          11  -1.0102228766961652        4.2321637525044586E-002
           0          12 -0.92213024122253950        6.2861354427207194E-002
           5          12 -0.78743198225955657       -1.3028140631032858E-002
          10          12 -0.92295438122252937        3.3986588603429624E-002
          15          12  -2.0364910063130903       -6.2954614175603218E-002
          20          12 -0.75190668171104535        1.5370941315456799E-002
          25          12  -1.0612615399308023        1.8086295893449122E-002
          30          12  -2.2814415738842131       0.36312456008005811     
          35          12  -1.9400949099773745       -8.5059207844545570E-002
          40          12  -1.0096493447991906        2.3921842038088226E-002
          45          12  -1.0192696870148232      -0.23412243525783305     
          50          12 -0.82625150938375747       0.18623269967710243     
          55          12  -1.0282728977983879      -0.12461104418909352     
          60          12  -2.0216861063748759        6.7425378922902901E-002
          65          12 -0.94980740077410530      -0.20052912089840724     
          70          12  -1.0376988849258861       -8.2266509792983111E-002
          75          12  -2.1551480202730566       -1.9932284451990023E-002
          80          12  -2.0216091871283481       0.11888389394809629     
          85          12  -1.0540942904679884       -6.1367712302362598E-002
          90          12  -2.0848056411504334      -0.13415903500804682     
          95          12  -2.1799587343973581       -1.9404174113890615E-002
           0          13  -2.3491202532220212      -0.12115577321086812     
           5          13  -1.0691939418100427      -0.16211346726829889     
          10          13  -2.0981748104563493       -3.6828793126830739E-002
          15          13  -1.0946816921625357        2.6273330656911842E-002
          20          13  -1.1411942866745850        4.1220579868606055E-002
          25          13  -1.1666202613330734       0.10507708110646385     
          30          13  -1.1361805715992546       0.16400246712955369     
          35          13  -1.0773608144337699       -9.0269765354866749E-002
          40          13  -1.0436933588009456        3.2465751498012008E-002
          45          13  -1.2175014596221834      -0.15634512538581502     
          50          13 -0.93237120299405341       0.18150343947948011     
          55          13 -0.94841641627096962       -1.8339196777017452E-002
          60          13 -0.96836607630379490        7.6782281202836256E-002
          65          13 -0.99772984251567109      -0.14918269226449343     
          70          13  -1.0889873227226676       -6.4065692239323457E-002
          75          13  -1.1018871898693661       -7.1108039541301071E-002
          80          13  -1.2051042802707634       0.20942236092919009     
          85          13  -1.3771537412343715        3.2771446501766999E-002
          90          13  -1.2568834259774064        3.9227654949069990E-002
          95          13  -1.1000806877092817        3.7776824427793176E-002
           0          14 -0.98358698490869090        5.2197068834136662E-002
           5          14  -1.0992296962448327       -3.9588944063251308E-002
          10          14  -1.1174316549772412       -2.3953379846008982E-002
          15          14  -1.1690839360192773        8.1092248894187868E-002
          20          14  -2.2989336480050415       0.18377756544923907     
          25          14  -2.3089163934708612       0.23952471744026482     
          30          14  -1.1711516756496287       0.20009223481914917     
          35          14  -1.1754972034261346      -0.13638515904607074     
          40          14  -2.7286033843432200       -7.1274981238711455E-002
          45          14  -2.7898905259016171      -0.36572719598226833     
          50          14  -1.1390454113369142       0.18610414430741962     
          55          14  -1.2194191713332803        2.9980717680400115E-002
          60          14  -1.1436077231385955       -7.2698351829547647E-002
          65          14  -1.4120094763825364      -0.15158152399635805     
          70          14  -1.1921782404689107        2.7642344676837016E-002
          75          14  -1.4449994890464168       0.10306167797624610     
          80          14  -1.5649692601915621       -1.7955852170958853E-002
          85          14  -1.4030450334145961       -7.4985807223537648E-002
          90          14  -1.3189120092804707      -0.10742337012037417     
          95          14  -1.3696792296957749        4.5864657136074349E-002
           0          15  -2.3634445083372135       -9.8440763580676105E-002
           5          15  -2.3847909918430634       -4.8551162476206944E-002
          10          15  -1.1801308200413974        7.0881915899823067E-002
          15          15  -1.1086530021423013       0.17807448799755932     
          20          15  -1.1611854448373427       0.12713217157983570     
          25          15  -2.3051515058830629       0.20824150421261400     
          30          15  -1.3379643923089324        8.0581342697949587E-002
          35          15  -1.3140552312584930       -8.4271819409675874E-002
          40          15  -2.6742660795942008        9.6485671983170818E-002
          45          15  -1.3671517410285272      -0.14957106690416389     
          50          15  -2.3501823536586919       0.25698410131475002     
          55          15  -1.2865464022437934        7.9512588944397056E-002
          60          15  -1.2777476317948899       -4.5557700648346522E-002
          65          15  -1.3625902856040373       -9.2550262485169288E-002
          70          15  -2.4257698249607884      -0.15902980806448141     
          75          15  -1.6081620983243727       0.14431187288305170     
          80          15  -1.4427918842341292        9.2536317691793712E-004
          85          15  -1.4244367622828769      -0.10207461037109455     
          90          15  -1.4330893697334091      -0.16762723687613335     
          95          15  -1.3738350744207928       0.13649282474187396     
           0          16  -1.6219606072152273      -0.17861222467913107     
           5          16  -1.5569015418780141        6.3267816106937769E-002
          10          16  -1.2847922167519288        3.6329576112437145E-002
          15          16  -2.2267298840195071       0.40676222192809197     
          20          16  -1.1255026613210539       0.11245138314491809     
          25          16  -1.3432330540424919       0.13933229181833928     
          30          16  -1.3273470899988205       0.17041465777078990     
          35          16  -1.5050155036444579       -9.6136734479834729E-002
          40          16  -1.3294115878725865       -3.9794724121522407E-003
          45          16  -2.8991304400738382      -0.58179958414894539     
          50          16  -1.3288420157586689      -0.16615060181857100     
          55          16  -1.2374946871562820        8.7000919329616178E-002
          60          16  -2.6843670021370336       -5.2886405867424990E-002
          65          16  -1.4126210481890666      -0.27799473044071155     
          70          16  -1.3274973585919447       -6.3350390013539037E-002
          75          16  -2.8085283611278822        6.1251669148387755E-002
          80          16  -1.4645100948129652        6.2881967100303360E-002
          85          16  -1.4803887467618182      -0.12600126517103849     
          90          16  -1.6363365416049991        3.8469478283453817E-003
          95          16  -3.1865114600437838      -0.28961512156422398     
           0          17  -1.7937046174973641      -0.25471966686230196     
           5          17  -1.4185175264420229      -0.10208234189512666     
          10          17  -4.2554195753671813       -4.0596898013278704E-002
          15          17  -1.0609629408539489       0.16511441645855607     
          20          17  -2.3832394728762196       0.13685480196173883     
          25          17  -1.4670149699941293       0.18239931717484170     
          30          17  -1.6617564266147022       -6.7914981386751894E-002
          35          17  -1.5927232336421238       -1.4269304720038178E-002
          40          17  -3.0134504475065604      -0.12401568280834274     
          45          17  -1.4637236885539640      -0.14210104077594377     
          50          17  -2.7644821592953672       0.26196596929428662     
          55          17  -1.2411301771331207       0.28895219377850223     
          60          17  -1.4466385816924721       -4.2300296952124672E-002
          65          17  -1.3325261040397773       -6.8786580614543791E-002
          70          17  -1.5139471718028652       -6.5166157359464183E-002
          75          17  -1.4734896997581348       -6.1098341377907595E-003
          80          17  -2.8352617546745229        1.2664488852343059E-002
          85          17  -1.6879146131620892       -3.8098520628027099E-002
          90          17  -1.5090403691031540        2.2136256050409031E-003
          95          17  -3.0607682033112482       -8.0100773477975729E-002
           0          18  -3.3686606931581169      -0.20307573979638782     
           5          18  -1.7417746661439748      -0.16231766650692814     
          10          18  -1.6342122476863119      -0.14175862621618185     
          15          18  -1.5757216473327729        1.6326884712813960E-002
          20          18  -1.4516753711429908        5.8578040172674317E-002
          25          18  -1.4474239686718127       0.24904671830638936     
          30          18  -3.1070214974149302      -0.14698716397254508     
          35          18  -3.2172632165972104        8.0726872022096607E-002
          40          18  -3.3295579382341955      -0.10622082975420000     
          45          18  -4.9654060945125700      -0.61156338466733517     
          50          18  -1.6942461234670247       0.12657041229408028     
          55          18  -3.2806129817508634       0.62894044520589443     
          60          18  -1.8727864732515087        8.9064197400789968E-002
          65          18  -2.9924396957026200       -4.9333679972562994E-002
          70          18  -1.6530402367664898       -3.0105253136236687E-002
          75          18  -1.5238943587692066       -8.4437330191422522E-002
          80          18  -1.5820512024267153      -0.18168445676453038     
          85          18  -1.4607290309820442      -0.28830787754258180     
          90          18  -1.5798788569731936       -8.8554312707711524E-003
          95          18  -1.4032739630320812      -0.29195804636977796     
           0          19   0.0000000000000000        0.0000000000000000     
           5          19  -3.1464430256102069      -0.34874668674189646     
          10          19  -3.5262678367539713      -0.24940638498505141     
          15          19  -1.7229570603316535       0.32624960416866022     
          20          19  -1.6196979784849352        6.9541956895791124E-003
          25          19   0.0000000000000000        0.0000000000000000     
          30          19  -1.3753582133718689        4.8236780788857292E-002
          35          19  -1.9624335246953839      -0.44083110993770047     
          40          19  -1.6106899733098201      -0.25750325210044389     
          45          19  -1.7446832999462591        2.8090570337868659E-002
          50          19  -1.7712256473634280        2.4594861851856553E-002
          55          19  -1.6834760608142041       0.44566729375222769     
          60          19  -1.8330259433918528       0.11934277176245400     
          65          19  -1.8427527430597834      -0.22498426137246286     
          70          19  -1.5011928031882782      -0.12899611598143901     
          75          19  -1.5238800894445959       -4.5436409082666440E-002
          80          19  -1.5655737477660026       -1.8049178830692458E-002
          85          19  -1.7963561907352599      -0.15387879138378802     
          90          19  -3.4531826109007735      -0.18687133651940080     
          95          19  -1.7410785279059482      -0.33406401623276016     
           0          20  -1.7218632043424593      -0.31842724200287220     
           5          20   0.0000000000000000        0.0000000000000000     
          10          20  -1.8880320405043061      -0.17401105333852973     
          15          20  -1.7739093031449160       0.10668633574989483     
          20          20  -1.7362440012008706        5.2678511704706832E-002
          25          20  -1.6296316330305372       0.15846294740357036     
          30          20   0.0000000000000000        0.0000000000000000     
          35          20   0.0000000000000000        0.0000000000000000     
          40          20  -2.0077966965487137       -3.9188024071046268E-002
          45          20   0.0000000000000000        0.0000000000000000     
          50          20   0.0000000000000000        0.0000000000000000     
          55          20   0.0000000000000000        0.0000000000000000     
          60          20   0.0000000000000000        0.0000000000000000     
          65          20   0.0000000000000000        0.0000000000000000     
          70          20   0.0000000000000000        0.0000000000000000     
          75          20   0.0000000000000000        0.0000000000000000     
          80          20   0.0000000000000000        0.0000000000000000     
          85          20  -2.0517065735492501      -0.20891690207441860     
          90          20  -1.8252481293457024       -9.1289821533002691E-002
          95          20   0.0000000000000000        0.0000000000000000     
           0          21   0.0000000000000000        0.0000000000000000     
           5          21  -1.8849757052069593      -0.43049142982781730     
          10          21  -1.7272389360514784      -0.28102429003501461     
          15          21   0.0000000000000000        0.0000000000000000     
          20          21   0.0000000000000000        0.0000000000000000     
          25          21   0.0000000000000000        0.0000000000000000     
          30          21   0.0000000000000000        0.0000000000000000     
          35          21   0.0000000000000000        0.0000000000000000     
          40          21   0.0000000000000000        0.0000000000000000     
          45          21   0.0000000000000000        0.0000000000000000     
          50          21   0.0000000000000000        0.0000000000000000     
          55          21   0.0000000000000000        0.0000000000000000     
          60          21   0.0000000000000000        0.0000000000000000     
          65          21   0.0000000000000000        0.0000000000000000     
          70          21   0.0000000000000000        0.0000000000000000     
          75          21   0.0000000000000000        0.0000000000000000     
          80          21   0.0000000000000000        0.0000000000000000     
          85          21   0.0000000000000000        0.0000000000000000     
          90          21   0.0000000000000000        0.0000000000000000     
          95          21   0.0000000000000000        0.0000000000000000     
           0          22   0.0000000000000000        0.0000000000000000     
           5          22   0.0000000000000000        0.0000000000000000     
          10          22   0.0000000000000000        0.0000000000000000     
          15          22   0.0000000000000000        0.0000000000000000     
          20          22   0.0000000000000000        0.0000000000000000     
          25          22   0.0000000000000000        0.0000000000000000     
          30          22   0.0000000000000000        0.0000000000000000     
          35          22   0.0000000000000000        0.0000000000000000     
          40          22   0.0000000000000000        0.0000000000000000     
          45          22   0.0000000000000000        0.0000000000000000     
          50          22   0.0000000000000000        0.0000000000000000     
          55          22   0.0000000000000000        0.0000000000000000     
          60          22   0.0000000000000000        0.0000000000000000     
          65          22   0.0000000000000000        0.0000000000000000     
          70          22   0.0000000000000000        0.0000000000000000     
          75          22   0.0000000000000000        0.0000000000000000     
          80          22   0.0000000000000000        0.0000000000000000     
          85          22   0.0000000000000000        0.0000000000000000     
          90          22   0.0000000000000000        0.0000000000000000     
          95          22   0.0000000000000000        0.0000000000000000     
           0          23   0.0000000000000000        0.0000000000000000     
           5          23   0.0000000000000000        0.0000000000000000     
          10          23   0.0000000000000000        0.0000000000000000     
          15          23   0.0000000000000000        0.0000000000000000     
          20          23   0.0000000000000000        0.0000000000000000     
          25          23   0.0000000000000000        0.0000000000000000     
          30          23   0.0000000000000000        0.0000000000000000     
          35          23   0.0000000000000000        0.0000000000000000     
          40          23   0.0000000000000000        0.0000000000000000     
          45          23   0.0000000000000000        0.0000000000000000     
          50          23   0.0000000000000000        0.0000000000000000     
          55          23   0.0000000000000000        0.0000000000000000     
          60          23   0.0000000000000000        0.0000000000000000     
          65          23   0.0000000000000000        0.0000000000000000     
          70          23   0.0000000000000000        0.0000000000000000     
          75          23   0.0000000000000000        0.0000000000000000     
          80          23   0.0000000000000000        0.0000000000000000     
          85          23   0.0000000000000000        0.0000000000000000     
          90          23   0.0000000000000000        0.0000000000000000     
          95          23   0.0000000000000000        0.0000000000000000     
           0          24   0.0000000000000000        0.0000000000000000     
           5          24   0.0000000000000000        0.0000000000000000     
          10          24   0.0000000000000000        0.0000000000000000     
          15          24   0.0000000000000000        0.0000000000000000     
          20          24   0.0000000000000000        0.0000000000000000     
          25          24   0.0000000000000000        0.0000000000000000     
          30          24   0.0000000000000000        0.0000000000000000     
          35          24   0.0000000000000000        0.0000000000000000     
          40          24   0.0000000000000000        0.0000000000000000     
          45          24   0.0000000000000000        0.0000000000000000     
          50          24   0.0000000000000000        0.0000000000000000     
          55          24   0.0000000000000000        0.0000000000000000     
          60          24   0.0000000000000000        0.0000000000000000     
          65          24   0.0000000000000000        0.0000000000000000     
          70          24   0.0000000000000000        0.0000000000000000     
          75          24   0.0000000000000000        0.0000000000000000     
          80          24   0.0000000000000000        0.0000000000000000     
          85          24   0.0000000000000000        0.0000000000000000     
          90          24   0.0000000000000000        0.0000000000000000     
          95          24   0.0000000000000000        0.0000000000000000     
           0          25   0.0000000000000000        0.0000000000000000     
           5          25   0.0000000000000000        0.0000000000000000     
          10          25   0.0000000000000000        0.0000000000000000     
          15          25   0.0000000000000000        0.0000000000000000     
          20          25   0.0000000000000000        0.0000000000000000     
          25          25   0.0000000000000000        0.0000000000000000     
          30          25   0.0000000000000000        0.0000000000000000     
          35          25   0.0000000000000000        0.0000000000000000     
          40          25   0.0000000000000000        0.0000000000000000     
          45          25   0.0000000000000000        0.0000000000000000     
          50          25   0.0000000000000000        0.0000000000000000     
          55          25   0.0000000000000000        0.0000000000000000     
          60          25   0.0000000000000000        0.0000000000000000     
          65          25   0.0000000000000000        0.0000000000000000     
          70          25   0.0000000000000000        0.0000000000000000     
          75          25   0.0000000000000000        0.0000000000000000     
          80          25   0.0000000000000000        0.0000000000000000     
          85          25   0.0000000000000000        0.0000000000000000     
          90          25   0.0000000000000000        0.0000000000000000     
          95          25   0.0000000000000000        0.0000000000000000     
           0          26   0.0000000000000000        0.0000000000000000     
           5          26   0.0000000000000000        0.0000000000000000     
          10          26   0.0000000000000000        0.0000000000000000     
          15          26   0.0000000000000000        0.0000000000000000     
          20          26   0.0000000000000000        0.0000000000000000     
          25          26   0.0000000000000000        0.0000000000000000     
          30          26   0.0000000000000000        0.0000000000000000     
          35          26   0.0000000000000000        0.0000000000000000     
          40          26   0.0000000000000000        0.0000000000000000     
          45          26   0.0000000000000000        0.0000000000000000     
          50          26   0.0000000000000000        0.0000000000000000     
          55          26   0.0000000000000000        0.0000000000000000     
          60          26   0.0000000000000000        0.0000000000000000     
          65          26   0.0000000000000000        0.0000000000000000     
          70          26   0.0000000000000000        0.0000000000000000     
          75          26   0.0000000000000000        0.0000000000000000     
          80          26   0.0000000000000000        0.0000000000000000     
          85          26   0.0000000000000000        0.0000000000000000     
          90          26   0.0000000000000000        0.0000000000000000     
          95          26   0.0000000000000000        0.0000000000000000     
           0          27   0.0000000000000000        0.0000000000000000     
           5          27   0.0000000000000000        0.0000000000000000     
          10          27   0.0000000000000000        0.0000000000000000     
          15          27   0.0000000000000000        0.0000000000000000     
          20          27   0.0000000000000000        0.0000000000000000     
          25          27   0.0000000000000000        0.0000000000000000     
          30          27   0.0000000000000000        0.0000000000000000     
          35          27   0.0000000000000000        0.0000000000000000     
          40          27   0.0000000000000000        0.0000000000000000     
          45          27   0.0000000000000000        0.0000000000000000     
          50          27   0.0000000000000000        0.0000000000000000     
          55          27   0.0000000000000000        0.0000000000000000     
          60          27   0.0000000000000000        0.0000000000000000     
          65          27   0.0000000000000000        0.0000000000000000     
          70          27   0.0000000000000000        0.0000000000000000     
          75          27   0.0000000000000000        0.0000000000000000     
          80          27   0.0000000000000000        0.0000000000000000     
          85          27   0.0000000000000000        0.0000000000000000     
          90          27   0.0000000000000000        0.0000000000000000     
          95          27   0.0000000000000000        0.0000000000000000     
           0          28   0.0000000000000000        0.0000000000000000     
           5          28   0.0000000000000000        0.0000000000000000     
          10          28   0.0000000000000000        0.0000000000000000     
          15          28   0.0000000000000000        0.0000000000000000     
          20          28   0.0000000000000000        0.0000000000000000     
          25          28   0.0000000000000000        0.0000000000000000     
          30          28   0.0000000000000000        0.0000000000000000     
          35          28   0.0000000000000000        0.0000000000000000     
          40          28   0.0000000000000000        0.0000000000000000     
          45          28   0.0000000000000000        0.0000000000000000     
          50          28   0.0000000000000000        0.0000000000000000     
          55          28   0.0000000000000000        0.0000000000000000     
          60          28   0.0000000000000000        0.0000000000000000     
          65          28   0.0000000000000000        0.0000000000000000     
          70          28   0.0000000000000000        0.0000000000000000     
          75          28   0.0000000000000000        0.0000000000000000     
          80          28   0.0000000000000000        0.0000000000000000     
          85          28   0.0000000000000000        0.0000000000000000     
          90          28   0.0000000000000000        0.0000000000000000     
          95          28   0.0000000000000000        0.0000000000000000     
           0          29   0.0000000000000000        0.0000000000000000     
           5          29   0.0000000000000000        0.0000000000000000     
          10          29   0.0000000000000000        0.0000000000000000     
          15          29   0.0000000000000000        0.0000000000000000     
          20          29   0.0000000000000000        0.0000000000000000     
          25          29   0.0000000000000000        0.0000000000000000     
          30          29   0.0000000000000000        0.0000000000000000     
          35          29   0.0000000000000000        0.0000000000000000     
          40          29   0.0000000000000000        0.0000000000000000     
          45          29   0.0000000000000000        0.0000000000000000     
          50          29   0.0000000000000000        0.0000000000000000     
          55          29   0.0000000000000000        0.0000000000000000     
          60          29   0.0000000000000000        0.0000000000000000     
          65          29   0.0000000000000000        0.0000000000000000     
          70          29   0.0000000000000000        0.0000000000000000     
          75          29   0.0000000000000000        0.0000000000000000     
          80          29   0.0000000000000000        0.0000000000000000     
          85          29   0.0000000000000000        0.0000000000000000     
          90          29   0.0000000000000000        0.0000000000000000     
          95          29   0.0000000000000000        0.0000000000000000     
           0          30   0.0000000000000000        0.0000000000000000     
           5          30   0.0000000000000000        0.0000000000000000     
          10          30   0.0000000000000000        0.0000000000000000     
          15          30   0.0000000000000000        0.0000000000000000     
          20          30   0.0000000000000000        0.0000000000000000     
          25          30   0.0000000000000000        0.0000000000000000     
          30          30   0.0000000000000000        0.0000000000000000     
          35          30   0.0000000000000000        0.0000000000000000     
          40          30   0.0000000000000000        0.0000000000000000     
          45          30   0.0000000000000000        0.0000000000000000     
          50          30   0.0000000000000000        0.0000000000000000     
          55          30   0.0000000000000000        0.0000000000000000     
          60          30   0.0000000000000000        0.0000000000000000     
          65          30   0.0000000000000000        0.0000000000000000     
          70          30   0.0000000000000000        0.0000000000000000     
          75          30   0.0000000000000000        0.0000000000000000     
          80          30   0.0000000000000000        0.0000000000000000     
          85          30   0.0000000000000000        0.0000000000000000     
          90          30   0.0000000000000000        0.0000000000000000     
          95          30   0.0000000000000000        0.0000000000000000     
           0          31   0.0000000000000000        0.0000000000000000     
           5          31   0.0000000000000000        0.0000000000000000     
          10          31   0.0000000000000000        0.0000000000000000     
          15          31   0.0000000000000000        0.0000000000000000     
          20          31   0.0000000000000000        0.0000000000000000     
          25          31   0.0000000000000000        0.0000000000000000     
          30          31   0.0000000000000000        0.0000000000000000     
          35          31   0.0000000000000000        0.0000000000000000     
          40          31   0.0000000000000000        0.0000000000000000     
          45          31   0.0000000000000000        0.0000000000000000     
          50          31   0.0000000000000000        0.0000000000000000     
          55          31   0.0000000000000000        0.0000000000000000     
          60          31   0.0000000000000000        0.0000000000000000     
          65          31   0.0000000000000000        0.0000000000000000     
          70          31   0.0000000000000000        0.0000000000000000     
          75          31   0.0000000000000000        0.0000000000000000     
          80          31   0.0000000000000000        0.0000000000000000     
          85          31   0.0000000000000000        0.0000000000000000     
          90          31   0.0000000000000000        0.0000000000000000     
          95          31   0.0000000000000000        0.0000000000000000     
