           0           0   0.0000000000000000        0.0000000000000000     
           5           0   0.0000000000000000        0.0000000000000000     
          10           0   0.0000000000000000        0.0000000000000000     
          15           0   0.0000000000000000        0.0000000000000000     
          20           0   0.0000000000000000        0.0000000000000000     
          25           0   0.0000000000000000        0.0000000000000000     
          30           0   0.0000000000000000        0.0000000000000000     
          35           0   0.0000000000000000        0.0000000000000000     
          40           0   0.0000000000000000        0.0000000000000000     
          45           0   0.0000000000000000        0.0000000000000000     
          50           0   0.0000000000000000        0.0000000000000000     
          55           0   0.0000000000000000        0.0000000000000000     
          60           0   0.0000000000000000        0.0000000000000000     
          65           0   0.0000000000000000        0.0000000000000000     
          70           0   0.0000000000000000        0.0000000000000000     
          75           0   0.0000000000000000        0.0000000000000000     
          80           0   0.0000000000000000        0.0000000000000000     
          85           0   0.0000000000000000        0.0000000000000000     
          90           0   0.0000000000000000        0.0000000000000000     
          95           0   0.0000000000000000        0.0000000000000000     
           0           1 -0.11046785767404067       -6.0078002102632172E-002
           5           1 -0.21211392376041527        2.2805280326752136E-002
          10           1 -0.44356012331547845       -6.0778759627642953E-002
          15           1 -0.59195360803759867        4.1735805596642556E-002
          20           1 -0.23535930895018931       -1.9214577716437226E-002
          25           1 -0.48632642988544195        8.6375497513665328E-002
          30           1 -0.29450835880573401        3.6602602670257611E-002
          35           1 -0.45688681063249525        9.1360671117465819E-002
          40           1 -0.44311113428840976      -0.10626194377685513     
          45           1 -0.57391708112308759        9.5405694772576072E-002
          50           1 -0.14207373844943305       -9.3437792485547705E-002
          55           1 -0.44417052941669866        4.3196774497239465E-002
          60           1 -0.39736691784475475       -9.4505027802716662E-002
          65           1 -0.31406208724216178        4.4084813784206478E-002
          70           1  -7.2071340930790484E-002   1.3589685438162441E-002
          75           1 -0.22457322044311390        1.3044188379770366E-002
          80           1 -0.19596334497773427       -1.2082466849857448E-002
          85           1  -3.8771606734044894E-002  0.24705232062861848     
          90           1  -3.0836798667888132E-002  -5.6054584763633175E-003
          95           1 -0.44700132748820565        9.9430232047940936E-002
           0           2 -0.41682307667987140      -0.11208904588205088     
           5           2 -0.67994901225360005      -0.22692956494926170     
          10           2  -1.1338968258173265      -0.53668040771406855     
          15           2  -1.1399519705265759       0.20916069553619104     
          20           2  -1.0546425901919454      -0.19164355642795061     
          25           2 -0.51839885909787942        4.9340393506146218E-002
          30           2 -0.95631979125154754      -0.12741113661209058     
          35           2 -0.92464918308610144       0.10578688909784056     
          40           2 -0.77210097462143690      -0.31012052414031849     
          45           2 -0.69373867720046167       -1.8090434228644481E-002
          50           2 -0.92385267678185556      -0.31359137145203081     
          55           2 -0.99704743270145890       0.15500798566759483     
          60           2 -0.50682441806060297      -0.25784268906595825     
          65           2 -0.77910193608810019       0.10000875670709147     
          70           2 -0.63337253326856136      -0.26312792602654206     
          75           2 -0.57839680348337197      -0.12378894065825236     
          80           2 -0.66515493119201352      -0.11860520977565597     
          85           2 -0.58191052773270968      -0.11445327684950907     
          90           2 -0.63424744045192938      -0.13303650899052638     
          95           2 -0.53123046192871115       0.24477530994042318     
           0           3  -1.3162364155863042      -0.27093237962249467     
           5           3  -1.2663055220202972      -0.34771413692045311     
          10           3 -0.60920646020243274      -0.18633754634310440     
          15           3 -0.62540213135925393       -7.0332160047870129E-002
          20           3 -0.65250283735773795      -0.13821505324036754     
          25           3  -1.0151126195151461        7.9730969172880917E-002
          30           3 -0.57222418184676993        1.4230058411335289E-002
          35           3 -0.44829436953719437        1.7559154472657212E-002
          40           3 -0.41915490302746328       -4.7409423768601799E-002
          45           3 -0.43636160512394717       -6.2723176223050681E-003
          50           3 -0.45428177560369321       -4.2891570113390287E-002
          55           3 -0.43293451661208238        7.1741154112903160E-002
          60           3 -0.85172006585421123      -0.40608421418009133     
          65           3 -0.34404768533335961       -4.7744115553444155E-003
          70           3  -1.1029251637040272      -0.28016668253628280     
          75           3  -1.1905347164997693      -0.28691474713671977     
          80           3  -1.2768548595376572      -0.15954668443469294     
          85           3  -1.2032452190036125      -0.21484746050851738     
          90           3  -1.2329789780118894      -0.17773798507206978     
          95           3  -1.1815007479920592      -0.19088538748539274     
           0           4 -0.61085707449563986      -0.17420293649039742     
           5           4 -0.63030588392104514      -0.20941978154137564     
          10           4 -0.60602072027932108      -0.10170848739166072     
          15           4 -0.67713648745970634      -0.13869998112418791     
          20           4 -0.65635113162126890      -0.13161011348357399     
          25           4 -0.49819785049809440        2.5160991569406210E-002
          30           4 -0.59005542374257480        2.5505839011744080E-002
          35           4 -0.54784489106896039       -6.7437119994975814E-002
          40           4 -0.40181126222227359       -3.1078810767762310E-002
          45           4 -0.45490221543043052        2.8162407861992422E-003
          50           4 -0.42205473280154671        1.3755980824425862E-002
          55           4 -0.55621016352036534       -4.1723514287300700E-003
          60           4 -0.44825890364807996      -0.24666787702742887     
          65           4 -0.65734830901109653        6.4355530319318288E-002
          70           4 -0.54713685133322976      -0.16192269453943475     
          75           4 -0.57918996006711687      -0.11412694672092993     
          80           4 -0.60719969952827135      -0.12856480159202655     
          85           4 -0.61203185059977017       -9.5593803656687792E-002
          90           4 -0.58686428039189664       -1.9978417350324795E-002
          95           4 -0.61268973774786240       -8.9137327614549622E-002
           0           5 -0.59933146260053194      -0.12559755267801953     
           5           5 -0.63994936399316971      -0.15251399975692304     
          10           5 -0.63810275554132545      -0.19192246601892893     
          15           5 -0.71641230226099362      -0.13383054330205757     
          20           5 -0.66894392537875103       -9.0394263307785883E-002
          25           5 -0.53442212404219980        3.7496296796529771E-002
          30           5 -0.58948487104526492        7.6892930639393953E-003
          35           5 -0.54444128764097321        1.4594488661825999E-002
          40           5 -0.45440600950907850       -5.9212763286395353E-002
          45           5 -0.45593422875911394        1.6051409735817757E-002
          50           5 -0.92489189372879643       0.11920959302254286     
          55           5 -0.49587281487628587       -4.5105064550229890E-002
          60           5 -0.93166512733389162      -0.39859323520609335     
          65           5 -0.28294824251595685        4.5892544517991962E-002
          70           5 -0.39732686565652209      -0.11050761859303371     
          75           5 -0.59407383013243553       -9.2058365203928627E-002
          80           5 -0.60742267173341524      -0.13360405046229651     
          85           5 -0.60468129512325497       -9.2331339772364074E-002
          90           5 -0.56939450497006661       -9.5264366202357786E-002
          95           5 -0.58932502105868423      -0.10710667624237724     
           0           6  -1.1671291941937150      -0.17473647442284301     
           5           6  -1.2879972747444068      -0.40292231805710843     
          10           6  -1.2427021980537800      -0.36469916258857760     
          15           6  -1.4060553631398132      -0.36650936928353528     
          20           6  -1.3198503857742017      -0.12397349734738494     
          25           6  -1.1536369100956234       0.18522193629202932     
          30           6  -1.1187338986817785        7.5034060832701588E-002
          35           6  -1.1516838074049351        2.0260712290318117E-002
          40           6  -1.0371428997324461      -0.13274788272524263     
          45           6 -0.93708721787377769        3.8415647183945301E-002
          50           6  -1.6262846929249175        4.9998207738433109E-002
          55           6  -1.3210695265675199      -0.16673516294571367     
          60           6  -1.4044540056390442      -0.32549909179994951     
          65           6  -1.0101879989987683       -2.5216675337211281E-002
          70           6  -1.1797404237090525      -0.23229904667187995     
          75           6  -1.2054471675104761      -0.14536706721454684     
          80           6 -0.66728326430398610       -6.8836407558642287E-002
          85           6 -0.59931777459998337       -8.9164591557805428E-002
          90           6  -1.1893699086140685      -0.21146410879718802     
          95           6  -1.1467929627684281      -0.15858643801672234     
           0           7 -0.54097737771415488       -8.1323222598655986E-002
           5           7 -0.60942975289357548      -0.18292898787464207     
          10           7 -0.62789180458364124      -0.17079189011434681     
          15           7 -0.70028996297433199      -0.11656972762494333     
          20           7 -0.69038992309450320       -9.5482495051507632E-002
          25           7 -0.60538414528465978       -7.3505629222259117E-004
          30           7 -0.49511901848153794        2.8226548745707847E-002
          35           7 -0.59051248885833019       -1.3687284807356592E-002
          40           7 -0.63303073733644855       -4.4477284873306600E-002
          45           7 -0.58082237739731646       -2.2583050913044245E-002
          50           7 -0.52098592162708179        2.7525778393683309E-002
          55           7  -1.0238381428384624      -0.11864586405577193     
          60           7 -0.47880478349915379       -5.3738216191506760E-002
          65           7 -0.75592035297611382       -3.9631249284105552E-002
          70           7 -0.47226656860743788       -4.6595003849042582E-002
          75           7 -0.53919162562920953       -9.4771347968758413E-002
          80           7  -1.1791393653959314      -0.22041268862890706     
          85           7  -1.1983299900220068      -0.17882876303373929     
          90           7 -0.54833204295556826      -0.12479839427884110     
          95           7 -0.57053234133519481       -6.7952476683896812E-002
           0           8 -0.55407480949236099       -5.5669718080630926E-002
           5           8 -0.55436758007690323      -0.16937089846125186     
          10           8 -0.59627456892613617      -0.15902752695334810     
          15           8 -0.65464848592267089      -0.14886800008995227     
          20           8 -0.63988600645603633      -0.15351498178092782     
          25           8 -0.53715874555659848       -7.8597771903388125E-002
          30           8 -0.54884174484126635        3.7497547494824701E-002
          35           8 -0.57252231593862835       -2.6418105087272492E-002
          40           8  -1.1911029732381007       -6.3610507694544793E-002
          45           8 -0.51678556936218811       -5.2383134563904754E-002
          50           8 -0.95790940506823574        3.4037259834390765E-002
          55           8 -0.54734403783562868       -6.0865517128722013E-002
          60           8 -0.93446393585328025      -0.10913231008602420     
          65           8 -0.38270645453808427        7.5227607575223399E-003
          70           8  -1.0976295456166518       -1.2356279679853754E-002
          75           8 -0.57523109713519816      -0.11476348801123248     
          80           8 -0.58060236395096609       -9.6842968361487980E-002
          85           8 -0.56069403146397079      -0.10834131773135303     
          90           8  -1.1889212539506477      -0.25105448551485110     
          95           8 -0.51242930900752270       -5.0731684046040337E-002
           0           9 -0.56510570457072273      -0.12181335715927277     
           5           9 -0.54186070517762974      -0.18100258073625031     
          10           9 -0.58530043495902406      -0.15471338697531367     
          15           9 -0.61293378549986954      -0.18941839481229072     
          20           9 -0.67188147194474634       -9.2451619966849030E-002
          25           9 -0.54167616002576136        1.1382760559119909E-002
          30           9 -0.55413703060447350        5.0685382761567199E-002
          35           9  -1.1808561174042609       -3.7050199659244276E-002
          40           9 -0.57216176242158578       -2.8260138113245237E-002
          45           9 -0.94468028015215477       -9.7457009468199240E-002
          50           9 -0.53091599063970207        1.1811487361790274E-003
          55           9  -1.7030273113749494       -7.5810711553797594E-002
          60           9 -0.43496146342025810       -3.7749259012981318E-002
          65           9  -1.3848483218903418        7.0945984965570252E-002
          70           9 -0.48720079669384297      -0.10107839861744905     
          75           9 -0.59449032762670662      -0.10938727329143361     
          80           9 -0.59582594404750111       -9.2398898022261200E-002
          85           9 -0.56814021703655015      -0.10371327756886206     
          90           9 -0.60326877997840533      -0.14426973306849722     
          95           9 -0.57383914616515597       -6.9049566109175009E-002
           0          10  -1.1032818414920351      -0.26934537169814865     
           5          10  -1.0653515410808527      -0.40008720261247577     
          10          10  -1.1437574079622981      -0.31337417786131416     
          15          10  -1.8170962861607798      -0.47804404374060527     
          20          10  -1.2791601346420767      -0.10617175343383134     
          25          10  -1.1706322846427586       -2.4043122873601552E-002
          30          10  -1.6166642169740397       0.19966732778403662     
          35          10  -1.7471242923627894       -4.7471909406238133E-002
          40          10  -1.6658882873438197      -0.12793704495916991     
          45          10  -1.2068086979233339      -0.47763539133827138     
          50          10  -1.6562311495560422        8.2118602564573706E-002
          55          10  -1.2590598852479928       -6.4076211996610954E-002
          60          10  -1.4789073185084156      -0.14660601381832894     
          65          10  -1.0830103983838768        5.9339924547846534E-002
          70          10 -0.81418570129998535        1.5281856368676294E-002
          75          10  -1.2349126994526394      -0.21687961909544473     
          80          10  -1.1541175459273134      -0.18860735571224474     
          85          10  -1.6651915827226027      -0.46472882058057330     
          90          10  -1.7541298013734608      -0.32887959199048855     
          95          10  -1.0597530100953101      -0.12843505972554015     
           0          11 -0.52470947320376859       -9.9127567786128079E-002
           5          11 -0.57710696195520383      -0.17587591185252993     
          10          11 -0.55232809567234975      -0.12993952967416122     
          15          11 -0.55630819267349363      -0.18986081813693323     
          20          11 -0.67090332064256852       -3.3177951167251418E-002
          25          11 -0.52925013529048215       -8.6057664297478631E-002
          30          11  -1.0381596877395705       0.10430629546476222     
          35          11 -0.41747176584949752       -3.0939700192689212E-002
          40          11 -0.97300477364337112       -2.9387159513061256E-002
          45          11 -0.69242133236058212      -0.16818935879958641     
          50          11  -1.1573179933632716       -5.9324635583168916E-003
          55          11 -0.57156761332999295       -5.8123541981508486E-002
          60          11  -1.2017087667870463      -0.11677702167783854     
          65          11 -0.59931539399316058        1.4234578185334801E-002
          70          11  -1.0973835354421979      -0.16538115287276223     
          75          11 -0.60734119930017094      -0.11388183268359886     
          80          11 -0.53934064566329987       -8.8614986879786972E-002
          85          11 -0.53288173088583690      -0.12652056645648391     
          90          11  -1.1541278473625738      -0.24056341369330103     
          95          11 -0.49702902204296073       -5.6590317961541237E-002
           0          12 -0.55041767220637305       -8.6991704168204453E-002
           5          12  -1.0740112508354771      -0.36994332192452628     
          10          12 -0.52656333264011757      -0.13340392239075127     
          15          12  -1.1837932898642323      -0.38359682124802785     
          20          12 -0.59997656653820730      -0.10042345739522118     
          25          12 -0.95459833426569940      -0.16636570954950414     
          30          12 -0.47239350052297180       0.10811310990843648     
          35          12 -0.89615010140764451      -0.17219729483083923     
          40          12 -0.39463071466461219       -3.9162776039186609E-002
          45          12 -0.67791973890229951      -0.19812653645145950     
          50          12 -0.64069298432611888        9.0308313657749828E-002
          55          12  -1.1509807600595945       -6.7299235953499625E-002
          60          12 -0.58728624447779154       -3.5877318348004339E-002
          65          12  -1.1690795369267981        5.9224634586380054E-002
          70          12 -0.51525926340945105       -7.6049173196590658E-002
          75          12  -1.1133645512639845      -0.26173224741826706     
          80          12 -0.54002008364140153       -9.5761101133462478E-002
          85          12  -1.1594795171576688      -0.22682101787629971     
          90          12 -0.54354066877926321      -0.10236465457558186     
          95          12 -0.98494071554933171      -0.19546851723090120     
           0          13 -0.56219919429787224       -9.4500503230454669E-002
           5          13 -0.50619901622576957      -0.16398981013160396     
          10          13 -0.57602667527661966      -0.10814300377887109     
          15          13 -0.63717355336778692      -0.11460481322111971     
          20          13  -1.0899718768514477      -0.35130608480454795     
          25          13 -0.41068673095723263      -0.15035794766277144     
          30          13 -0.80892938663090774       0.14880414416135190     
          35          13 -0.45941262690807338      -0.18947908711403061     
          40          13 -0.43060919179660484       -4.0214240471514451E-002
          45          13 -0.84184124044484054      -0.44336573366915433     
          50          13 -0.72142511220674166       0.16074689861395042     
          55          13  -1.9691146961242634        9.8645747076131496E-002
          60          13  -1.9162608972533857      -0.23923843889051000     
          65          13  -1.6083050279647182       -7.9718618972435262E-002
          70          13  -1.4546405080928526      -0.20252535504750035     
          75          13 -0.59261395547349771      -0.14716070918824320     
          80          13  -1.1135955083707572      -0.18625680352712948     
          85          13 -0.57900662055132557      -0.20413791365830880     
          90          13  -1.0893195844241532      -0.21109742625313732     
          95          13 -0.53611447258017364       -6.0600724892945212E-002
           0          14 -0.48621061030829688       -8.9106089618262718E-002
           5          14 -0.53171558591982859      -0.18456581580367226     
          10          14  -1.3505555037693351      -0.13128254791772154     
          15          14  -1.3648370007268706      -0.33540094954126465     
          20          14 -0.67256389217729140      -0.15954617687746753     
          25          14  -1.1027952133002561      -0.35877602915068696     
          30          14  -1.3706138621816244        4.4701784612799500E-002
          35          14 -0.64628867983140825      -0.17028656440210010     
          40          14  -1.5068294550785177        1.3266941814582545E-003
          45          14 -0.65544579034404471      -0.30272466835845613     
          50          14  -2.2106051854153819      -0.25028234944657335     
          55          14 -0.81626338973461721      -0.13455215969349066     
          60          14 -0.72586162177978863        5.7238610920440358E-002
          65          14 -0.65385396333383916       -2.7137447042024920E-002
          70          14 -0.78088420721544871      -0.15883770772634476     
          75          14  -1.5305584646330139      -0.15476790192370249     
          80          14  -1.5916874091814748      -0.39513658638079541     
          85          14  -1.3259698251621987      -0.27312311609101192     
          90          14 -0.63868851696513573      -0.19719399768663992     
          95          14 -0.53094576957457562       -8.5344253038799334E-002
           0          15 -0.72853564705860951       -5.4168346408089985E-002
           5          15 -0.77280712808588947      -0.11522467278451964     
          10          15 -0.82238315650795535       -4.5072841525495289E-002
          15          15 -0.76141039523969223       -9.5039141526365167E-002
          20          15  -1.4940978570329722      -0.21393213298664948     
          25          15 -0.91879723882581921      -0.23927640875193168     
          30          15  -1.7295881185358519       -6.6727759656382002E-002
          35          15  -1.4950216109044234      -0.33201598370197205     
          40          15 -0.68758380158351340        8.9467571293133652E-003
          45          15 -0.78458156522576150      -0.22417991006634663     
          50          15 -0.93906096295670594      -0.19041077031295428     
          55          15 -0.75936295299339207        1.5057455279021692E-002
          60          15 -0.83693777811699732      -0.28850976161315378     
          65          15 -0.98857494927884204       0.14045301819337608     
          70          15 -0.99545833064262901      -0.15298318373602182     
          75          15 -0.94978197529682618      -0.12456951482581191     
          80          15 -0.91327230447801888      -0.13924831707562424     
          85          15  -2.7400207006467170      -0.49881704423632156     
          90          15  -1.7452738394119205      -0.41257411829198620     
          95          15  -1.6519376708834521      -0.13305421163900544     
           0          16  -2.1643447551948070      -0.22714546689506232     
           5          16 -0.70318220578985402      -0.10345061075028861     
          10          16 -0.82212753525601201       -4.0699147418610249E-002
          15          16  -1.0282924429416695      -0.17187606844742964     
          20          16  -1.1291775766453238       -7.3912608256343493E-002
          25          16  -1.0783498315430906      -0.31544612765527225     
          30          16  -1.1121791470453113      -0.16847572686079504     
          35          16 -0.99312295104903026      -0.11607132100271977     
          40          16 -0.73175677738401834        4.2005923252541599E-002
          45          16 -0.90396995967412241      -0.23343708793671647     
          50          16 -0.92797173979475289      -0.16368040009817619     
          55          16 -0.92437641066700493      -0.25531834979969359     
          60          16 -0.95475692722724048      -0.28473480194052270     
          65          16  -1.0507096931378079      -0.22668713090895354     
          70          16 -0.87562903721583041      -0.13536423097898487     
          75          16  -2.0257097455178563      -0.28863675428009161     
          80          16 -0.99127439186608157      -0.10643309405727885     
          85          16  -1.0500270342372886      -0.22769187403764990     
          90          16  -1.0334113279819590       -8.6296011570785591E-002
          95          16 -0.92613400129337720      -0.17686400113098300     
           0          17  -1.1005596218731286       -4.5957266322227408E-002
           5          17 -0.89478757177130497        1.2771725222127106E-002
          10          17  -2.2365575052642193      -0.15066719629586167     
          15          17 -0.98210181377456074       -1.4743311811116211E-002
          20          17  -2.2507351139039455       -7.5416160015828737E-002
          25          17  -1.0963535670016622      -0.23854122691319146     
          30          17  -1.1514829611819488      -0.17610427774011894     
          35          17 -0.95214643894225848      -0.26208634956975674     
          40          17 -0.93657855990803007        6.0212173086104936E-002
          45          17 -0.96620987744266973      -0.22375204157404349     
          50          17  -2.1166662495020194      -0.57213524683547012     
          55          17 -0.96368449424066860      -0.18158016503372343     
          60          17  -1.9583106886056356      -0.46810223442994570     
          65          17 -0.96725766427718796      -0.17703529250928662     
          70          17  -2.0509135234147990      -0.24966285638694519     
          75          17  -1.0680682614316872      -0.11205551322640561     
          80          17  -1.0702846886578854      -0.17945482906095434     
          85          17  -1.0746311669662667       -8.2811053119524747E-002
          90          17  -1.3118521727828458      -0.29549577930693127     
          95          17  -1.1670732836011055       -9.8580445026252850E-002
           0          18  -1.3882466936258537       -6.8965158419309613E-002
           5          18  -1.2777543989167528      -0.10861046290860932     
          10          18  -1.1868147839003140        1.9630271196058313E-002
          15          18  -1.1641426811387356        2.1571297295908121E-002
          20          18  -1.2845173554892897       -6.5292467672783960E-002
          25          18  -1.2285666697670061      -0.17934767166077892     
          30          18  -1.2294185183697737       -1.7428777490391401E-002
          35          18  -1.3898288507602219      -0.21475017717237366     
          40          18  -2.1261678726580691      -0.31882247991166235     
          45          18  -1.0133078346102886      -0.14773689773733834     
          50          18  -1.2329466624971808      -0.30236170042247101     
          55          18   0.0000000000000000        0.0000000000000000     
          60          18  -1.1940483614059083      -0.29036713228541844     
          65          18   0.0000000000000000        0.0000000000000000     
          70          18 -0.97910855992755508      -0.11961783721203822     
          75          18 -0.94781680291422532      -0.11107679215111022     
          80          18  -1.2063069721945929       -9.3624800448777190E-002
          85          18  -1.1809327159872929       -2.3851262283269836E-002
          90          18   0.0000000000000000        0.0000000000000000     
          95          18  -1.3521211774447650       -1.1042959910112504E-002
           0          19   0.0000000000000000        0.0000000000000000     
           5          19   0.0000000000000000        0.0000000000000000     
          10          19  -1.3238178114952093      -0.20155877005295642     
          15          19  -1.3666264344436296        8.4012423202384223E-002
          20          19  -1.4697457432572003       -1.0277388752533145E-002
          25          19  -1.3559886139596911       -7.5451977233076395E-002
          30          19  -1.3038530425329986       -5.7814156907698422E-002
          35          19   0.0000000000000000        0.0000000000000000     
          40          19  -1.2940391011745378       -6.7683403016938204E-002
          45          19  -1.0680815816216382      -0.15039501719521509     
          50          19  -1.1711814949788568      -0.17652604889811796     
          55          19  -1.2124620613396253      -0.22625326113773214     
          60          19  -1.2107211544121199      -0.25711840152070620     
          65          19  -1.1983608962751191      -0.13754334537569024     
          70          19  -1.2114392641104921      -0.21593722667939685     
          75          19  -1.2477217554396347      -0.14079324776788971     
          80          19   0.0000000000000000        0.0000000000000000     
          85          19  -1.3903565517892069      -0.10766584292082326     
          90          19  -1.3918248605016004        8.9944060035207496E-002
          95          19  -1.3329127400241170       -3.1178628487060767E-002
           0          20   0.0000000000000000        0.0000000000000000     
           5          20   0.0000000000000000        0.0000000000000000     
          10          20   0.0000000000000000        0.0000000000000000     
          15          20   0.0000000000000000        0.0000000000000000     
          20          20   0.0000000000000000        0.0000000000000000     
          25          20   0.0000000000000000        0.0000000000000000     
          30          20   0.0000000000000000        0.0000000000000000     
          35          20  -1.6154733886603045       -8.8012006574378354E-003
          40          20   0.0000000000000000        0.0000000000000000     
          45          20   0.0000000000000000        0.0000000000000000     
          50          20   0.0000000000000000        0.0000000000000000     
          55          20  -1.5291591006727501       -6.5059588540139490E-002
          60          20   0.0000000000000000        0.0000000000000000     
          65          20  -1.2740905072350373      -0.21281136163869840     
          70          20   0.0000000000000000        0.0000000000000000     
          75          20   0.0000000000000000        0.0000000000000000     
          80          20   0.0000000000000000        0.0000000000000000     
          85          20   0.0000000000000000        0.0000000000000000     
          90          20   0.0000000000000000        0.0000000000000000     
          95          20   0.0000000000000000        0.0000000000000000     
           0          21   0.0000000000000000        0.0000000000000000     
           5          21   0.0000000000000000        0.0000000000000000     
          10          21   0.0000000000000000        0.0000000000000000     
          15          21   0.0000000000000000        0.0000000000000000     
          20          21   0.0000000000000000        0.0000000000000000     
          25          21   0.0000000000000000        0.0000000000000000     
          30          21   0.0000000000000000        0.0000000000000000     
          35          21   0.0000000000000000        0.0000000000000000     
          40          21   0.0000000000000000        0.0000000000000000     
          45          21   0.0000000000000000        0.0000000000000000     
          50          21   0.0000000000000000        0.0000000000000000     
          55          21   0.0000000000000000        0.0000000000000000     
          60          21   0.0000000000000000        0.0000000000000000     
          65          21   0.0000000000000000        0.0000000000000000     
          70          21   0.0000000000000000        0.0000000000000000     
          75          21   0.0000000000000000        0.0000000000000000     
          80          21   0.0000000000000000        0.0000000000000000     
          85          21   0.0000000000000000        0.0000000000000000     
          90          21   0.0000000000000000        0.0000000000000000     
          95          21   0.0000000000000000        0.0000000000000000     
           0          22   0.0000000000000000        0.0000000000000000     
           5          22   0.0000000000000000        0.0000000000000000     
          10          22   0.0000000000000000        0.0000000000000000     
          15          22   0.0000000000000000        0.0000000000000000     
          20          22   0.0000000000000000        0.0000000000000000     
          25          22   0.0000000000000000        0.0000000000000000     
          30          22   0.0000000000000000        0.0000000000000000     
          35          22   0.0000000000000000        0.0000000000000000     
          40          22   0.0000000000000000        0.0000000000000000     
          45          22   0.0000000000000000        0.0000000000000000     
          50          22   0.0000000000000000        0.0000000000000000     
          55          22   0.0000000000000000        0.0000000000000000     
          60          22   0.0000000000000000        0.0000000000000000     
          65          22   0.0000000000000000        0.0000000000000000     
          70          22   0.0000000000000000        0.0000000000000000     
          75          22   0.0000000000000000        0.0000000000000000     
          80          22   0.0000000000000000        0.0000000000000000     
          85          22   0.0000000000000000        0.0000000000000000     
          90          22   0.0000000000000000        0.0000000000000000     
          95          22   0.0000000000000000        0.0000000000000000     
           0          23   0.0000000000000000        0.0000000000000000     
           5          23   0.0000000000000000        0.0000000000000000     
          10          23   0.0000000000000000        0.0000000000000000     
          15          23   0.0000000000000000        0.0000000000000000     
          20          23   0.0000000000000000        0.0000000000000000     
          25          23   0.0000000000000000        0.0000000000000000     
          30          23   0.0000000000000000        0.0000000000000000     
          35          23   0.0000000000000000        0.0000000000000000     
          40          23   0.0000000000000000        0.0000000000000000     
          45          23   0.0000000000000000        0.0000000000000000     
          50          23   0.0000000000000000        0.0000000000000000     
          55          23   0.0000000000000000        0.0000000000000000     
          60          23   0.0000000000000000        0.0000000000000000     
          65          23   0.0000000000000000        0.0000000000000000     
          70          23   0.0000000000000000        0.0000000000000000     
          75          23   0.0000000000000000        0.0000000000000000     
          80          23   0.0000000000000000        0.0000000000000000     
          85          23   0.0000000000000000        0.0000000000000000     
          90          23   0.0000000000000000        0.0000000000000000     
          95          23   0.0000000000000000        0.0000000000000000     
           0          24   0.0000000000000000        0.0000000000000000     
           5          24   0.0000000000000000        0.0000000000000000     
          10          24   0.0000000000000000        0.0000000000000000     
          15          24   0.0000000000000000        0.0000000000000000     
          20          24   0.0000000000000000        0.0000000000000000     
          25          24   0.0000000000000000        0.0000000000000000     
          30          24   0.0000000000000000        0.0000000000000000     
          35          24   0.0000000000000000        0.0000000000000000     
          40          24   0.0000000000000000        0.0000000000000000     
          45          24   0.0000000000000000        0.0000000000000000     
          50          24   0.0000000000000000        0.0000000000000000     
          55          24   0.0000000000000000        0.0000000000000000     
          60          24   0.0000000000000000        0.0000000000000000     
          65          24   0.0000000000000000        0.0000000000000000     
          70          24   0.0000000000000000        0.0000000000000000     
          75          24   0.0000000000000000        0.0000000000000000     
          80          24   0.0000000000000000        0.0000000000000000     
          85          24   0.0000000000000000        0.0000000000000000     
          90          24   0.0000000000000000        0.0000000000000000     
          95          24   0.0000000000000000        0.0000000000000000     
           0          25   0.0000000000000000        0.0000000000000000     
           5          25   0.0000000000000000        0.0000000000000000     
          10          25   0.0000000000000000        0.0000000000000000     
          15          25   0.0000000000000000        0.0000000000000000     
          20          25   0.0000000000000000        0.0000000000000000     
          25          25   0.0000000000000000        0.0000000000000000     
          30          25   0.0000000000000000        0.0000000000000000     
          35          25   0.0000000000000000        0.0000000000000000     
          40          25   0.0000000000000000        0.0000000000000000     
          45          25   0.0000000000000000        0.0000000000000000     
          50          25   0.0000000000000000        0.0000000000000000     
          55          25   0.0000000000000000        0.0000000000000000     
          60          25   0.0000000000000000        0.0000000000000000     
          65          25   0.0000000000000000        0.0000000000000000     
          70          25   0.0000000000000000        0.0000000000000000     
          75          25   0.0000000000000000        0.0000000000000000     
          80          25   0.0000000000000000        0.0000000000000000     
          85          25   0.0000000000000000        0.0000000000000000     
          90          25   0.0000000000000000        0.0000000000000000     
          95          25   0.0000000000000000        0.0000000000000000     
           0          26   0.0000000000000000        0.0000000000000000     
           5          26   0.0000000000000000        0.0000000000000000     
          10          26   0.0000000000000000        0.0000000000000000     
          15          26   0.0000000000000000        0.0000000000000000     
          20          26   0.0000000000000000        0.0000000000000000     
          25          26   0.0000000000000000        0.0000000000000000     
          30          26   0.0000000000000000        0.0000000000000000     
          35          26   0.0000000000000000        0.0000000000000000     
          40          26   0.0000000000000000        0.0000000000000000     
          45          26   0.0000000000000000        0.0000000000000000     
          50          26   0.0000000000000000        0.0000000000000000     
          55          26   0.0000000000000000        0.0000000000000000     
          60          26   0.0000000000000000        0.0000000000000000     
          65          26   0.0000000000000000        0.0000000000000000     
          70          26   0.0000000000000000        0.0000000000000000     
          75          26   0.0000000000000000        0.0000000000000000     
          80          26   0.0000000000000000        0.0000000000000000     
          85          26   0.0000000000000000        0.0000000000000000     
          90          26   0.0000000000000000        0.0000000000000000     
          95          26   0.0000000000000000        0.0000000000000000     
           0          27   0.0000000000000000        0.0000000000000000     
           5          27   0.0000000000000000        0.0000000000000000     
          10          27   0.0000000000000000        0.0000000000000000     
          15          27   0.0000000000000000        0.0000000000000000     
          20          27   0.0000000000000000        0.0000000000000000     
          25          27   0.0000000000000000        0.0000000000000000     
          30          27   0.0000000000000000        0.0000000000000000     
          35          27   0.0000000000000000        0.0000000000000000     
          40          27   0.0000000000000000        0.0000000000000000     
          45          27   0.0000000000000000        0.0000000000000000     
          50          27   0.0000000000000000        0.0000000000000000     
          55          27   0.0000000000000000        0.0000000000000000     
          60          27   0.0000000000000000        0.0000000000000000     
          65          27   0.0000000000000000        0.0000000000000000     
          70          27   0.0000000000000000        0.0000000000000000     
          75          27   0.0000000000000000        0.0000000000000000     
          80          27   0.0000000000000000        0.0000000000000000     
          85          27   0.0000000000000000        0.0000000000000000     
          90          27   0.0000000000000000        0.0000000000000000     
          95          27   0.0000000000000000        0.0000000000000000     
           0          28   0.0000000000000000        0.0000000000000000     
           5          28   0.0000000000000000        0.0000000000000000     
          10          28   0.0000000000000000        0.0000000000000000     
          15          28   0.0000000000000000        0.0000000000000000     
          20          28   0.0000000000000000        0.0000000000000000     
          25          28   0.0000000000000000        0.0000000000000000     
          30          28   0.0000000000000000        0.0000000000000000     
          35          28   0.0000000000000000        0.0000000000000000     
          40          28   0.0000000000000000        0.0000000000000000     
          45          28   0.0000000000000000        0.0000000000000000     
          50          28   0.0000000000000000        0.0000000000000000     
          55          28   0.0000000000000000        0.0000000000000000     
          60          28   0.0000000000000000        0.0000000000000000     
          65          28   0.0000000000000000        0.0000000000000000     
          70          28   0.0000000000000000        0.0000000000000000     
          75          28   0.0000000000000000        0.0000000000000000     
          80          28   0.0000000000000000        0.0000000000000000     
          85          28   0.0000000000000000        0.0000000000000000     
          90          28   0.0000000000000000        0.0000000000000000     
          95          28   0.0000000000000000        0.0000000000000000     
           0          29   0.0000000000000000        0.0000000000000000     
           5          29   0.0000000000000000        0.0000000000000000     
          10          29   0.0000000000000000        0.0000000000000000     
          15          29   0.0000000000000000        0.0000000000000000     
          20          29   0.0000000000000000        0.0000000000000000     
          25          29   0.0000000000000000        0.0000000000000000     
          30          29   0.0000000000000000        0.0000000000000000     
          35          29   0.0000000000000000        0.0000000000000000     
          40          29   0.0000000000000000        0.0000000000000000     
          45          29   0.0000000000000000        0.0000000000000000     
          50          29   0.0000000000000000        0.0000000000000000     
          55          29   0.0000000000000000        0.0000000000000000     
          60          29   0.0000000000000000        0.0000000000000000     
          65          29   0.0000000000000000        0.0000000000000000     
          70          29   0.0000000000000000        0.0000000000000000     
          75          29   0.0000000000000000        0.0000000000000000     
          80          29   0.0000000000000000        0.0000000000000000     
          85          29   0.0000000000000000        0.0000000000000000     
          90          29   0.0000000000000000        0.0000000000000000     
          95          29   0.0000000000000000        0.0000000000000000     
           0          30   0.0000000000000000        0.0000000000000000     
           5          30   0.0000000000000000        0.0000000000000000     
          10          30   0.0000000000000000        0.0000000000000000     
          15          30   0.0000000000000000        0.0000000000000000     
          20          30   0.0000000000000000        0.0000000000000000     
          25          30   0.0000000000000000        0.0000000000000000     
          30          30   0.0000000000000000        0.0000000000000000     
          35          30   0.0000000000000000        0.0000000000000000     
          40          30   0.0000000000000000        0.0000000000000000     
          45          30   0.0000000000000000        0.0000000000000000     
          50          30   0.0000000000000000        0.0000000000000000     
          55          30   0.0000000000000000        0.0000000000000000     
          60          30   0.0000000000000000        0.0000000000000000     
          65          30   0.0000000000000000        0.0000000000000000     
          70          30   0.0000000000000000        0.0000000000000000     
          75          30   0.0000000000000000        0.0000000000000000     
          80          30   0.0000000000000000        0.0000000000000000     
          85          30   0.0000000000000000        0.0000000000000000     
          90          30   0.0000000000000000        0.0000000000000000     
          95          30   0.0000000000000000        0.0000000000000000     
           0          31   0.0000000000000000        0.0000000000000000     
           5          31   0.0000000000000000        0.0000000000000000     
          10          31   0.0000000000000000        0.0000000000000000     
          15          31   0.0000000000000000        0.0000000000000000     
          20          31   0.0000000000000000        0.0000000000000000     
          25          31   0.0000000000000000        0.0000000000000000     
          30          31   0.0000000000000000        0.0000000000000000     
          35          31   0.0000000000000000        0.0000000000000000     
          40          31   0.0000000000000000        0.0000000000000000     
          45          31   0.0000000000000000        0.0000000000000000     
          50          31   0.0000000000000000        0.0000000000000000     
          55          31   0.0000000000000000        0.0000000000000000     
          60          31   0.0000000000000000        0.0000000000000000     
          65          31   0.0000000000000000        0.0000000000000000     
          70          31   0.0000000000000000        0.0000000000000000     
          75          31   0.0000000000000000        0.0000000000000000     
          80          31   0.0000000000000000        0.0000000000000000     
          85          31   0.0000000000000000        0.0000000000000000     
          90          31   0.0000000000000000        0.0000000000000000     
          95          31   0.0000000000000000        0.0000000000000000     
