           0           0   0.0000000000000000        0.0000000000000000     
           5           0   0.0000000000000000        0.0000000000000000     
          10           0   0.0000000000000000        0.0000000000000000     
          15           0   0.0000000000000000        0.0000000000000000     
          20           0   0.0000000000000000        0.0000000000000000     
          25           0   0.0000000000000000        0.0000000000000000     
          30           0   0.0000000000000000        0.0000000000000000     
          35           0   0.0000000000000000        0.0000000000000000     
          40           0   0.0000000000000000        0.0000000000000000     
          45           0   0.0000000000000000        0.0000000000000000     
          50           0   0.0000000000000000        0.0000000000000000     
          55           0   0.0000000000000000        0.0000000000000000     
          60           0   0.0000000000000000        0.0000000000000000     
          65           0   0.0000000000000000        0.0000000000000000     
          70           0   0.0000000000000000        0.0000000000000000     
          75           0   0.0000000000000000        0.0000000000000000     
          80           0   0.0000000000000000        0.0000000000000000     
          85           0   0.0000000000000000        0.0000000000000000     
          90           0   0.0000000000000000        0.0000000000000000     
          95           0   0.0000000000000000        0.0000000000000000     
           0           1  -4.0211425169989559E-002 -0.15133938951110079     
           5           1 -0.29382416193990402        6.7994353860102719E-002
          10           1 -0.27505192601279260       -4.2755033242292823E-002
          15           1 -0.25364911633796172        3.9569825550089810E-002
          20           1 -0.19645849704541529       -4.2469208156262900E-002
          25           1 -0.24894408552078584        4.9470053401275832E-002
          30           1 -0.31043071230696384       -8.2492834043851326E-002
          35           1 -0.36026324628291029       -5.6595235027392943E-002
          40           1 -0.14053872677555201       -5.9058353594609175E-002
          45           1 -0.35069157705291953       0.16819585437657936     
          50           1 -0.49211065079934890      -0.25863133887077738     
          55           1 -0.34247987056756912       0.28441728456467597     
          60           1  -1.0050239174064224       -7.8241196012455994E-002
          65           1 -0.25002178739019776       0.10006020075444683     
          70           1 -0.34710451638497730      -0.27983084329245494     
          75           1 -0.16650794878447783        9.8590553681762727E-003
          80           1 -0.14959260341340652       -2.7624306903114432E-002
          85           1 -0.21578252643372764        4.1756221965134205E-002
          90           1 -0.25456738125817502       -5.1048127740864480E-002
          95           1 -0.23010128529232787        6.0243831431910921E-002
           0           2 -0.45243974731861564        2.6744602802872275E-002
           5           2 -0.52052448820859298        6.6631770769751131E-002
          10           2 -0.52890849446485255       -3.1712217394390396E-002
          15           2 -0.57275843338727706        5.8384301482583556E-002
          20           2 -0.52629651878688399        2.6154977458038575E-002
          25           2 -0.58053284102688174        5.0378201075576556E-002
          30           2 -0.61473308406112537       -6.1015953492955799E-002
          35           2 -0.50608255593387330       0.22495068387643619     
          40           2  -1.1636385957347617       0.33644443607244029     
          45           2 -0.42655344908437698       -7.0930979111961945E-002
          50           2 -0.45897695851393472        3.4733685735505171E-002
          55           2 -0.89951468559723580       0.28463888133149762     
          60           2  -1.2643127025502299       0.10292273431484339     
          65           2 -0.95634274751121850       -7.1357349923015234E-003
          70           2 -0.32043068719400658      -0.12205671298955167     
          75           2 -0.94872295722248090      -0.25856117662179795     
          80           2 -0.57706375021338019       -1.9647334829515917E-002
          85           2 -0.51360449264792329       -8.1157747202839636E-003
          90           2 -0.53053310398953890       -4.0615914516858864E-002
          95           2 -0.57670324431047248        8.1435109539965134E-002
           0           3  -1.0413342216735852       -1.9161566553529963E-002
           5           3 -0.49530424261041983        6.3167015751167122E-002
          10           3  -1.1707550547036816       -4.7744358173638923E-002
          15           3  -1.0891789677178187       0.14885666448027912     
          20           3  -1.1608853716177370       -1.5102584884664483E-002
          25           3  -1.1068924281854020        9.9108617114609943E-002
          30           3  -1.1287209741944748       -9.7001985088808473E-002
          35           3  -1.0606081864239503      -0.45186411195368564     
          40           3 -0.49621422837042850        1.6334662920197696E-002
          45           3  -1.5935592818716593       -1.0416707626956234E-002
          50           3  -1.2566766684496411       0.25144223480988437     
          55           3 -0.84978470681451590       -2.0389579827931326E-002
          60           3 -0.36423710075506044        1.7656997253479023E-002
          65           3  -1.2441609173208246       -9.3097745696817114E-002
          70           3 -0.84899483867695302       -1.0711591740993065E-002
          75           3  -1.5570628705896539      -0.38367415062204313     
          80           3  -1.1629089305098539      -0.13225592716551576     
          85           3  -1.1725776780235897       -2.9265904031433587E-003
          90           3 -0.98036488085706530       -8.6808585280893913E-002
          95           3 -0.97740224794695685       0.18398803037708578     
           0           4 -0.46987596115317332       -1.8807105086476872E-002
           5           4  -1.0934486409015092        7.1113956398999312E-002
          10           4 -0.55837507978509504        1.8719069372549746E-002
          15           4 -0.55454430729046100        6.3937037817693443E-002
          20           4 -0.58682377331087388        2.3516203061374474E-002
          25           4 -0.55259659152540053        4.8870358518512957E-002
          30           4 -0.51256664151233533       -4.7501533157121023E-002
          35           4 -0.56088061864800753      -0.16788708269446784     
          40           4 -0.49880974257898725      -0.13717961684450719     
          45           4 -0.43228046445242807       -2.7447037390798679E-002
          50           4 -0.81799168414664614       0.13463424998728935     
          55           4 -0.36506273089487173       -7.0188352342404059E-002
          60           4 -0.75387864563292162        7.8635787903180709E-002
          65           4 -0.38840533397310750       -4.2587743917382737E-002
          70           4 -0.83178519762361347      -0.14428986287888523     
          75           4 -0.45779263679990301      -0.12865676910112089     
          80           4 -0.59410175431318102       -1.4757793163830413E-002
          85           4 -0.56278475252580229        2.5699675036128244E-002
          90           4 -0.44356135942447139       -6.1950348535649846E-002
          95           4 -0.41820335497266825        3.4831715306007927E-002
           0           5 -0.50665198651361931       -2.4259762100159454E-002
           5           5 -0.51394476803363898        3.0574347051406936E-002
          10           5 -0.55294878414838267        1.5383524542000870E-002
          15           5 -0.57127034441800673        4.8813719111667764E-002
          20           5 -0.59137168487516378        2.9392959529223051E-002
          25           5 -0.49987945526908106        9.7715977514511998E-002
          30           5 -0.52423863333594944       -5.9146446372559947E-002
          35           5 -0.48192045114581195      -0.12424512277106614     
          40           5 -0.67294695577813091        8.3786339829805545E-002
          45           5  -1.1038236580079852      -0.13017160327720434     
          50           5 -0.46159241904875081        1.7024182596830917E-002
          55           5 -0.66829769314380449       0.15527932290697322     
          60           5 -0.27675104054769584        7.1707925255598548E-002
          65           5 -0.84479433942297177        4.9316593981330037E-002
          70           5 -0.49377663993044330      -0.10249555212012151     
          75           5  -1.0238598509215713      -0.22333524899102730     
          80           5 -0.58761698040976640       -2.1637432073146057E-002
          85           5 -0.56360586394577084        3.0630395649530739E-002
          90           5 -0.45353718847618296       -6.8765851338331574E-002
          95           5 -0.41940288217912070        1.6171584288626750E-002
           0           6 -0.49975918765916055        6.8892990379154639E-003
           5           6 -0.50115307340600768        4.1463439474503927E-002
          10           6 -0.55606179439879333        1.9049598117132360E-002
          15           6 -0.59338533000274918        5.7885699743659424E-002
          20           6 -0.55974711237027908        1.6627502569810382E-002
          25           6 -0.50913945187802678        2.1463413885230986E-002
          30           6 -0.52604006243628376       -2.2222230993476644E-002
          35           6 -0.56906837701764523       -8.4428493444532737E-002
          40           6  -1.2070100747607615      -0.25342326374640234     
          45           6  -1.7388034317505907      -0.15152222495345979     
          50           6  -1.6467864550051559       0.13307002755216790     
          55           6  -1.6223149626004574       -7.6524288895804538E-002
          60           6  -1.0244117325652891       -9.9785492901141581E-002
          65           6  -1.0164167087611808       -7.8794692270275912E-002
          70           6  -1.0966256570310584      -0.24279658678044713     
          75           6  -1.7529446193187415      -0.25960514962265757     
          80           6  -1.1135691373242995      -0.13093298987451596     
          85           6  -1.1022775948399399        1.3185675062851732E-002
          90           6 -0.44772635571121988       -4.9684548861367306E-002
          95           6 -0.94100703856181411       -3.5146113966239012E-002
           0           7  -1.0996631075218870        8.9929655724685365E-002
           5           7  -1.0797926079583049        5.6114898821790771E-002
          10           7  -1.0759141898547542        5.4636676311142773E-002
          15           7  -1.1689371572951024       0.15889103005262140     
          20           7  -1.0505880460595640        3.9875982285886291E-002
          25           7  -1.0493560543106684        8.2423165446293689E-002
          30           7  -1.1105936786059978        1.7106667277444476E-002
          35           7  -1.0910078085502040      -0.15296885126317439     
          40           7 -0.56036035731843459       -8.6057616515561319E-002
          45           7 -0.58524538971649331       -7.3937493605263915E-002
          50           7  -1.1481554900527602       -1.3714306045659042E-002
          55           7 -0.55075301900076035        1.5707678826110127E-002
          60           7 -0.55412101811036507       -6.1328904778917837E-002
          65           7 -0.49815992883561755       -1.7713961266013767E-002
          70           7 -0.53424307368876711      -0.13040625914645387     
          75           7 -0.61078011784454489       -7.7708280697003085E-002
          80           7  -1.1373519260360343      -0.11505968629893504     
          85           7 -0.51556608259506476       -1.0654998123110770E-002
          90           7 -0.88407580604910052       -5.6897801771760292E-002
          95           7 -0.43320895992571273       -1.2318695101487531E-002
           0           8 -0.53490212310471941        5.5555217555181002E-002
           5           8 -0.55806603145490408        3.3252178042036951E-002
          10           8 -0.51885765395984218        3.6077231539560772E-002
          15           8 -0.64484970721256918        5.2481665336195915E-002
          20           8 -0.52079500050539185        2.1620738714922538E-002
          25           8 -0.51536028226550901        8.8487567091732888E-003
          30           8 -0.48549030627009770       -9.7205718391224494E-004
          35           8 -0.49990941504984843       -8.8366682971380284E-002
          40           8 -0.57510093896429026       -8.2182825927312741E-002
          45           8  -1.1142466586377964      -0.11231430136468545     
          50           8 -0.60597437113618646       -1.6545586720706495E-002
          55           8 -0.53022727452001206        2.9840674568570869E-002
          60           8 -0.52737357765564319       -6.0924678040447100E-002
          65           8 -0.53652743591592333        1.1037687255854856E-003
          70           8 -0.48562439143751135       -7.6155209256384415E-002
          75           8  -1.2022339457851139      -0.16102453730293398     
          80           8 -0.59298749216063484       -6.7989838992560392E-002
          85           8 -0.49357359286572589        3.5373601692256784E-003
          90           8 -0.42226802712042044       -2.1270107390669590E-002
          95           8 -0.42583759266134891       -9.3881981607091269E-002
           0           9 -0.44282088447854162        8.9582039858315810E-002
           5           9 -0.53696118295774864        2.6260366321334550E-002
          10           9 -0.53160034215987695        3.2523731759853680E-002
          15           9 -0.54328928827562795        5.6663669249779058E-003
          20           9 -0.52182995987304359        2.3802454687388286E-002
          25           9 -0.49071930486033200       -5.9426224049974330E-003
          30           9 -0.91194081050849363       -2.0444489613885564E-002
          35           9 -0.52881803511650727       -8.2875496067724708E-002
          40           9  -1.1409648622884294      -0.16401519470826686     
          45           9 -0.56133798752522335       -3.8988313301180355E-002
          50           9  -1.1971274539346322       -2.0185544737094663E-002
          55           9 -0.55666191487890870       -7.2804019757288785E-005
          60           9 -0.52454791458655947       -4.6913170663326342E-002
          65           9 -0.53574258674360387        2.5363806097217223E-002
          70           9 -0.57499132892324667       -7.0988562309165504E-002
          75           9 -0.60350855134450043       -8.3465344271893560E-002
          80           9  -1.1310772947525916      -0.13721058552185195     
          85           9 -0.48036720114441600       -4.8083635600937313E-003
          90           9 -0.48846629238097350       -7.3471766412480655E-002
          95           9 -0.44728697734086609       -5.7233457810834665E-002
           0          10 -0.44327951841950997        3.9121730420477174E-002
           5          10 -0.56060154405304652        1.4087513177107880E-002
          10          10 -0.52606626593093564        4.7060983226765440E-002
          15          10  -1.0240833337282762       -6.5020658308878598E-003
          20          10  -1.0077117614479270        4.0077408856725727E-002
          25          10 -0.99352029179933243        2.6103666011245696E-002
          30          10  -1.3717077886488127       -5.1067490125511483E-004
          35          10  -1.0429872491046766      -0.13362805730735006     
          40          10  -1.6473305709657771      -0.22931503436671163     
          45          10  -1.7052596686456534      -0.19315681379999949     
          50          10  -1.6950859452669054      -0.12879838298757162     
          55          10  -1.1894089328223778      -0.11471003505764132     
          60          10  -1.0090112236627036       -7.9236336520682737E-002
          65          10  -1.1230197127320984       -8.2856918670604074E-003
          70          10  -1.2052602927670186      -0.15847292004975144     
          75          10  -1.1236222030452936      -0.20062359680897424     
          80          10  -1.5968531037413580      -0.17239856853812352     
          85          10  -1.0487955885363220       -8.0604471144607448E-002
          90          10 -0.99462775847269924      -0.12452641376350937     
          95          10 -0.97756960093287049      -0.13855358634365378     
           0          11 -0.83985397831395603        6.8364176387114561E-002
           5          11 -0.99130968378116635       -4.2051707497409163E-002
          10          11  -1.0394553450109034        3.4545608823405294E-002
          15          11 -0.49663497971558224        1.1550294156947860E-002
          20          11 -0.46334965378425075       -3.6970598735197591E-004
          25          11  -1.0070030468323221        1.3695081370890261E-002
          30          11 -0.46964095795021255        4.4402322865733090E-003
          35          11  -1.0513024027203333      -0.13696825023959414     
          40          11 -0.53228111899783492       -8.9568492845082393E-002
          45          11  -1.0304595924826021      -0.18338931804556813     
          50          11 -0.54780115569696974       -9.2383455307931683E-002
          55          11 -0.59237559583813493       -8.8029075869244799E-002
          60          11 -0.61998541125651840       -5.5620102001191496E-002
          65          11 -0.59224677389835279       -3.0661280828736537E-002
          70          11 -0.59573064549622856       -7.4177538097047746E-002
          75          11 -0.57796984489155712       -5.8641483839660946E-002
          80          11 -0.51750291302665730       -7.1427901835730001E-002
          85          11 -0.95908526422272544       -8.7625275088099031E-002
          90          11 -0.50431254425165051       -4.6292904831712889E-002
          95          11 -0.48693819957312812       -7.7116511577601798E-002
           0          12 -0.49059406391997046       -1.0373930447726831E-002
           5          12 -0.50417162431662388       -4.6260561703537206E-002
          10          12 -0.49539720648500429        2.1921293726079316E-002
          15          12 -0.48612979743567486       -9.4742371278822013E-003
          20          12 -0.95596061267522181        5.1254390203425704E-002
          25          12 -0.49331193473167723       -1.4844566474103704E-002
          30          12 -0.48778238577018573        1.8617981768775937E-002
          35          12 -0.52165665607561973       -6.0898045204094142E-002
          40          12  -1.0465981226381871      -0.19039090621023047     
          45          12 -0.52801754702624937       -9.5892266579744589E-002
          50          12 -0.55985853580797773      -0.11554246775416499     
          55          12 -0.60687965578454239      -0.12449956410101604     
          60          12 -0.64014747770624325      -0.10895530115920260     
          65          12 -0.59803872048291851       -6.0205890195091927E-002
          70          12 -0.60336089149126693      -0.10803622435232030     
          75          12 -0.59601416229737580       -6.7134567651450094E-002
          80          12 -0.49841665156535875       -6.5642373480723215E-002
          85          12 -0.48356658091219806       -2.4240747818343733E-002
          90          12 -0.99643522337933277      -0.11554374479527674     
          95          12 -0.50604772713569446       -5.5318446186558567E-002
           0          13 -0.50484976477352050        3.9528048152437378E-002
           5          13 -0.45105445658756571       -1.1060235377280403E-002
          10          13 -0.48086554830198414       -5.5475709054286781E-003
          15          13 -0.89703920186895436       -9.9293474750683508E-003
          20          13 -0.48771522670604250        3.2651424962393261E-002
          25          13 -0.97201458086060288       -5.1061558668519247E-002
          30          13 -0.47549874576391371        1.0652919505416136E-002
          35          13  -1.0157976513686107      -0.11665917286601823     
          40          13 -0.54201260394959316       -9.1756224502581585E-002
          45          13 -0.56140868180620807       -9.0343947671267522E-002
          50          13 -0.59224279720604400      -0.13395773132918176     
          55          13 -0.57519626283641934      -0.14007862466525189     
          60          13 -0.65932151450676102       -7.1424605408709763E-002
          65          13  -1.1415488521138162      -0.12972400647015547     
          70          13  -1.1621717024823397      -0.15678656231171706     
          75          13  -1.1106593962006972      -0.24162537475114210     
          80          13 -0.54093222083939629       -5.9845483749709771E-002
          85          13 -0.97513113812675023       -2.2998151558151214E-002
          90          13 -0.49186606764450858       -5.8780580793615922E-002
          95          13 -0.48610590150266475       -3.6944528406801513E-002
           0          14  -1.4714214083088466        6.0406600988494041E-002
           5          14 -0.94078475651820925        2.7299881051323638E-002
          10          14 -0.48379495834166564       -2.0754360915697934E-002
          15          14  -1.4177600337828000       -2.0940517851675278E-002
          20          14  -1.4400399368366679       0.10938700928608824     
          25          14 -0.95000643397569196      -0.10264992530234496     
          30          14 -0.97599065388642714       -2.2908249663888824E-003
          35          14  -1.0966894905617419       -5.3814431554832787E-002
          40          14  -1.1331081286553024      -0.18031542111524024     
          45          14  -1.1041849377829704      -0.20879888095876042     
          50          14  -1.1521734689678986      -0.30618478970734220     
          55          14  -1.1215121716412479      -0.25209321933422624     
          60          14  -1.2536437635934927      -0.21869326776863263     
          65          14 -0.58531637625258703       -6.9748479181175327E-002
          70          14  -1.1287697103490313      -0.15726414661215715     
          75          14 -0.55559885487221905      -0.15314046540981785     
          80          14  -1.0836790190826839      -0.15952223328008497     
          85          14  -1.5405476764629444       -1.3954671224114534E-004
          90          14  -1.4333113367182015      -0.17684968215581076     
          95          14  -1.4223404441593424      -0.10675971935436568     
           0          15 -0.92999563950994535       -1.4324134148813172E-002
           5          15  -1.0039121511537519       -4.3349224003730313E-002
          10          15  -1.5490921690813897       -9.6455202941159168E-002
          15          15 -0.49999014769180894        1.2851933879065580E-002
          20          15 -0.47638362264068590        2.5168593418556373E-002
          25          15 -0.49983443706214103        5.6442253493216299E-003
          30          15 -0.49728371147361727        5.1979042689498378E-003
          35          15 -0.52771598142042908       -3.0984643919207411E-002
          40          15 -0.55866428314399474       -8.3316557515644707E-002
          45          15 -0.54896305748008967       -9.4157282381768237E-002
          50          15 -0.57958151961856608      -0.15173938747004012     
          55          15 -0.56815126231679614      -0.14983035175997195     
          60          15 -0.59637566085846139      -0.12756664109325744     
          65          15 -0.57075713910337278      -0.10359635993745231     
          70          15 -0.57773848618603019       -7.7131048648870770E-002
          75          15 -0.54972122793373046      -0.14644862924434454     
          80          15 -0.54071830130286713      -0.11746352572089558     
          85          15 -0.51993723573895423       -4.4736820708768388E-002
          90          15 -0.50920187374847714       -6.1032347519474062E-002
          95          15 -0.46452837347166209       -3.4702147207188450E-002
           0          16 -0.47396118577790708       -2.1237550640595959E-002
           5          16 -0.85701326794682120       -2.1178989731973630E-002
          10          16 -0.51825814813860616       -3.4895174386984085E-002
          15          16 -0.48859528671563179        1.6885511965603062E-002
          20          16 -0.48806414234520146        3.9873822842706463E-002
          25          16 -0.43708599259895120       -2.7699682705883966E-003
          30          16 -0.51399941223106982        9.7556817671429208E-003
          35          16 -0.56041694947273069       -2.0813663565988350E-002
          40          16 -0.59020997372760675       -6.0947081387818791E-002
          45          16 -0.55732521404505686       -9.6998596000597015E-002
          50          16 -0.56488775648233513      -0.15991136859488941     
          55          16 -0.57375744879628598      -0.14847013454166724     
          60          16 -0.58790844605249859      -0.19287748966173579     
          65          16 -0.61556780278970713      -0.12435166955454546     
          70          16 -0.60048995631833968       -9.3517884685312413E-002
          75          16 -0.56585622319915707      -0.14030465048109342     
          80          16 -0.55232448032738191      -0.10748897347950814     
          85          16 -0.52259084247330279       -9.0560527271632552E-004
          90          16 -0.54084079405214425       -2.8085028794810896E-002
          95          16 -0.46659984283659028       -2.2648959644711031E-002
           0          17 -0.48429563964867001       -1.7967045838340745E-002
           5          17 -0.45996053355978894        9.1205159316598561E-003
          10          17 -0.53379027207839380       -2.0832797808789660E-002
          15          17 -0.48618489037921542      -0.10279543005003999     
          20          17 -0.47263997263929935        3.5166648737205985E-002
          25          17 -0.48297336269209623       -3.0300369428526430E-002
          30          17 -0.55637922938278628        1.4241268516679284E-002
          35          17 -0.53034141763552700        1.5680891291280918E-002
          40          17 -0.57114765530608125       -4.2978771709889507E-002
          45          17  -1.1017728966566942      -0.18582791963928091     
          50          17  -1.1468444764095587      -0.28111608800424071     
          55          17  -1.1707108270142541      -0.31566986152836707     
          60          17  -1.1793799137960193      -0.40922024946044022     
          65          17  -1.1940930971165997      -0.31551429272524967     
          70          17  -1.1134933551160131      -0.25126583518719769     
          75          17  -1.0991015811923077      -0.25430041478979870     
          80          17  -1.1540311771951473      -0.19480691946849316     
          85          17 -0.52468536878125249       -5.1920913653191736E-002
          90          17 -0.51998234743777516       -5.5350275369181468E-002
          95          17 -0.45513394314466993       -2.2689607155623737E-002
           0          18  -1.0741614077415225       -6.9990089680282974E-002
           5          18 -0.46065615297727347       -2.1805661777063445E-002
          10          18 -0.41476844942101021        4.1781435535515055E-002
          15          18 -0.54279348547181527       -5.9383858239947518E-002
          20          18 -0.47070783391889304       -3.5363384015552057E-003
          25          18 -0.97926190136821134        4.0298962189766474E-002
          30          18  -1.1624372930651994       -6.6298344730819636E-003
          35          18  -1.1036603174241488       -2.0804458568668416E-002
          40          18  -1.4083968403699743       -3.5332514612962385E-002
          45          18 -0.56634190979842902       -7.0229338175742395E-002
          50          18 -0.64536665435044327      -0.12334697285704133     
          55          18 -0.57230187626045037      -0.16107447611019010     
          60          18 -0.58203256341426979      -0.18478501336932629     
          65          18 -0.82524146992835057      -0.14969065409292659     
          70          18   0.0000000000000000        0.0000000000000000     
          75          18 -0.67792712845848868       -5.5370364569207187E-002
          80          18 -0.57801540638502402       -8.2971337941051271E-002
          85          18 -0.53642271325760049       -6.9187691819905250E-002
          90          18  -1.2594200222637575        2.7507876459997860E-003
          95          18  -1.1737559084212812      -0.11969404070472089     
           0          19   0.0000000000000000        0.0000000000000000     
           5          19 -0.51981731832281830        8.6733639440006449E-003
          10          19 -0.75479159296149012       0.18476781223714100     
          15          19 -0.71578597402255362       -5.0140880934190779E-002
          20          19   0.0000000000000000        0.0000000000000000     
          25          19   0.0000000000000000        0.0000000000000000     
          30          19   0.0000000000000000        0.0000000000000000     
          35          19   0.0000000000000000        0.0000000000000000     
          40          19   0.0000000000000000        0.0000000000000000     
          45          19   0.0000000000000000        0.0000000000000000     
          50          19   0.0000000000000000        0.0000000000000000     
          55          19   0.0000000000000000        0.0000000000000000     
          60          19   0.0000000000000000        0.0000000000000000     
          65          19   0.0000000000000000        0.0000000000000000     
          70          19   0.0000000000000000        0.0000000000000000     
          75          19   0.0000000000000000        0.0000000000000000     
          80          19   0.0000000000000000        0.0000000000000000     
          85          19 -0.78655871828647861      -0.16632162095159275     
          90          19   0.0000000000000000        0.0000000000000000     
          95          19   0.0000000000000000        0.0000000000000000     
           0          20   0.0000000000000000        0.0000000000000000     
           5          20   0.0000000000000000        0.0000000000000000     
          10          20   0.0000000000000000        0.0000000000000000     
          15          20   0.0000000000000000        0.0000000000000000     
          20          20   0.0000000000000000        0.0000000000000000     
          25          20   0.0000000000000000        0.0000000000000000     
          30          20   0.0000000000000000        0.0000000000000000     
          35          20   0.0000000000000000        0.0000000000000000     
          40          20   0.0000000000000000        0.0000000000000000     
          45          20   0.0000000000000000        0.0000000000000000     
          50          20   0.0000000000000000        0.0000000000000000     
          55          20   0.0000000000000000        0.0000000000000000     
          60          20   0.0000000000000000        0.0000000000000000     
          65          20   0.0000000000000000        0.0000000000000000     
          70          20   0.0000000000000000        0.0000000000000000     
          75          20   0.0000000000000000        0.0000000000000000     
          80          20   0.0000000000000000        0.0000000000000000     
          85          20   0.0000000000000000        0.0000000000000000     
          90          20   0.0000000000000000        0.0000000000000000     
          95          20   0.0000000000000000        0.0000000000000000     
           0          21   0.0000000000000000        0.0000000000000000     
           5          21   0.0000000000000000        0.0000000000000000     
          10          21   0.0000000000000000        0.0000000000000000     
          15          21   0.0000000000000000        0.0000000000000000     
          20          21   0.0000000000000000        0.0000000000000000     
          25          21   0.0000000000000000        0.0000000000000000     
          30          21   0.0000000000000000        0.0000000000000000     
          35          21   0.0000000000000000        0.0000000000000000     
          40          21   0.0000000000000000        0.0000000000000000     
          45          21   0.0000000000000000        0.0000000000000000     
          50          21   0.0000000000000000        0.0000000000000000     
          55          21   0.0000000000000000        0.0000000000000000     
          60          21   0.0000000000000000        0.0000000000000000     
          65          21   0.0000000000000000        0.0000000000000000     
          70          21   0.0000000000000000        0.0000000000000000     
          75          21   0.0000000000000000        0.0000000000000000     
          80          21   0.0000000000000000        0.0000000000000000     
          85          21   0.0000000000000000        0.0000000000000000     
          90          21   0.0000000000000000        0.0000000000000000     
          95          21   0.0000000000000000        0.0000000000000000     
           0          22   0.0000000000000000        0.0000000000000000     
           5          22   0.0000000000000000        0.0000000000000000     
          10          22   0.0000000000000000        0.0000000000000000     
          15          22   0.0000000000000000        0.0000000000000000     
          20          22   0.0000000000000000        0.0000000000000000     
          25          22   0.0000000000000000        0.0000000000000000     
          30          22   0.0000000000000000        0.0000000000000000     
          35          22   0.0000000000000000        0.0000000000000000     
          40          22   0.0000000000000000        0.0000000000000000     
          45          22   0.0000000000000000        0.0000000000000000     
          50          22   0.0000000000000000        0.0000000000000000     
          55          22   0.0000000000000000        0.0000000000000000     
          60          22   0.0000000000000000        0.0000000000000000     
          65          22   0.0000000000000000        0.0000000000000000     
          70          22   0.0000000000000000        0.0000000000000000     
          75          22   0.0000000000000000        0.0000000000000000     
          80          22   0.0000000000000000        0.0000000000000000     
          85          22   0.0000000000000000        0.0000000000000000     
          90          22   0.0000000000000000        0.0000000000000000     
          95          22   0.0000000000000000        0.0000000000000000     
           0          23   0.0000000000000000        0.0000000000000000     
           5          23   0.0000000000000000        0.0000000000000000     
          10          23   0.0000000000000000        0.0000000000000000     
          15          23   0.0000000000000000        0.0000000000000000     
          20          23   0.0000000000000000        0.0000000000000000     
          25          23   0.0000000000000000        0.0000000000000000     
          30          23   0.0000000000000000        0.0000000000000000     
          35          23   0.0000000000000000        0.0000000000000000     
          40          23   0.0000000000000000        0.0000000000000000     
          45          23   0.0000000000000000        0.0000000000000000     
          50          23   0.0000000000000000        0.0000000000000000     
          55          23   0.0000000000000000        0.0000000000000000     
          60          23   0.0000000000000000        0.0000000000000000     
          65          23   0.0000000000000000        0.0000000000000000     
          70          23   0.0000000000000000        0.0000000000000000     
          75          23   0.0000000000000000        0.0000000000000000     
          80          23   0.0000000000000000        0.0000000000000000     
          85          23   0.0000000000000000        0.0000000000000000     
          90          23   0.0000000000000000        0.0000000000000000     
          95          23   0.0000000000000000        0.0000000000000000     
           0          24   0.0000000000000000        0.0000000000000000     
           5          24   0.0000000000000000        0.0000000000000000     
          10          24   0.0000000000000000        0.0000000000000000     
          15          24   0.0000000000000000        0.0000000000000000     
          20          24   0.0000000000000000        0.0000000000000000     
          25          24   0.0000000000000000        0.0000000000000000     
          30          24   0.0000000000000000        0.0000000000000000     
          35          24   0.0000000000000000        0.0000000000000000     
          40          24   0.0000000000000000        0.0000000000000000     
          45          24   0.0000000000000000        0.0000000000000000     
          50          24   0.0000000000000000        0.0000000000000000     
          55          24   0.0000000000000000        0.0000000000000000     
          60          24   0.0000000000000000        0.0000000000000000     
          65          24   0.0000000000000000        0.0000000000000000     
          70          24   0.0000000000000000        0.0000000000000000     
          75          24   0.0000000000000000        0.0000000000000000     
          80          24   0.0000000000000000        0.0000000000000000     
          85          24   0.0000000000000000        0.0000000000000000     
          90          24   0.0000000000000000        0.0000000000000000     
          95          24   0.0000000000000000        0.0000000000000000     
           0          25   0.0000000000000000        0.0000000000000000     
           5          25   0.0000000000000000        0.0000000000000000     
          10          25   0.0000000000000000        0.0000000000000000     
          15          25   0.0000000000000000        0.0000000000000000     
          20          25   0.0000000000000000        0.0000000000000000     
          25          25   0.0000000000000000        0.0000000000000000     
          30          25   0.0000000000000000        0.0000000000000000     
          35          25   0.0000000000000000        0.0000000000000000     
          40          25   0.0000000000000000        0.0000000000000000     
          45          25   0.0000000000000000        0.0000000000000000     
          50          25   0.0000000000000000        0.0000000000000000     
          55          25   0.0000000000000000        0.0000000000000000     
          60          25   0.0000000000000000        0.0000000000000000     
          65          25   0.0000000000000000        0.0000000000000000     
          70          25   0.0000000000000000        0.0000000000000000     
          75          25   0.0000000000000000        0.0000000000000000     
          80          25   0.0000000000000000        0.0000000000000000     
          85          25   0.0000000000000000        0.0000000000000000     
          90          25   0.0000000000000000        0.0000000000000000     
          95          25   0.0000000000000000        0.0000000000000000     
           0          26   0.0000000000000000        0.0000000000000000     
           5          26   0.0000000000000000        0.0000000000000000     
          10          26   0.0000000000000000        0.0000000000000000     
          15          26   0.0000000000000000        0.0000000000000000     
          20          26   0.0000000000000000        0.0000000000000000     
          25          26   0.0000000000000000        0.0000000000000000     
          30          26   0.0000000000000000        0.0000000000000000     
          35          26   0.0000000000000000        0.0000000000000000     
          40          26   0.0000000000000000        0.0000000000000000     
          45          26   0.0000000000000000        0.0000000000000000     
          50          26   0.0000000000000000        0.0000000000000000     
          55          26   0.0000000000000000        0.0000000000000000     
          60          26   0.0000000000000000        0.0000000000000000     
          65          26   0.0000000000000000        0.0000000000000000     
          70          26   0.0000000000000000        0.0000000000000000     
          75          26   0.0000000000000000        0.0000000000000000     
          80          26   0.0000000000000000        0.0000000000000000     
          85          26   0.0000000000000000        0.0000000000000000     
          90          26   0.0000000000000000        0.0000000000000000     
          95          26   0.0000000000000000        0.0000000000000000     
           0          27   0.0000000000000000        0.0000000000000000     
           5          27   0.0000000000000000        0.0000000000000000     
          10          27   0.0000000000000000        0.0000000000000000     
          15          27   0.0000000000000000        0.0000000000000000     
          20          27   0.0000000000000000        0.0000000000000000     
          25          27   0.0000000000000000        0.0000000000000000     
          30          27   0.0000000000000000        0.0000000000000000     
          35          27   0.0000000000000000        0.0000000000000000     
          40          27   0.0000000000000000        0.0000000000000000     
          45          27   0.0000000000000000        0.0000000000000000     
          50          27   0.0000000000000000        0.0000000000000000     
          55          27   0.0000000000000000        0.0000000000000000     
          60          27   0.0000000000000000        0.0000000000000000     
          65          27   0.0000000000000000        0.0000000000000000     
          70          27   0.0000000000000000        0.0000000000000000     
          75          27   0.0000000000000000        0.0000000000000000     
          80          27   0.0000000000000000        0.0000000000000000     
          85          27   0.0000000000000000        0.0000000000000000     
          90          27   0.0000000000000000        0.0000000000000000     
          95          27   0.0000000000000000        0.0000000000000000     
           0          28   0.0000000000000000        0.0000000000000000     
           5          28   0.0000000000000000        0.0000000000000000     
          10          28   0.0000000000000000        0.0000000000000000     
          15          28   0.0000000000000000        0.0000000000000000     
          20          28   0.0000000000000000        0.0000000000000000     
          25          28   0.0000000000000000        0.0000000000000000     
          30          28   0.0000000000000000        0.0000000000000000     
          35          28   0.0000000000000000        0.0000000000000000     
          40          28   0.0000000000000000        0.0000000000000000     
          45          28   0.0000000000000000        0.0000000000000000     
          50          28   0.0000000000000000        0.0000000000000000     
          55          28   0.0000000000000000        0.0000000000000000     
          60          28   0.0000000000000000        0.0000000000000000     
          65          28   0.0000000000000000        0.0000000000000000     
          70          28   0.0000000000000000        0.0000000000000000     
          75          28   0.0000000000000000        0.0000000000000000     
          80          28   0.0000000000000000        0.0000000000000000     
          85          28   0.0000000000000000        0.0000000000000000     
          90          28   0.0000000000000000        0.0000000000000000     
          95          28   0.0000000000000000        0.0000000000000000     
           0          29   0.0000000000000000        0.0000000000000000     
           5          29   0.0000000000000000        0.0000000000000000     
          10          29   0.0000000000000000        0.0000000000000000     
          15          29   0.0000000000000000        0.0000000000000000     
          20          29   0.0000000000000000        0.0000000000000000     
          25          29   0.0000000000000000        0.0000000000000000     
          30          29   0.0000000000000000        0.0000000000000000     
          35          29   0.0000000000000000        0.0000000000000000     
          40          29   0.0000000000000000        0.0000000000000000     
          45          29   0.0000000000000000        0.0000000000000000     
          50          29   0.0000000000000000        0.0000000000000000     
          55          29   0.0000000000000000        0.0000000000000000     
          60          29   0.0000000000000000        0.0000000000000000     
          65          29   0.0000000000000000        0.0000000000000000     
          70          29   0.0000000000000000        0.0000000000000000     
          75          29   0.0000000000000000        0.0000000000000000     
          80          29   0.0000000000000000        0.0000000000000000     
          85          29   0.0000000000000000        0.0000000000000000     
          90          29   0.0000000000000000        0.0000000000000000     
          95          29   0.0000000000000000        0.0000000000000000     
           0          30   0.0000000000000000        0.0000000000000000     
           5          30   0.0000000000000000        0.0000000000000000     
          10          30   0.0000000000000000        0.0000000000000000     
          15          30   0.0000000000000000        0.0000000000000000     
          20          30   0.0000000000000000        0.0000000000000000     
          25          30   0.0000000000000000        0.0000000000000000     
          30          30   0.0000000000000000        0.0000000000000000     
          35          30   0.0000000000000000        0.0000000000000000     
          40          30   0.0000000000000000        0.0000000000000000     
          45          30   0.0000000000000000        0.0000000000000000     
          50          30   0.0000000000000000        0.0000000000000000     
          55          30   0.0000000000000000        0.0000000000000000     
          60          30   0.0000000000000000        0.0000000000000000     
          65          30   0.0000000000000000        0.0000000000000000     
          70          30   0.0000000000000000        0.0000000000000000     
          75          30   0.0000000000000000        0.0000000000000000     
          80          30   0.0000000000000000        0.0000000000000000     
          85          30   0.0000000000000000        0.0000000000000000     
          90          30   0.0000000000000000        0.0000000000000000     
          95          30   0.0000000000000000        0.0000000000000000     
           0          31   0.0000000000000000        0.0000000000000000     
           5          31   0.0000000000000000        0.0000000000000000     
          10          31   0.0000000000000000        0.0000000000000000     
          15          31   0.0000000000000000        0.0000000000000000     
          20          31   0.0000000000000000        0.0000000000000000     
          25          31   0.0000000000000000        0.0000000000000000     
          30          31   0.0000000000000000        0.0000000000000000     
          35          31   0.0000000000000000        0.0000000000000000     
          40          31   0.0000000000000000        0.0000000000000000     
          45          31   0.0000000000000000        0.0000000000000000     
          50          31   0.0000000000000000        0.0000000000000000     
          55          31   0.0000000000000000        0.0000000000000000     
          60          31   0.0000000000000000        0.0000000000000000     
          65          31   0.0000000000000000        0.0000000000000000     
          70          31   0.0000000000000000        0.0000000000000000     
          75          31   0.0000000000000000        0.0000000000000000     
          80          31   0.0000000000000000        0.0000000000000000     
          85          31   0.0000000000000000        0.0000000000000000     
          90          31   0.0000000000000000        0.0000000000000000     
          95          31   0.0000000000000000        0.0000000000000000     
