           0           0   0.0000000000000000        0.0000000000000000     
           5           0   0.0000000000000000        0.0000000000000000     
          10           0   0.0000000000000000        0.0000000000000000     
          15           0   0.0000000000000000        0.0000000000000000     
          20           0   0.0000000000000000        0.0000000000000000     
          25           0   0.0000000000000000        0.0000000000000000     
          30           0   0.0000000000000000        0.0000000000000000     
          35           0   0.0000000000000000        0.0000000000000000     
          40           0   0.0000000000000000        0.0000000000000000     
          45           0   0.0000000000000000        0.0000000000000000     
          50           0   0.0000000000000000        0.0000000000000000     
          55           0   0.0000000000000000        0.0000000000000000     
          60           0   0.0000000000000000        0.0000000000000000     
          65           0   0.0000000000000000        0.0000000000000000     
          70           0   0.0000000000000000        0.0000000000000000     
          75           0   0.0000000000000000        0.0000000000000000     
          80           0   0.0000000000000000        0.0000000000000000     
          85           0   0.0000000000000000        0.0000000000000000     
          90           0   0.0000000000000000        0.0000000000000000     
          95           0   0.0000000000000000        0.0000000000000000     
           0           1 -0.13092130939724478        4.5247396769209497E-002
           5           1 -0.19952675327755687        6.6336186286958254E-002
          10           1 -0.12979972771387516       -5.7971154298983724E-002
          15           1 -0.35224756363083642        6.0573493699585951E-002
          20           1 -0.22114081759089244       -3.9169492647810056E-002
          25           1 -0.38194430923732536        4.7083572686026920E-002
          30           1 -0.36659651323212028       -9.2719359087289205E-002
          35           1 -0.40878618575324044        2.0947706562933488E-002
          40           1 -0.21248606087320709      -0.33724868990107904     
          45           1 -0.24317338381762976       0.12465427312143701     
          50           1 -0.11860011961517536       -3.7791067729626288E-002
          55           1   7.4998536114811998E-003  -2.4116837126289536E-004
          60           1   4.4985006166786690E-002   2.2077963123551952E-002
          65           1 -0.12377507698335677        1.5143897528057532E-002
          70           1 -0.18473483553882453       -1.6723194755322718E-002
          75           1 -0.14864382862467274        3.6880636616193341E-002
          80           1  -1.5305033496115783E-002 -0.11418495869401982     
          85           1 -0.24346748310088984        3.4258252388976590E-002
          90           1  -8.9966199133817426E-002  -2.0977397668341113E-002
          95           1 -0.22386342955482696        4.4738483198879242E-002
           0           2 -0.24669529582141761        5.4210961235902355E-002
           5           2 -0.65065690019176781       0.19251961268496737     
          10           2 -0.37332844590010072      -0.15124610764086915     
          15           2 -0.37574164419157396        8.5094917458942987E-002
          20           2 -0.28618710186972818      -0.10879665994740356     
          25           2 -0.42583218053560135        6.5475154528982227E-002
          30           2 -0.88589509465442084      -0.14311847505353581     
          35           2 -0.79768022099246938       -7.3191392025509505E-002
          40           2 -0.64298710925059233      -0.22654781680685881     
          45           2 -0.23282902735399791       -1.7036645497334191E-002
          50           2 -0.21608684821261548        6.3261847289830531E-003
          55           2 -0.15514588958209785       0.11814746135038051     
          60           2  -9.1575381012676260E-002   4.5229645658506623E-002
          65           2 -0.33854197071914172      -0.21567639341513872     
          70           2 -0.37861090870006109       -3.0141734751604199E-002
          75           2 -0.36168329035080049        9.1218648041353767E-002
          80           2 -0.43509777667871674       -2.6528828885007127E-002
          85           2 -0.41267105727715858        8.0605763492606897E-002
          90           2 -0.39134545333663340        5.6538288561308603E-002
          95           2 -0.41001697132614368       0.10099098996955991     
           0           3 -0.89643429837255550       -6.4836252679570383E-003
           5           3 -0.27374977597506567        8.1290291209373811E-002
          10           3  -1.1510260755430435      -0.38361177426476933     
          15           3 -0.67830525260159646       0.33928870992613880     
          20           3  -1.2405153627101373      -0.18460008910637510     
          25           3  -1.2883600995639011       0.28709403880278206     
          30           3  -1.4635672210483452      -0.14973490739259715     
          35           3 -0.48731541684721158        9.3816060332610474E-002
          40           3 -0.84511228076955547        9.1685030866213435E-002
          45           3 -0.51828352764682339        4.0360002584831356E-002
          50           3  -1.1192964356587787       0.14351646064638540     
          55           3  -1.0930481368731648       0.16892056839461211     
          60           3 -0.29770411570151367       0.13533778191986146     
          65           3 -0.71754194827744477      -0.23303301300972579     
          70           3 -0.73627959961575229       -3.2315488908730983E-002
          75           3 -0.66443677475103158       0.10684324686632135     
          80           3 -0.76175902380848370       0.15481707685442714     
          85           3 -0.81535633508988958       0.24197357063049374     
          90           3 -0.92790481509119616        8.6939657691874339E-002
          95           3 -0.94426943691106047       0.24368466893749663     
           0           4 -0.37759582362535205        9.5930604201988068E-002
           5           4 -0.35948450605512161       0.12412663052498163     
          10           4 -0.39357874211526367      -0.18042441250427921     
          15           4 -0.37672305306823972       0.19186752632530113     
          20           4 -0.31507065209129825      -0.17564714671534920     
          25           4 -0.79869327464954232       0.40660516403577540     
          30           4 -0.52003140155798544       -8.2120622357725881E-002
          35           4 -0.49928372762797490        7.3386927742502550E-002
          40           4 -0.53544575671360395       -9.2930987609582405E-002
          45           4 -0.89764106591838644       -2.2636850887450266E-002
          50           4 -0.65468204562435517        9.9429853711238692E-002
          55           4 -0.65104688405148714       0.14930793370969420     
          60           4  -1.2916256948314331       0.26708621634223551     
          65           4 -0.66690370422839429        3.6114981249793510E-002
          70           4 -0.47131556002000252        6.5008424874890558E-002
          75           4 -0.27472707014086772        4.6357078892708681E-002
          80           4 -0.48434082430381942        6.1654545852468656E-002
          85           4 -0.96399357782828154       0.23049303125924347     
          90           4 -0.46360626120400816       -1.8835468099734354E-002
          95           4 -0.46086613040063895        7.2351124327171834E-002
           0           5 -0.52293631542171981        9.0317425754035674E-002
           5           5 -0.64769221183320902       0.12125721850331228     
          10           5 -0.65773505512151109      -0.11924883521099994     
          15           5 -0.42508234598920280       0.24615120281762382     
          20           5 -0.33851412238022904      -0.10594759687281019     
          25           5 -0.38126717729236592       0.18940530653453747     
          30           5 -0.59841702767626792       -2.9133124528832322E-002
          35           5 -0.53829682496620013       0.14658523418156766     
          40           5 -0.47938580085227223      -0.16413578730480050     
          45           5 -0.36744403432431572       -8.0058114619932508E-002
          50           5 -0.50070708989879975        7.4249623032499046E-002
          55           5 -0.58787440297081162        6.7729115424824959E-002
          60           5 -0.59634880798187240       0.11428687897822865     
          65           5 -0.52958587953177982       -2.4049415086602188E-002
          70           5 -0.55282708755988175       0.14415477663350107     
          75           5 -0.50310924123664336       0.11360619829994811     
          80           5 -0.51004435563384298       0.11899752229031779     
          85           5 -0.51358985087235354       0.13699337222797259     
          90           5 -0.50713125227974665        1.6769177731690288E-002
          95           5  -1.0907117835601277       0.16255086696982668     
           0           6 -0.52150155189981462        6.4184662749294796E-002
           5           6 -0.47368028610557389        8.4250600510676898E-002
          10           6 -0.74078783404180060      -0.18130152810394429     
          15           6 -0.59025757344205454       0.25159912026936904     
          20           6 -0.64576633879875889        3.0418583890357009E-002
          25           6 -0.67585189137964186       0.17052240840503829     
          30           6 -0.60913762782610625        8.1005193034860978E-002
          35           6 -0.56627496161365531       0.21212503319892329     
          40           6 -0.48794547197195115      -0.12931328596185732     
          45           6 -0.45574457590014106       -3.1268375623449973E-002
          50           6 -0.49976643005766874        8.7229948027151005E-002
          55           6 -0.57716755319958679        4.9781970377915652E-002
          60           6  -1.1804688707939270       0.23345095927829185     
          65           6 -0.51536576114008525        6.1465555283302109E-002
          70           6  -1.1935932444318009       0.31830164405666217     
          75           6 -0.56900184513208885       0.13460757693053993     
          80           6 -0.59235388682132850       0.13342813007924392     
          85           6 -0.58371293239378730       0.10973388877455470     
          90           6  -1.0230008575162763        9.6816659995446752E-002
          95           6 -0.52175661790831995        7.0849642291731518E-002
           0           7 -0.63310590979550463       0.12982644091108497     
           5           7  -1.3678912145937554       0.20161143241340107     
          10           7 -0.77546902877728696      -0.24170822313748785     
          15           7  -1.4001324833518014       0.38952656288726573     
          20           7  -1.3734581844093707        5.9553243304533154E-002
          25           7  -1.2815842318986137       0.24552491750762240     
          30           7 -0.64179250205464999        6.7858739213194630E-002
          35           7  -1.5171924283757798       0.34193802942186768     
          40           7  -1.1535095997855516      -0.10668946836239757     
          45           7 -0.56734563646909653       -6.1119591281688646E-002
          50           7 -0.60573642351791079       0.20881380337345323     
          55           7  -1.6186338045032223       0.23159354079524408     
          60           7 -0.55961702076445796       0.11363881369519380     
          65           7  -1.2409524509882086      -0.14220700410433329     
          70           7 -0.53625958428060727       0.13684376824432687     
          75           7  -1.3629922158220342       0.36765440529287763     
          80           7 -0.70374821122820563       0.13509678981185602     
          85           7   0.0000000000000000        0.0000000000000000     
          90           7  -1.4748036180922686       -4.2308387857015184E-003
          95           7 -0.69919727043288304        6.8096497070485595E-002
           0           8  -1.3779077834849638        5.9665045313850307E-002
           5           8  -1.2750220475845482       0.41689113111725851     
          10           8  -2.4255427576062862      -0.54021066322559874     
          15           8  -1.3824636823994707       0.23954577336657290     
          20           8 -0.67628069362113408       0.14563973339612457     
          25           8 -0.61934678215580519       0.19705748656562161     
          30           8  -1.2388437881816206       0.19665188085854490     
          35           8 -0.68563602695526082       0.12404276291566596     
          40           8  -1.2856598864802171      -0.11914110003910516     
          45           8  -1.5035460565299141       -5.1056546662708868E-002
          50           8 -0.90214900553275967       0.13443831020976127     
          55           8 -0.75097271578949965        2.7318104150741984E-002
          60           8  -1.1534614693076151       0.19207620158043226     
          65           8 -0.77211806941868133        2.6340390875956299E-002
          70           8  -1.5050793477500157       0.34442283902105797     
          75           8 -0.68122509753965055       0.12584840903037686     
          80           8  -1.4202980792099584       0.34442787334415526     
          85           8  -1.3833755697523209       0.28711005922679722     
          90           8 -0.76641349842310191        2.4028555311167432E-002
          95           8  -1.3636845736963998       0.11697285590098194     
           0           9 -0.72616885512828599       0.13539012483965163     
           5           9 -0.63441396053243171       0.18021945177026932     
          10           9 -0.73355150756182486      -0.18066476529909892     
          15           9 -0.72678989754659806      -0.18335714689107774     
          20           9 -0.70903855727666443       0.14079135639138984     
          25           9 -0.61858874961462362       0.22182865806533170     
          30           9 -0.67654299759967174       0.15067503973995033     
          35           9 -0.75205306310277553       0.14511535761749239     
          40           9 -0.83590374257480615       -2.3248189759267346E-002
          45           9  -1.1275197318144636       -4.1263805755920036E-002
          50           9  -1.7949652882287559       0.14078127572619836     
          55           9  -1.1744960520909675      -0.10135542513278750     
          60           9 -0.75823660906193524        6.2841016643389036E-002
          65           9  -1.7969668051154297       0.12952553072279049     
          70           9 -0.78550221490392147       0.15314890838974415     
          75           9  -1.5801261403891598       0.22550403935991947     
          80           9 -0.74583418175677707       0.19476268900614491     
          85           9 -0.81246527735889806        9.0722735913012498E-002
          90           9 -0.74239294729272487        4.0762465023519434E-002
          95           9 -0.68280564744283012        7.5039296776047149E-002
           0          10 -0.66942236848912395       0.12697865437935607     
           5          10 -0.71064246695687339       0.25097224538528362     
          10          10 -0.69594667675365596       -7.9098330085236590E-002
          15          10 -0.72222010560674121      -0.15806795143152863     
          20          10 -0.61322730544127735       -8.3603360638700996E-002
          25          10 -0.64100881630668738       0.16239525669994870     
          30          10 -0.80957808773818307       0.14497489822101750     
          35          10 -0.89668339014692400       0.21502158507144542     
          40          10  -1.7542937790288038        5.1535931887419784E-002
          45          10 -0.98799414116945705       -2.6151761799431128E-002
          50          10  -1.8631009937886134      -0.16274430148524588     
          55          10  -1.1499113325885713       -6.5079001397988501E-002
          60          10 -0.89284565691349904       0.13495881796596332     
          65          10 -0.90797219654881189       0.11069670131577669     
          70          10 -0.76897992331903531       0.15256145398975796     
          75          10 -0.74225054464194251        8.4848413248739263E-002
          80          10 -0.75632302631079007       0.15412069360551395     
          85          10 -0.75682288266043507       0.11883088189515445     
          90          10 -0.71535990418647444        6.8320673635713369E-002
          95          10 -0.67808529750523761        1.9293359319605408E-002
           0          11 -0.71819216944402853        9.3960852728114386E-002
           5          11  -1.6701309658044561       0.58347247199219687     
          10          11 -0.81297849263195499       -2.4435932197142129E-003
          15          11 -0.84327558474595055      -0.14787644820019041     
          20          11 -0.85292119175461867       -2.1754310221833162E-002
          25          11  -1.4305027497490963       0.45337360023822715     
          30          11 -0.84452495359876867       0.17952256090275620     
          35          11 -0.79982305070558368       0.20456702864588006     
          40          11  -1.0155854390642149       -3.2011258281616772E-002
          45          11 -0.92534365298657661       -7.7432514368480643E-003
          50          11 -0.91346056626639971       -7.9056998066040496E-002
          55          11  -1.0020720925407733      -0.16723023868736586     
          60          11  -2.0618939964001104       0.21832912068225907     
          65          11 -0.81061432186224636       0.10283937115218578     
          70          11 -0.97501645540676307       0.30985919041187637     
          75          11 -0.72688080482663509        7.6646926404494442E-002
          80          11 -0.70636480701713467       0.19751038582691005     
          85          11 -0.69679631022223631        7.9220142116254166E-002
          90          11  -1.4431644187262727        8.0970683373760011E-002
          95          11 -0.65600102308716046        5.6742368526041531E-004
           0          12 -0.73532129408387070       0.16550642835455598     
           5          12 -0.76849084559030278        9.0051811900970780E-002
          10          12 -0.75006362969809448      -0.10889340587211249     
          15          12  -1.5570247242099877      -0.36841686086780401     
          20          12 -0.96388829586679936      -0.15043848698825801     
          25          12  -1.6548172858632526       0.46757577578132592     
          30          12 -0.87656552187398429       0.18893826431470861     
          35          12  -1.6420802700306547       0.45477052814935082     
          40          12  -2.0608002351657495       0.25811681825596566     
          45          12  -1.0393951980153249        3.1602855967705068E-002
          50          12 -0.97573172391562935      -0.11011654029738360     
          55          12  -1.9427971129037935        4.2742670984668996E-002
          60          12  -1.1471327730838698        7.5480524988624786E-002
          65          12  -2.3600803416290450       0.26555521073820532     
          70          12 -0.80519108412557827       0.26290163056830185     
          75          12  -1.5064562590039188      -0.12076139165678734     
          80          12  -1.8524495661131901       0.36385115127879342     
          85          12 -0.70945950377598876       0.10064860199943126     
          90          12 -0.94967204663731764        4.9694694305990605E-002
          95          12  -1.5095461101455321       0.15109756693290621     
           0          13  -2.1377326252641855       0.14503016287970016     
           5          13  -3.3060321339169194        1.8389954839215239E-002
          10          13 -0.83040738777878653       0.25813369648214346     
          15          13  -1.0369067108864649      -0.21846752559340210     
          20          13  -2.0916778956725501      -0.26842901819451592     
          25          13  -1.1049818025371527       0.17128678663963504     
          30          13  -1.8982084032809210       0.35782821541874288     
          35          13  -1.2386595976693338       0.25218022552675468     
          40          13 -0.88211082940159447       0.17600479146867576     
          45          13  -1.1170349662098511        9.6690787228237429E-002
          50          13  -1.1542120451013549       -8.0737129046493106E-002
          55          13  -1.0578432548202787       0.14303496848444563     
          60          13  -1.1869352936744182        6.5576753526253029E-002
          65          13  -1.2095025969283135       0.11506865615268369     
          70          13  -2.0372546784208634       0.36779368101480525     
          75          13  -1.0902283029334825       -4.9801822535611162E-002
          80          13  -1.0878017823823249       0.15098820956238601     
          85          13  -1.1634348097955272        7.4353124588089070E-002
          90          13  -1.2065112322690030        3.0158264396618062E-002
          95          13  -1.4329473825447359        1.3335948858272939E-002
           0          14  -1.3274732461494225       -3.9405806136205701E-002
           5          14  -1.3130020055390768      -0.11724883574121270     
          10          14  -3.6473661160776882       0.64764061827649044     
          15          14  -1.1588939116943808      -0.24912617631628331     
          20          14  -1.1932888565002742       -6.3240301243217001E-002
          25          14  -1.4365832962770497       0.11680257607366018     
          30          14   0.0000000000000000        0.0000000000000000     
          35          14  -1.1525081662883130       0.21165914613568981     
          40          14  -1.0237081290909167       0.10279946459051947     
          45          14  -1.3904099780803758       -6.8657204341238121E-003
          50          14  -1.2002389125009838       -5.8691264439303392E-002
          55          14  -1.1985058135444149       0.16552327241986520     
          60          14  -1.3577066890269052       0.10119332838703921     
          65          14  -2.4345027335948011       0.29358567510073819     
          70          14  -1.4003740949197763       0.22260063062023994     
          75          14  -1.3934541007731838       -4.6656050157745099E-002
          80          14  -1.3822889037340413       0.11229553683489435     
          85          14  -1.4265409556091235        7.3156668745355535E-002
          90          14  -2.8557307631416062      -0.20253392539443249     
          95          14  -1.3357764099664049        1.9328646757299506E-002
           0          15  -1.3499452956822113       0.10576068377982084     
           5          15  -1.4541574768187071       -5.5299081400395078E-002
          10          15  -1.3821867832150558       0.35745444272011762     
          15          15  -2.2604390113031836      -0.35515987704015650     
          20          15  -1.5215891922781832      -0.12793366198998735     
          25          15  -1.2840599393121321       0.18514366652067071     
          30          15  -1.5182958049902995       -2.5457188766175864E-002
          35          15  -1.3982687661057147       -2.6522626793423765E-002
          40          15  -1.5948381845004578        3.6242348650794565E-002
          45          15  -3.0740347201713147       0.29326005612700934     
          50          15  -1.5135685572098545      -0.13204677387440578     
          55          15  -2.7828000247009932       0.25513665518561712     
          60          15  -1.4363349446444573        5.6855016606349729E-002
          65          15  -1.4159787343648311       0.21357782875763842     
          70          15  -1.4461909415275365       0.16143390597439522     
          75          15  -1.3870037728347384        6.9777894168565613E-002
          80          15  -1.3999121801111514       0.19153458567844339     
          85          15  -2.9331478139349443       0.29630002665037569     
          90          15  -1.4530924216527019      -0.12048780304835249     
          95          15  -2.7316491558870837       -3.0442570092548138E-003
           0          16  -2.8076388086729329       0.22186278830382822     
           5          16  -1.4794589669520075       0.27082982007570200     
          10          16   0.0000000000000000        0.0000000000000000     
          15          16  -1.4148955229364990       -4.1265395326617327E-002
          20          16  -1.3654754425027060      -0.13613545016361028     
          25          16  -3.2196207429913137      -0.20066016536840481     
          30          16  -2.5667178883764796       0.11818380660277850     
          35          16  -2.7270519868849430       0.46991968473159007     
          40          16  -1.4933770506231347        4.2272293600542632E-002
          45          16  -1.3805595263022274       0.36868646364068836     
          50          16  -1.6056157256028047      -0.17349304609143301     
          55          16  -1.5945976159459363       0.16931872880127097     
          60          16  -1.5546356257289951      -0.32603444785311853     
          65          16  -1.4415999871819629       0.19459706495306150     
          70          16  -1.5704314137454656       0.19705873240238869     
          75          16  -1.5542582385963399       -9.2892904999530845E-002
          80          16  -1.4503472274796092       0.20394085555791586     
          85          16  -1.4540554102770997       0.14928860172541691     
          90          16  -1.4404198602679941       -9.2201819356374504E-002
          95          16  -1.4832244845053300       -3.1887187526002947E-002
           0          17  -3.2707535797910516       0.76498726806761841     
           5          17  -1.7616282261240235        7.3112152575161016E-002
          10          17  -1.4930068507197636        6.4517980197520419E-002
          15          17  -2.9466063937866327        2.1113435276221004E-002
          20          17  -1.5876713066093062        6.5408392038723839E-003
          25          17  -1.8159483775553875       -7.3794697092177675E-002
          30          17  -3.0979045879941935       -6.5557617049960548E-002
          35          17  -3.2904359482943679       0.37583045781192093     
          40          17  -3.1617702755570853       0.11234752453848085     
          45          17  -1.4181703814813984       -1.3673779172829192E-003
          50          17  -3.4135303646154469      -0.27961252778541112     
          55          17  -1.8397196008423933        7.1100431619508520E-002
          60          17  -1.6185243933464211        4.1114093808636287E-002
          65          17  -3.0497819645725066       0.70259858835880484     
          70          17   0.0000000000000000        0.0000000000000000     
          75          17  -1.4231809282927443       -3.6802955603876253E-002
          80          17  -1.5229396567950637       0.25604122648320571     
          85          17  -1.4014961293895567       0.13781670896634290     
          90          17  -2.8937639293147299      -0.19359503460769645     
          95          17  -3.3485098559837834       0.19498156552805179     
           0          18  -1.9643169016530984       0.38484575678537913     
           5          18  -1.8149199135049365       0.11132838461186401     
          10          18  -1.7708006613623151       -8.0391017185099667E-002
          15          18  -1.5578438094271396       0.14375244338754589     
          20          18  -1.4587035842281160        8.8941580706491941E-002
          25          18   0.0000000000000000        0.0000000000000000     
          30          18  -1.9356185896673983      -0.21394893765486200     
          35          18  -1.8096576905629602       0.33710068664621895     
          40          18  -1.6186993205541400      -0.15000286627625536     
          45          18  -3.2624394002755963        1.8267892571977029E-002
          50          18  -3.6266669814133401      -0.25656455217681895     
          55          18  -1.6615028046274016       -3.7015639378634724E-002
          60          18  -1.6601443761055101        6.5349916866519475E-002
          65          18  -3.3816245176465642       0.47856736312801296     
          70          18  -3.3132729998563981       0.48634476529474391     
          75          18  -3.2594607533642517      -0.22605705594175296     
          80          18  -1.5245311042844101       0.25019326677672149     
          85          18  -1.5198191970000607       0.30437146256917513     
          90          18  -1.6881158137960206       0.19295537900948512     
          95          18  -1.8702775763901336       -3.7164531513644850E-002
           0          19  -2.2620734752909355       0.29984294171253589     
           5          19  -1.7954226392156991       0.24584905472552210     
          10          19  -1.6246571229752704      -0.14687353952574922     
          15          19  -1.7817115584178866       0.44238229785359406     
          20          19  -1.7941683416006216        7.7692518218042128E-002
          25          19  -1.8450027614030917      -0.11416696568983253     
          30          19  -2.1339432011086013      -0.13469792252279733     
          35          19  -2.1284730379705907       0.31951178772499089     
          40          19  -1.9515284324217452       -7.8505731639644249E-002
          45          19  -1.7634531279880905       0.16939707584956443     
          50          19  -2.0006258953819689       -2.0210561022804274E-002
          55          19  -1.7974619461114116       -6.1893787547950829E-003
          60          19  -1.9186116325209390       -2.7023884607568771E-002
          65          19  -1.7357473188828187       0.14179840914091413     
          70          19  -1.6923157246306886       0.24833900708620682     
          75          19  -1.8236177076214055       0.12485774056325560     
          80          19  -3.5546833460209371       0.58640763968942355     
          85          19  -1.7102739995422667       0.23018706939798017     
          90          19  -2.1232721136099642       0.18366699321065161     
          95          19   0.0000000000000000        0.0000000000000000     
           0          20   0.0000000000000000        0.0000000000000000     
           5          20  -2.0301392384823589       0.21949381643820987     
          10          20  -1.8926570568109091        8.0859251763987228E-002
          15          20   0.0000000000000000        0.0000000000000000     
          20          20  -1.8327001984502767       0.18832454728306969     
          25          20   0.0000000000000000        0.0000000000000000     
          30          20   0.0000000000000000        0.0000000000000000     
          35          20   0.0000000000000000        0.0000000000000000     
          40          20   0.0000000000000000        0.0000000000000000     
          45          20  -1.9495948353237535      -0.34909397229582195     
          50          20   0.0000000000000000        0.0000000000000000     
          55          20   0.0000000000000000        0.0000000000000000     
          60          20   0.0000000000000000        0.0000000000000000     
          65          20  -1.7922541329062902       0.16590911863095803     
          70          20  -1.7036755431787398       0.32939222764399867     
          75          20  -1.8442407891849921       0.25809055353237520     
          80          20   0.0000000000000000        0.0000000000000000     
          85          20  -1.8306408291812737       0.28409525001410474     
          90          20   0.0000000000000000        0.0000000000000000     
          95          20   0.0000000000000000        0.0000000000000000     
           0          21   0.0000000000000000        0.0000000000000000     
           5          21   0.0000000000000000        0.0000000000000000     
          10          21   0.0000000000000000        0.0000000000000000     
          15          21   0.0000000000000000        0.0000000000000000     
          20          21   0.0000000000000000        0.0000000000000000     
          25          21   0.0000000000000000        0.0000000000000000     
          30          21   0.0000000000000000        0.0000000000000000     
          35          21   0.0000000000000000        0.0000000000000000     
          40          21   0.0000000000000000        0.0000000000000000     
          45          21   0.0000000000000000        0.0000000000000000     
          50          21  -1.9339922420447131      -0.26979926671638621     
          55          21   0.0000000000000000        0.0000000000000000     
          60          21   0.0000000000000000        0.0000000000000000     
          65          21  -1.7443707239062078       0.21264987250663170     
          70          21   0.0000000000000000        0.0000000000000000     
          75          21   0.0000000000000000        0.0000000000000000     
          80          21   0.0000000000000000        0.0000000000000000     
          85          21   0.0000000000000000        0.0000000000000000     
          90          21   0.0000000000000000        0.0000000000000000     
          95          21   0.0000000000000000        0.0000000000000000     
           0          22   0.0000000000000000        0.0000000000000000     
           5          22   0.0000000000000000        0.0000000000000000     
          10          22   0.0000000000000000        0.0000000000000000     
          15          22   0.0000000000000000        0.0000000000000000     
          20          22   0.0000000000000000        0.0000000000000000     
          25          22   0.0000000000000000        0.0000000000000000     
          30          22   0.0000000000000000        0.0000000000000000     
          35          22   0.0000000000000000        0.0000000000000000     
          40          22   0.0000000000000000        0.0000000000000000     
          45          22   0.0000000000000000        0.0000000000000000     
          50          22   0.0000000000000000        0.0000000000000000     
          55          22   0.0000000000000000        0.0000000000000000     
          60          22   0.0000000000000000        0.0000000000000000     
          65          22   0.0000000000000000        0.0000000000000000     
          70          22   0.0000000000000000        0.0000000000000000     
          75          22   0.0000000000000000        0.0000000000000000     
          80          22   0.0000000000000000        0.0000000000000000     
          85          22   0.0000000000000000        0.0000000000000000     
          90          22   0.0000000000000000        0.0000000000000000     
          95          22   0.0000000000000000        0.0000000000000000     
           0          23   0.0000000000000000        0.0000000000000000     
           5          23   0.0000000000000000        0.0000000000000000     
          10          23   0.0000000000000000        0.0000000000000000     
          15          23   0.0000000000000000        0.0000000000000000     
          20          23   0.0000000000000000        0.0000000000000000     
          25          23   0.0000000000000000        0.0000000000000000     
          30          23   0.0000000000000000        0.0000000000000000     
          35          23   0.0000000000000000        0.0000000000000000     
          40          23   0.0000000000000000        0.0000000000000000     
          45          23   0.0000000000000000        0.0000000000000000     
          50          23   0.0000000000000000        0.0000000000000000     
          55          23   0.0000000000000000        0.0000000000000000     
          60          23   0.0000000000000000        0.0000000000000000     
          65          23   0.0000000000000000        0.0000000000000000     
          70          23   0.0000000000000000        0.0000000000000000     
          75          23   0.0000000000000000        0.0000000000000000     
          80          23   0.0000000000000000        0.0000000000000000     
          85          23   0.0000000000000000        0.0000000000000000     
          90          23   0.0000000000000000        0.0000000000000000     
          95          23   0.0000000000000000        0.0000000000000000     
           0          24   0.0000000000000000        0.0000000000000000     
           5          24   0.0000000000000000        0.0000000000000000     
          10          24   0.0000000000000000        0.0000000000000000     
          15          24   0.0000000000000000        0.0000000000000000     
          20          24   0.0000000000000000        0.0000000000000000     
          25          24   0.0000000000000000        0.0000000000000000     
          30          24   0.0000000000000000        0.0000000000000000     
          35          24   0.0000000000000000        0.0000000000000000     
          40          24   0.0000000000000000        0.0000000000000000     
          45          24   0.0000000000000000        0.0000000000000000     
          50          24   0.0000000000000000        0.0000000000000000     
          55          24   0.0000000000000000        0.0000000000000000     
          60          24   0.0000000000000000        0.0000000000000000     
          65          24   0.0000000000000000        0.0000000000000000     
          70          24   0.0000000000000000        0.0000000000000000     
          75          24   0.0000000000000000        0.0000000000000000     
          80          24   0.0000000000000000        0.0000000000000000     
          85          24   0.0000000000000000        0.0000000000000000     
          90          24   0.0000000000000000        0.0000000000000000     
          95          24   0.0000000000000000        0.0000000000000000     
           0          25   0.0000000000000000        0.0000000000000000     
           5          25   0.0000000000000000        0.0000000000000000     
          10          25   0.0000000000000000        0.0000000000000000     
          15          25   0.0000000000000000        0.0000000000000000     
          20          25   0.0000000000000000        0.0000000000000000     
          25          25   0.0000000000000000        0.0000000000000000     
          30          25   0.0000000000000000        0.0000000000000000     
          35          25   0.0000000000000000        0.0000000000000000     
          40          25   0.0000000000000000        0.0000000000000000     
          45          25   0.0000000000000000        0.0000000000000000     
          50          25   0.0000000000000000        0.0000000000000000     
          55          25   0.0000000000000000        0.0000000000000000     
          60          25   0.0000000000000000        0.0000000000000000     
          65          25   0.0000000000000000        0.0000000000000000     
          70          25   0.0000000000000000        0.0000000000000000     
          75          25   0.0000000000000000        0.0000000000000000     
          80          25   0.0000000000000000        0.0000000000000000     
          85          25   0.0000000000000000        0.0000000000000000     
          90          25   0.0000000000000000        0.0000000000000000     
          95          25   0.0000000000000000        0.0000000000000000     
           0          26   0.0000000000000000        0.0000000000000000     
           5          26   0.0000000000000000        0.0000000000000000     
          10          26   0.0000000000000000        0.0000000000000000     
          15          26   0.0000000000000000        0.0000000000000000     
          20          26   0.0000000000000000        0.0000000000000000     
          25          26   0.0000000000000000        0.0000000000000000     
          30          26   0.0000000000000000        0.0000000000000000     
          35          26   0.0000000000000000        0.0000000000000000     
          40          26   0.0000000000000000        0.0000000000000000     
          45          26   0.0000000000000000        0.0000000000000000     
          50          26   0.0000000000000000        0.0000000000000000     
          55          26   0.0000000000000000        0.0000000000000000     
          60          26   0.0000000000000000        0.0000000000000000     
          65          26   0.0000000000000000        0.0000000000000000     
          70          26   0.0000000000000000        0.0000000000000000     
          75          26   0.0000000000000000        0.0000000000000000     
          80          26   0.0000000000000000        0.0000000000000000     
          85          26   0.0000000000000000        0.0000000000000000     
          90          26   0.0000000000000000        0.0000000000000000     
          95          26   0.0000000000000000        0.0000000000000000     
           0          27   0.0000000000000000        0.0000000000000000     
           5          27   0.0000000000000000        0.0000000000000000     
          10          27   0.0000000000000000        0.0000000000000000     
          15          27   0.0000000000000000        0.0000000000000000     
          20          27   0.0000000000000000        0.0000000000000000     
          25          27   0.0000000000000000        0.0000000000000000     
          30          27   0.0000000000000000        0.0000000000000000     
          35          27   0.0000000000000000        0.0000000000000000     
          40          27   0.0000000000000000        0.0000000000000000     
          45          27   0.0000000000000000        0.0000000000000000     
          50          27   0.0000000000000000        0.0000000000000000     
          55          27   0.0000000000000000        0.0000000000000000     
          60          27   0.0000000000000000        0.0000000000000000     
          65          27   0.0000000000000000        0.0000000000000000     
          70          27   0.0000000000000000        0.0000000000000000     
          75          27   0.0000000000000000        0.0000000000000000     
          80          27   0.0000000000000000        0.0000000000000000     
          85          27   0.0000000000000000        0.0000000000000000     
          90          27   0.0000000000000000        0.0000000000000000     
          95          27   0.0000000000000000        0.0000000000000000     
           0          28   0.0000000000000000        0.0000000000000000     
           5          28   0.0000000000000000        0.0000000000000000     
          10          28   0.0000000000000000        0.0000000000000000     
          15          28   0.0000000000000000        0.0000000000000000     
          20          28   0.0000000000000000        0.0000000000000000     
          25          28   0.0000000000000000        0.0000000000000000     
          30          28   0.0000000000000000        0.0000000000000000     
          35          28   0.0000000000000000        0.0000000000000000     
          40          28   0.0000000000000000        0.0000000000000000     
          45          28   0.0000000000000000        0.0000000000000000     
          50          28   0.0000000000000000        0.0000000000000000     
          55          28   0.0000000000000000        0.0000000000000000     
          60          28   0.0000000000000000        0.0000000000000000     
          65          28   0.0000000000000000        0.0000000000000000     
          70          28   0.0000000000000000        0.0000000000000000     
          75          28   0.0000000000000000        0.0000000000000000     
          80          28   0.0000000000000000        0.0000000000000000     
          85          28   0.0000000000000000        0.0000000000000000     
          90          28   0.0000000000000000        0.0000000000000000     
          95          28   0.0000000000000000        0.0000000000000000     
           0          29   0.0000000000000000        0.0000000000000000     
           5          29   0.0000000000000000        0.0000000000000000     
          10          29   0.0000000000000000        0.0000000000000000     
          15          29   0.0000000000000000        0.0000000000000000     
          20          29   0.0000000000000000        0.0000000000000000     
          25          29   0.0000000000000000        0.0000000000000000     
          30          29   0.0000000000000000        0.0000000000000000     
          35          29   0.0000000000000000        0.0000000000000000     
          40          29   0.0000000000000000        0.0000000000000000     
          45          29   0.0000000000000000        0.0000000000000000     
          50          29   0.0000000000000000        0.0000000000000000     
          55          29   0.0000000000000000        0.0000000000000000     
          60          29   0.0000000000000000        0.0000000000000000     
          65          29   0.0000000000000000        0.0000000000000000     
          70          29   0.0000000000000000        0.0000000000000000     
          75          29   0.0000000000000000        0.0000000000000000     
          80          29   0.0000000000000000        0.0000000000000000     
          85          29   0.0000000000000000        0.0000000000000000     
          90          29   0.0000000000000000        0.0000000000000000     
          95          29   0.0000000000000000        0.0000000000000000     
           0          30   0.0000000000000000        0.0000000000000000     
           5          30   0.0000000000000000        0.0000000000000000     
          10          30   0.0000000000000000        0.0000000000000000     
          15          30   0.0000000000000000        0.0000000000000000     
          20          30   0.0000000000000000        0.0000000000000000     
          25          30   0.0000000000000000        0.0000000000000000     
          30          30   0.0000000000000000        0.0000000000000000     
          35          30   0.0000000000000000        0.0000000000000000     
          40          30   0.0000000000000000        0.0000000000000000     
          45          30   0.0000000000000000        0.0000000000000000     
          50          30   0.0000000000000000        0.0000000000000000     
          55          30   0.0000000000000000        0.0000000000000000     
          60          30   0.0000000000000000        0.0000000000000000     
          65          30   0.0000000000000000        0.0000000000000000     
          70          30   0.0000000000000000        0.0000000000000000     
          75          30   0.0000000000000000        0.0000000000000000     
          80          30   0.0000000000000000        0.0000000000000000     
          85          30   0.0000000000000000        0.0000000000000000     
          90          30   0.0000000000000000        0.0000000000000000     
          95          30   0.0000000000000000        0.0000000000000000     
           0          31   0.0000000000000000        0.0000000000000000     
           5          31   0.0000000000000000        0.0000000000000000     
          10          31   0.0000000000000000        0.0000000000000000     
          15          31   0.0000000000000000        0.0000000000000000     
          20          31   0.0000000000000000        0.0000000000000000     
          25          31   0.0000000000000000        0.0000000000000000     
          30          31   0.0000000000000000        0.0000000000000000     
          35          31   0.0000000000000000        0.0000000000000000     
          40          31   0.0000000000000000        0.0000000000000000     
          45          31   0.0000000000000000        0.0000000000000000     
          50          31   0.0000000000000000        0.0000000000000000     
          55          31   0.0000000000000000        0.0000000000000000     
          60          31   0.0000000000000000        0.0000000000000000     
          65          31   0.0000000000000000        0.0000000000000000     
          70          31   0.0000000000000000        0.0000000000000000     
          75          31   0.0000000000000000        0.0000000000000000     
          80          31   0.0000000000000000        0.0000000000000000     
          85          31   0.0000000000000000        0.0000000000000000     
          90          31   0.0000000000000000        0.0000000000000000     
          95          31   0.0000000000000000        0.0000000000000000     
