           1           1   0.0000000000000000     
           2           1   0.0000000000000000     
           3           1   0.0000000000000000     
           4           1   0.0000000000000000     
           5           1   0.0000000000000000     
           6           1   0.0000000000000000     
           7           1   0.0000000000000000     
           8           1   0.0000000000000000     
           9           1   0.0000000000000000     
          10           1   0.0000000000000000     
          11           1   0.0000000000000000     
          12           1   0.0000000000000000     
          13           1   0.0000000000000000     
          14           1   0.0000000000000000     
          15           1   0.0000000000000000     
          16           1   0.0000000000000000     
          17           1   0.0000000000000000     
          18           1   0.0000000000000000     
          19           1   0.0000000000000000     
          20           1   0.0000000000000000     
          21           1   0.0000000000000000     
          22           1   0.0000000000000000     
          23           1   0.0000000000000000     
          24           1   0.0000000000000000     
          25           1   0.0000000000000000     
          26           1   0.0000000000000000     
          27           1   0.0000000000000000     
          28           1   0.0000000000000000     
          29           1   0.0000000000000000     
          30           1   0.0000000000000000     
          31           1   0.0000000000000000     
          32           1   0.0000000000000000     
          33           1   0.0000000000000000     
          34           1   0.0000000000000000     
          35           1   0.0000000000000000     
          36           1   0.0000000000000000     
          37           1   0.0000000000000000     
          38           1   0.0000000000000000     
          39           1   0.0000000000000000     
          40           1   0.0000000000000000     
          41           1   0.0000000000000000     
          42           1   0.0000000000000000     
          43           1   0.0000000000000000     
          44           1   0.0000000000000000     
          45           1   0.0000000000000000     
          46           1   0.0000000000000000     
          47           1   0.0000000000000000     
          48           1   0.0000000000000000     
          49           1   0.0000000000000000     
           1           2   0.0000000000000000     
           2           2   0.0000000000000000     
           3           2   0.0000000000000000     
           4           2   0.0000000000000000     
           5           2   0.0000000000000000     
           6           2   0.0000000000000000     
           7           2   0.0000000000000000     
           8           2   0.0000000000000000     
           9           2   0.0000000000000000     
          10           2   0.0000000000000000     
          11           2   0.0000000000000000     
          12           2   0.0000000000000000     
          13           2   0.0000000000000000     
          14           2   0.0000000000000000     
          15           2   0.0000000000000000     
          16           2   0.0000000000000000     
          17           2   0.0000000000000000     
          18           2   0.0000000000000000     
          19           2   0.0000000000000000     
          20           2   0.0000000000000000     
          21           2   0.0000000000000000     
          22           2   0.0000000000000000     
          23           2   0.0000000000000000     
          24           2   0.0000000000000000     
          25           2   0.0000000000000000     
          26           2   0.0000000000000000     
          27           2   0.0000000000000000     
          28           2   0.0000000000000000     
          29           2   0.0000000000000000     
          30           2   0.0000000000000000     
          31           2   0.0000000000000000     
          32           2   0.0000000000000000     
          33           2   0.0000000000000000     
          34           2   0.0000000000000000     
          35           2   0.0000000000000000     
          36           2   0.0000000000000000     
          37           2   0.0000000000000000     
          38           2   0.0000000000000000     
          39           2   0.0000000000000000     
          40           2   0.0000000000000000     
          41           2   0.0000000000000000     
          42           2   0.0000000000000000     
          43           2   0.0000000000000000     
          44           2   0.0000000000000000     
          45           2   0.0000000000000000     
          46           2   0.0000000000000000     
          47           2   0.0000000000000000     
          48           2   0.0000000000000000     
          49           2   0.0000000000000000     
           1           3   0.0000000000000000     
           2           3   0.0000000000000000     
           3           3  0.64438730253283505     
           4           3  0.63431850304937620     
           5           3  0.66599224436550275     
           6           3  0.69116005796515834     
           7           3  0.66430486623718443     
           8           3  0.66538043615375420     
           9           3  0.66813468516676866     
          10           3  0.66105201321174967     
          11           3  0.63532412478407296     
          12           3  0.63560392488078066     
          13           3  0.63498362697847643     
          14           3  0.61479673419665837     
          15           3  0.64213822850069713     
          16           3  0.62256535190085183     
          17           3  0.64746882824434304     
          18           3  0.61858558226866545     
          19           3  0.67200452105431108     
          20           3  0.66847536154619569     
          21           3  0.66098429149244498     
          22           3  0.66717268519816275     
          23           3  0.64284010934281710     
          24           3  0.61039895008394629     
          25           3  0.63810602016730256     
          26           3  0.61336657924359150     
          27           3  0.63521086401625504     
          28           3  0.62986438623963903     
          29           3  0.63422100670002168     
          30           3  0.64267173494877006     
          31           3  0.61931895694180317     
          32           3  0.61853445182984146     
          33           3  0.64228389329773239     
          34           3  0.64525622482623801     
          35           3  0.61375505829471866     
          36           3  0.63773339263059847     
          37           3  0.64224894966732182     
          38           3  0.64221251462508777     
          39           3  0.63237530771694905     
          40           3  0.62814120478726787     
          41           3  0.60342461713446538     
          42           3  0.62663570794153811     
          43           3  0.62172532996874619     
          44           3  0.59893617497816420     
          45           3  0.64512558769905004     
          46           3  0.65025385913715339     
          47           3   0.0000000000000000     
          48           3   0.0000000000000000     
          49           3   0.0000000000000000     
           1           4   0.0000000000000000     
           2           4   0.0000000000000000     
           3           4  0.64008811505431162     
           4           4  0.63261728635050174     
           5           4  0.66169941128959608     
           6           4  0.63619602229035122     
           7           4  0.63127063642553960     
           8           4  0.60394708096305660     
           9           4  0.60825069173835700     
          10           4  0.60094689096659404     
          11           4  0.60297117326004424     
          12           4  0.60918142529811736     
          13           4  0.61147391201335355     
          14           4  0.58981579865872857     
          15           4  0.61530883096547362     
          16           4  0.62836302969359892     
          17           4  0.62495194470902138     
          18           4  0.61924016444040730     
          19           4  0.64648047106164219     
          20           4  0.67422211218683625     
          21           4  0.63892413611953058     
          22           4  0.64037394113453461     
          23           4  0.64713665881816307     
          24           4  0.64174253990516883     
          25           4  0.61379800066962287     
          26           4  0.63562050302046003     
          27           4  0.60766135084112616     
          28           4  0.62913850824272310     
          29           4  0.65876065036210762     
          30           4  0.64058754389989081     
          31           4  0.62079275499375430     
          32           4  0.62152173150934231     
          33           4  0.62452938477397257     
          34           4  0.65285428362576481     
          35           4  0.61770928799204095     
          36           4  0.63984633030090743     
          37           4  0.64702360992748720     
          38           4  0.64209675653827669     
          39           4  0.63740736581637403     
          40           4  0.60234136916303838     
          41           4  0.60309716791222479     
          42           4  0.59456410714868690     
          43           4  0.59458895426783587     
          44           4  0.59228140563454923     
          45           4  0.64168493676692739     
          46           4  0.62141721658468663     
          47           4   0.0000000000000000     
          48           4   0.0000000000000000     
          49           4   0.0000000000000000     
           1           5   0.0000000000000000     
           2           5   0.0000000000000000     
           3           5  0.64313326996739706     
           4           5  0.63897216556507375     
           5           5  0.66484247432164834     
           6           5  0.63313202496969445     
           7           5  0.62727501392679497     
           8           5  0.60062102723152855     
           9           5  0.60604034153455588     
          10           5  0.59890373045247147     
          11           5  0.60288586566757241     
          12           5  0.60508665225594915     
          13           5  0.60462898218331218     
          14           5  0.63288076960754025     
          15           5  0.58381111226378801     
          16           5  0.59268580540480931     
          17           5  0.64481599001327938     
          18           5  0.61089853107429914     
          19           5  0.63550067698535029     
          20           5  0.63943211534783329     
          21           5  0.63099598743912311     
          22           5  0.63751925235371709     
          23           5  0.62025507794257695     
          24           5  0.61537020217640193     
          25           5  0.64067327934368734     
          26           5  0.60710025363271691     
          27           5  0.60373550757864569     
          28           5  0.63011039900621524     
          29           5  0.63306872440576900     
          30           5  0.66762694949256141     
          31           5  0.67222133671217865     
          32           5  0.64590789130007031     
          33           5  0.65014461757406838     
          34           5  0.62127122339899254     
          35           5  0.61993997335010209     
          36           5  0.64184116799943103     
          37           5  0.65149839248524499     
          38           5  0.66544461128847598     
          39           5  0.63757468478188273     
          40           5  0.62764852482123912     
          41           5  0.60461848503429094     
          42           5  0.59901128180947905     
          43           5  0.60184967314837390     
          44           5  0.59875441045297029     
          45           5  0.62563893379641500     
          46           5  0.62708843291004712     
          47           5   0.0000000000000000     
          48           5   0.0000000000000000     
          49           5   0.0000000000000000     
           1           6   0.0000000000000000     
           2           6   0.0000000000000000     
           3           6  0.62317100204424425     
           4           6  0.61582826074692654     
           5           6  0.63584671308540275     
           6           6  0.66308570829302460     
           7           6  0.62779245002442197     
           8           6  0.59492031598977413     
           9           6  0.60170642992689005     
          10           6  0.59732114555404248     
          11           6  0.62331704621479345     
          12           6  0.57231499551898024     
          13           6  0.60027335331363529     
          14           6  0.57362682574798607     
          15           6  0.57436245068550762     
          16           6  0.58582392000094841     
          17           6  0.58791958944388345     
          18           6  0.58453008948532359     
          19           6  0.63253758710653152     
          20           6  0.61259750808099478     
          21           6  0.60732680418025375     
          22           6  0.60952982653274290     
          23           6  0.58725965225885535     
          24           6  0.56119460221497819     
          25           6  0.56111863496415415     
          26           6  0.55639680591275997     
          27           6  0.55289784035821532     
          28           6  0.63306223162740693     
          29           6  0.60913635476411576     
          30           6  0.58984582550102449     
          31           6  0.56591353939505706     
          32           6  0.56759115017588901     
          33           6  0.56900202589044835     
          34           6  0.49307005792655145     
          35           6  0.54418385887659826     
          36           6  0.53866165879208316     
          37           6  0.57234409852338086     
          38           6  0.58594856525912709     
          39           6  0.66093509888178259     
          40           6  0.60436279682044869     
          41           6  0.61190547391933681     
          42           6  0.60485594783628005     
          43           6  0.60776418499080032     
          44           6  0.63234729442305837     
          45           6  0.63416384168624684     
          46           6  0.63344573675909965     
          47           6   0.0000000000000000     
          48           6   0.0000000000000000     
          49           6   0.0000000000000000     
           1           7   0.0000000000000000     
           2           7   0.0000000000000000     
           3           7  0.52179934680173323     
           4           7  0.54189814288223714     
           5           7  0.53563445218706673     
           6           7  0.53682388406362258     
           7           7  0.52947125348860713     
           8           7  0.52630756126809741     
           9           7  0.53530325581563576     
          10           7  0.50648902931570228     
          11           7  0.50337301962461423     
          12           7  0.50376236006955366     
          13           7  0.50528310014975508     
          14           7  0.50215875324052039     
          15           7  0.49538108419416971     
          16           7  0.47875005358773709     
          17           7  0.45665110217809046     
          18           7  0.45441678569213323     
          19           7  0.48016029273346800     
          20           7  0.48942332381050951     
          21           7  0.48715658774914350     
          22           7  0.48965898481573195     
          23           7  0.49040017297584748     
          24           7  0.46339641286944838     
          25           7  0.45882300947285709     
          26           7  0.47913215494832595     
          27           7  0.49957188112878226     
          28           7  0.45082682982180855     
          29           7  0.50429458477588351     
          30           7  0.45913946280956502     
          31           7  0.43291311119133902     
          32           7  0.43259368735734149     
          33           7  0.41479201361274987     
          34           7  0.36277461018614843     
          35           7  0.38942617013871456     
          36           7  0.40697528202189270     
          37           7  0.48994804653623886     
          38           7  0.48008130864798515     
          39           7  0.53172219454085745     
          40           7  0.52619858881940718     
          41           7  0.55910970261221227     
          42           7  0.55281298111722010     
          43           7  0.57922395563573559     
          44           7  0.57353926350347195     
          45           7  0.57756983529746964     
          46           7  0.57888054207947792     
          47           7   0.0000000000000000     
          48           7   0.0000000000000000     
          49           7   0.0000000000000000     
           1           8   0.0000000000000000     
           2           8   0.0000000000000000     
           3           8   0.0000000000000000     
           4           8   0.0000000000000000     
           5           8   0.0000000000000000     
           6           8   0.0000000000000000     
           7           8   0.0000000000000000     
           8           8   0.0000000000000000     
           9           8   0.0000000000000000     
          10           8   0.0000000000000000     
          11           8   0.0000000000000000     
          12           8   0.0000000000000000     
          13           8   0.0000000000000000     
          14           8   0.0000000000000000     
          15           8   0.0000000000000000     
          16           8   0.0000000000000000     
          17           8   0.0000000000000000     
          18           8   0.0000000000000000     
          19           8   0.0000000000000000     
          20           8   0.0000000000000000     
          21           8   0.0000000000000000     
          22           8   0.0000000000000000     
          23           8   0.0000000000000000     
          24           8   0.0000000000000000     
          25           8   0.0000000000000000     
          26           8   0.0000000000000000     
          27           8   0.0000000000000000     
          28           8   0.0000000000000000     
          29           8   0.0000000000000000     
          30           8   0.0000000000000000     
          31           8   0.0000000000000000     
          32           8   0.0000000000000000     
          33           8   0.0000000000000000     
          34           8   0.0000000000000000     
          35           8   0.0000000000000000     
          36           8   0.0000000000000000     
          37           8   0.0000000000000000     
          38           8   0.0000000000000000     
          39           8   0.0000000000000000     
          40           8   0.0000000000000000     
          41           8   0.0000000000000000     
          42           8   0.0000000000000000     
          43           8   0.0000000000000000     
          44           8   0.0000000000000000     
          45           8   0.0000000000000000     
          46           8   0.0000000000000000     
          47           8   0.0000000000000000     
          48           8   0.0000000000000000     
          49           8   0.0000000000000000     
           1           9   0.0000000000000000     
           2           9   0.0000000000000000     
           3           9   0.0000000000000000     
           4           9   0.0000000000000000     
           5           9   0.0000000000000000     
           6           9   0.0000000000000000     
           7           9   0.0000000000000000     
           8           9   0.0000000000000000     
           9           9   0.0000000000000000     
          10           9   0.0000000000000000     
          11           9   0.0000000000000000     
          12           9   0.0000000000000000     
          13           9   0.0000000000000000     
          14           9   0.0000000000000000     
          15           9   0.0000000000000000     
          16           9   0.0000000000000000     
          17           9   0.0000000000000000     
          18           9   0.0000000000000000     
          19           9   0.0000000000000000     
          20           9   0.0000000000000000     
          21           9   0.0000000000000000     
          22           9   0.0000000000000000     
          23           9   0.0000000000000000     
          24           9   0.0000000000000000     
          25           9   0.0000000000000000     
          26           9   0.0000000000000000     
          27           9   0.0000000000000000     
          28           9   0.0000000000000000     
          29           9   0.0000000000000000     
          30           9   0.0000000000000000     
          31           9   0.0000000000000000     
          32           9   0.0000000000000000     
          33           9   0.0000000000000000     
          34           9   0.0000000000000000     
          35           9   0.0000000000000000     
          36           9   0.0000000000000000     
          37           9   0.0000000000000000     
          38           9   0.0000000000000000     
          39           9   0.0000000000000000     
          40           9   0.0000000000000000     
          41           9   0.0000000000000000     
          42           9   0.0000000000000000     
          43           9   0.0000000000000000     
          44           9   0.0000000000000000     
          45           9   0.0000000000000000     
          46           9   0.0000000000000000     
          47           9   0.0000000000000000     
          48           9   0.0000000000000000     
          49           9   0.0000000000000000     
           1          10   0.0000000000000000     
           2          10   0.0000000000000000     
           3          10   0.0000000000000000     
           4          10   0.0000000000000000     
           5          10   0.0000000000000000     
           6          10   0.0000000000000000     
           7          10   0.0000000000000000     
           8          10   0.0000000000000000     
           9          10   0.0000000000000000     
          10          10   0.0000000000000000     
          11          10   0.0000000000000000     
          12          10   0.0000000000000000     
          13          10   0.0000000000000000     
          14          10   0.0000000000000000     
          15          10   0.0000000000000000     
          16          10   0.0000000000000000     
          17          10   0.0000000000000000     
          18          10   0.0000000000000000     
          19          10   0.0000000000000000     
          20          10   0.0000000000000000     
          21          10   0.0000000000000000     
          22          10   0.0000000000000000     
          23          10   0.0000000000000000     
          24          10   0.0000000000000000     
          25          10   0.0000000000000000     
          26          10   0.0000000000000000     
          27          10   0.0000000000000000     
          28          10   0.0000000000000000     
          29          10   0.0000000000000000     
          30          10   0.0000000000000000     
          31          10   0.0000000000000000     
          32          10   0.0000000000000000     
          33          10   0.0000000000000000     
          34          10   0.0000000000000000     
          35          10   0.0000000000000000     
          36          10   0.0000000000000000     
          37          10   0.0000000000000000     
          38          10   0.0000000000000000     
          39          10   0.0000000000000000     
          40          10   0.0000000000000000     
          41          10   0.0000000000000000     
          42          10   0.0000000000000000     
          43          10   0.0000000000000000     
          44          10   0.0000000000000000     
          45          10   0.0000000000000000     
          46          10   0.0000000000000000     
          47          10   0.0000000000000000     
          48          10   0.0000000000000000     
          49          10   0.0000000000000000     
           1          11   0.0000000000000000     
           2          11   0.0000000000000000     
           3          11   0.0000000000000000     
           4          11   0.0000000000000000     
           5          11   0.0000000000000000     
           6          11   0.0000000000000000     
           7          11   0.0000000000000000     
           8          11   0.0000000000000000     
           9          11   0.0000000000000000     
          10          11   0.0000000000000000     
          11          11   0.0000000000000000     
          12          11   0.0000000000000000     
          13          11   0.0000000000000000     
          14          11   0.0000000000000000     
          15          11   0.0000000000000000     
          16          11   0.0000000000000000     
          17          11   0.0000000000000000     
          18          11   0.0000000000000000     
          19          11   0.0000000000000000     
          20          11   0.0000000000000000     
          21          11   0.0000000000000000     
          22          11   0.0000000000000000     
          23          11   0.0000000000000000     
          24          11   0.0000000000000000     
          25          11   0.0000000000000000     
          26          11   0.0000000000000000     
          27          11   0.0000000000000000     
          28          11   0.0000000000000000     
          29          11   0.0000000000000000     
          30          11   0.0000000000000000     
          31          11   0.0000000000000000     
          32          11   0.0000000000000000     
          33          11   0.0000000000000000     
          34          11   0.0000000000000000     
          35          11   0.0000000000000000     
          36          11   0.0000000000000000     
          37          11   0.0000000000000000     
          38          11   0.0000000000000000     
          39          11   0.0000000000000000     
          40          11   0.0000000000000000     
          41          11   0.0000000000000000     
          42          11   0.0000000000000000     
          43          11   0.0000000000000000     
          44          11   0.0000000000000000     
          45          11   0.0000000000000000     
          46          11   0.0000000000000000     
          47          11   0.0000000000000000     
          48          11   0.0000000000000000     
          49          11   0.0000000000000000     
