           0           0   0.0000000000000000        0.0000000000000000     
           5           0   0.0000000000000000        0.0000000000000000     
          10           0   0.0000000000000000        0.0000000000000000     
          15           0   0.0000000000000000        0.0000000000000000     
          20           0   0.0000000000000000        0.0000000000000000     
          25           0   0.0000000000000000        0.0000000000000000     
          30           0   0.0000000000000000        0.0000000000000000     
          35           0   0.0000000000000000        0.0000000000000000     
          40           0   0.0000000000000000        0.0000000000000000     
          45           0   0.0000000000000000        0.0000000000000000     
          50           0   0.0000000000000000        0.0000000000000000     
          55           0   0.0000000000000000        0.0000000000000000     
          60           0   0.0000000000000000        0.0000000000000000     
          65           0   0.0000000000000000        0.0000000000000000     
          70           0   0.0000000000000000        0.0000000000000000     
          75           0   0.0000000000000000        0.0000000000000000     
          80           0   0.0000000000000000        0.0000000000000000     
          85           0   0.0000000000000000        0.0000000000000000     
          90           0   0.0000000000000000        0.0000000000000000     
          95           0   0.0000000000000000        0.0000000000000000     
           0           1  -3.0548318194915240       -2.6286094244021285     
           5           1   1.5785272524260208        2.8599179201027614     
          10           1 -0.59366881782096925       -1.7394741423348847     
          15           1  -5.7191189618244209      -0.42343574818692886     
          20           1  -2.0075991900192491      -0.49036216734688054     
          25           1  -3.0464356685655503        1.6621748245104762     
          30           1  -4.3069074195223322       -1.4862287580830191     
          35           1  -3.5107613479823385        2.2069708433902768     
          40           1 -0.92616745170914783        2.5310875207773531     
          45           1  -2.0034847208449946        1.0805922597045825     
          50           1 -0.82648506364080276        1.4290153583274012     
          55           1  -5.2192231771996944       0.85175999520070711     
          60           1  -7.1590188835557456      -0.52823514993027842     
          65           1   0.0000000000000000        0.0000000000000000     
          70           1  -1.0438952632796372       0.11799572408044412     
          75           1  -8.0143322019665675      -0.49955891160857746     
          80           1  -2.1550989178820146       0.51240701781640752     
          85           1   1.7135858634276246        2.0294828351907768     
          90           1  -5.7975837571433431        4.5332926078023306     
          95           1  -4.3257688904674296        2.3979550195285526     
           0           2  -2.3850398854241561      -0.94696687592543682     
           5           2  -2.6484222270717339        1.6959915051950603     
          10           2  -6.1467655601088467       0.41271718826507708     
          15           2  -5.7711492031131684       -1.0238351427571679     
          20           2  -1.2827688811611893       -1.0507193263920023     
          25           2  -4.6456696929020325        1.2181005951794610     
          30           2  -1.6874682514256278        6.4604028610770747     
          35           2  -6.7406156050964228       -4.8512694577906856     
          40           2  -8.1444259730645285        1.9079568564417393     
          45           2  -4.5309154204176139        1.1619983443078574     
          50           2  -2.9302502408867781       -8.2836074762826506     
          55           2  -6.7276238915070508        5.7033807622786092     
          60           2  -10.708847361478036       0.73312655374913049     
          65           2  -4.7452565344485720      -0.84926007534624759     
          70           2  -8.8253558072892702       -1.8639023524946730     
          75           2  -3.2120693504111841        1.2846373995434313     
          80           2  -5.3367320312958100       -2.3972039987696370     
          85           2  -1.0685679436761575       -3.8960365068185787     
          90           2  -8.8181585778812632       -1.8872655928059423     
          95           2  -8.8986056891826593       -2.4119536550304410     
           0           3  -10.935803895383010       -2.8151194099712562     
           5           3  -10.817702556153996        7.7255497765027492     
          10           3  -7.6171197902041854        1.9916684136633833     
          15           3   0.0000000000000000        0.0000000000000000     
          20           3  -9.5856388605852771       -2.8948105477155650E-002
          25           3  -7.7849145511699192        1.5429967820801416     
          30           3  -4.5346076374208621        2.0760584147261341     
          35           3  -9.2334084204992450       -2.1422254633995941     
          40           3  -10.168449661662748       0.53297302196053664     
          45           3  -10.503200618430242        3.0275659643286268     
          50           3  -8.6024216756896976       0.33843961460666705     
          55           3  -15.409389869773804       0.77516517678510866     
          60           3   0.0000000000000000        0.0000000000000000     
          65           3  -7.2656725649977716        1.6914392138422940     
          70           3  -8.0296056223971846       -3.1947338792481794     
          75           3  -12.129721087745793       -1.0515052333759378     
          80           3   0.0000000000000000        0.0000000000000000     
          85           3  -11.822130790406504       -3.9335850511634796     
          90           3  -7.8382078982741632        2.8100925666518783     
          95           3  -8.1028811997896355        2.4345430476091501     
           0           4  -14.281371320405411       0.10269331224499467     
           5           4   0.0000000000000000        0.0000000000000000     
          10           4  -14.071302716942569        3.3012811010957321     
          15           4  -7.6411579675728092        3.4939469112282850     
          20           4  -12.432716767047935        1.9941219457964010     
          25           4  -21.192872073569902        2.7053011743793931     
          30           4  -5.3004586474791893        2.8748898986030724     
          35           4  -12.544976429254007      -0.45843667530132137     
          40           4  -14.531206478274328      -0.33295743410821643     
          45           4  -10.878541371859285       0.98595894356456881     
          50           4  -12.752516560361471        2.6292161326857411     
          55           4  -9.9327297617435306        2.3009224142489515     
          60           4  -13.868669479961682        1.4374629107782866     
          65           4  -12.179332137236543        2.6791060972142233     
          70           4   0.0000000000000000        0.0000000000000000     
          75           4  -8.8389630928986662        3.6067514282889235     
          80           4  -8.8594571388966870        1.3643362189563746     
          85           4  -13.462726713839857       -2.8569176440162991     
          90           4   0.0000000000000000        0.0000000000000000     
          95           4  -12.687238296535952       -2.2003981397000771     
           0           5  -15.396603288384268       0.77380033685070515     
           5           5  -30.599128985091539       -4.9873407428302485     
          10           5   0.0000000000000000        0.0000000000000000     
          15           5  -13.865060532136653       0.97065686195829670     
          20           5  -18.494770891113177       -5.8859847993053549     
          25           5  -15.353494888099561        7.0455842471339736E-002
          30           5  -12.127427788772849        3.2421495585266413     
          35           5  -18.486859353004093        1.7364661520025138     
          40           5   0.0000000000000000        0.0000000000000000     
          45           5  -15.339576969921609       -1.0996252552297747     
          50           5  -17.298343012548401       -1.6439243986932084     
          55           5  -19.009621064753901       -2.5825948860758174     
          60           5  -19.489539138390910       -4.7911830616209627     
          65           5  -16.123677148058846       -3.7062665201315070     
          70           5  -18.201443817815743       0.28761760317852492     
          75           5  -11.712694867327400        6.6747988808613101     
          80           5  -12.608544134380395        1.9187260144715168     
          85           5  -16.680767094072735       0.53438632538149733     
          90           5  -9.8579550893873602       0.40456214633000087     
          95           5  -17.540712507084777        2.2766732343715290     
           0           6  -13.456264558341369       0.54036167203452834     
           5           6  -18.118738743404528       0.11606491634896798     
          10           6  -16.884070204081780       -1.3159779108518066     
          15           6  -16.060970528251062       0.21615655494411357     
          20           6  -30.330557823852189      -0.93518138271964091     
          25           6  -13.406460134000042        1.8752480775985347     
          30           6  -10.388428009431294       -4.6622304882726340     
          35           6  -17.038110104010684        3.4875367287634518     
          40           6  -13.428186037742762       0.53206152248908012     
          45           6  -17.286931055195964       -3.5508772563241919     
          50           6   0.0000000000000000        0.0000000000000000     
          55           6  -21.064967432877779      -0.89618468179342159     
          60           6  -16.162794214480414       0.41202368222581498     
          65           6  -16.106902970633996        1.2779662998640973     
          70           6  -14.696231412756333        1.4949743072945054     
          75           6   0.0000000000000000        0.0000000000000000     
          80           6  -17.020358005268577      -0.48110246428922920     
          85           6  -19.544297802553956       -1.5738743162296842     
          90           6  -11.349830676152806      -0.95098599701692876     
          95           6  -19.737307658118652      -0.25411445336853689     
           0           7  -20.551887360390484      -0.55612891899148309     
           5           7   0.0000000000000000        0.0000000000000000     
          10           7  -16.077679858312877       -5.1111371495160540E-002
          15           7  -18.584464637942943      -0.35787118864316625     
          20           7   0.0000000000000000        0.0000000000000000     
          25           7  -18.975649742980494       -1.9589043995482669     
          30           7  -19.641647743480206      -0.42942975106097236     
          35           7  -18.631456180884243       -1.0542112919109670     
          40           7  -14.144495078021180       -2.6744844019788161     
          45           7  -20.213093532319704        2.6835169797712055     
          50           7  -22.382710841739595       0.46365336654918821     
          55           7   0.0000000000000000        0.0000000000000000     
          60           7  -20.588456819368162        1.3374560440793104     
          65           7  -18.313139797783151        2.4673036825051398     
          70           7  -15.885752613797877        2.0235262391343767     
          75           7  -15.574373098274918       -1.1066325719299996     
          80           7  -15.478959910950607       0.66985523559548454     
          85           7  -17.276766413090172      -0.18979298181509563     
          90           7  -19.370116788053338        1.0238110413629542     
          95           7  -22.765710035272946      -0.92929517076179025     
           0           8  -22.792981492233409       0.39712150233128796     
           5           8   0.0000000000000000        0.0000000000000000     
          10           8  -18.661419741423657        9.9911049531442586E-002
          15           8  -15.778059411246659       -1.6735285182889470     
          20           8  -20.841791987589176       -1.1521731026586934     
          25           8  -23.080425758355005       -2.2909285743111241     
          30           8  -20.207745082228001        2.2581471643690065E-002
          35           8   0.0000000000000000        0.0000000000000000     
          40           8  -23.104784614744744       0.19228063964149555     
          45           8  -20.430892192955241        1.7638960812416116     
          50           8  -21.937358328187884        1.7548068530537364     
          55           8  -45.780173214531317        3.2044647212536859     
          60           8  -22.351888748772808      -0.32073538562826798     
          65           8  -24.888921306143175      -0.48842480889987883     
          70           8  -24.998297195537589      -0.42800516437679903     
          75           8   0.0000000000000000        0.0000000000000000     
          80           8  -17.011309449230794        1.6824705897633407     
          85           8  -20.536277847753581       -1.8086858259103167     
          90           8  -21.055692677833804       -1.6612395903337074E-002
          95           8  -19.921557323101524        1.5832543032168189     
           0           9  -24.042733962464922        2.1657326913615549     
           5           9  -51.885548197065923        1.2769952631774828     
          10           9  -24.088114752753853       0.95036951506699552     
          15           9  -25.546193852026278      -0.11995019113086869     
          20           9  -24.101817968684713      -0.46143869713688446     
          25           9   0.0000000000000000        0.0000000000000000     
          30           9  -25.672399432696835       -2.7698804659515019     
          35           9  -22.491485454452231        1.7506813516376951     
          40           9   0.0000000000000000        0.0000000000000000     
          45           9  -24.716361476322390        1.4419087565720190     
          50           9  -20.819006180659017       0.42287836171439608     
          55           9  -24.311506197278732        1.5572430989152508E-002
          60           9   0.0000000000000000        0.0000000000000000     
          65           9   0.0000000000000000        0.0000000000000000     
          70           9  -26.625549039493990       -3.8475092060608063     
          75           9   0.0000000000000000        0.0000000000000000     
          80           9  -19.222994981049624        2.0316693870370273     
          85           9  -26.141954423195557       -4.8085386143270625     
          90           9  -25.042031515027929        2.0232272085962677     
          95           9  -21.644350496359266        1.7641629749221011     
           0          10  -23.595379886260925        1.7730964103712665     
           5          10   0.0000000000000000        0.0000000000000000     
          10          10   0.0000000000000000        0.0000000000000000     
          15          10  -24.567319384587449       -2.1256219852539004     
          20          10   0.0000000000000000        0.0000000000000000     
          25          10  -26.864277195546293        1.8317591812255785     
          30          10  -23.144349367232309        1.5333704807041215     
          35          10  -24.360245447212492        2.1103953788603746     
          40          10   0.0000000000000000        0.0000000000000000     
          45          10  -23.022437941904172       0.72634360556378397     
          50          10  -25.913201886069714        1.2581318010518316     
          55          10   0.0000000000000000        0.0000000000000000     
          60          10  -22.775603381859355      -0.61289186859880829     
          65          10  -27.469975969864890       -3.0258278687433915     
          70          10   0.0000000000000000        0.0000000000000000     
          75          10  -24.514168409552894       0.73006746198700512     
          80          10  -22.827264741351883        2.6361136449004618     
          85          10  -20.321891059040809       -1.3924709952561898     
          90          10  -28.616258861333677       0.88903590678590660     
          95          10  -28.715771469052243       -1.9783724863842167     
           0          11  -28.851797054578881       -1.3421032963556456     
           5          11  -29.517837216945786      -0.33738418721895869     
          10          11   0.0000000000000000        0.0000000000000000     
          15          11   0.0000000000000000        0.0000000000000000     
          20          11  -27.458735931542577        2.4440406147618887     
          25          11   0.0000000000000000        0.0000000000000000     
          30          11   0.0000000000000000        0.0000000000000000     
          35          11   0.0000000000000000        0.0000000000000000     
          40          11  -25.565013913819712        3.8345679073970018     
          45          11  -26.925038881415730       0.38689537264602336     
          50          11   0.0000000000000000        0.0000000000000000     
          55          11  -24.458871762433887        4.1632153533832650     
          60          11  -30.863892010799532      -0.91179458516776890     
          65          11  -27.987217858509439       0.14986259758487108     
          70          11  -25.251753642265840        1.9539966851844781     
          75          11  -24.137586252521714        4.8640490786233670     
          80          11   0.0000000000000000        0.0000000000000000     
          85          11   0.0000000000000000        0.0000000000000000     
          90          11   0.0000000000000000        0.0000000000000000     
          95          11   0.0000000000000000        0.0000000000000000     
           0          12   0.0000000000000000        0.0000000000000000     
           5          12   0.0000000000000000        0.0000000000000000     
          10          12   0.0000000000000000        0.0000000000000000     
          15          12  -29.604742262154815       -3.2159500553774478     
          20          12  -28.252303930482725        4.8497422262627765     
          25          12  -32.706439004694943       -1.0545759601399141     
          30          12  -26.827233461528266        5.3315815762289276E-003
          35          12  -26.282076941654964        2.2342995300483892     
          40          12  -27.467356071966265        2.9580831220954451     
          45          12  -27.216038243125240       0.97269877434413843     
          50          12   0.0000000000000000        0.0000000000000000     
          55          12   0.0000000000000000        0.0000000000000000     
          60          12  -32.660532791908281       -1.2890514153696131     
          65          12   0.0000000000000000        0.0000000000000000     
          70          12  -31.635749974867622       -1.4825620833924802     
          75          12  -29.973990963867436       -2.6535337207711507     
          80          12   0.0000000000000000        0.0000000000000000     
          85          12   0.0000000000000000        0.0000000000000000     
          90          12   0.0000000000000000        0.0000000000000000     
          95          12  -27.174301140036050       0.99882875701950979     
           0          13  -30.159456117155173      -0.96906390824713640     
           5          13   0.0000000000000000        0.0000000000000000     
          10          13   0.0000000000000000        0.0000000000000000     
          15          13  -32.626442832057734      -0.47880493768914789     
          20          13  -29.274206464950936        1.5432653410485386     
          25          13   0.0000000000000000        0.0000000000000000     
          30          13   0.0000000000000000        0.0000000000000000     
          35          13   0.0000000000000000        0.0000000000000000     
          40          13  -32.980423003223791      -0.19597264925508284     
          45          13   0.0000000000000000        0.0000000000000000     
          50          13   0.0000000000000000        0.0000000000000000     
          55          13   0.0000000000000000        0.0000000000000000     
          60          13   0.0000000000000000        0.0000000000000000     
          65          13   0.0000000000000000        0.0000000000000000     
          70          13   0.0000000000000000        0.0000000000000000     
          75          13  -33.534009607905091        2.8107354270900942     
          80          13   0.0000000000000000        0.0000000000000000     
          85          13  -32.068582615636387       -2.5875713996370564     
          90          13   0.0000000000000000        0.0000000000000000     
          95          13  -28.904442352057913        1.0232210917493489     
           0          14   0.0000000000000000        0.0000000000000000     
           5          14   0.0000000000000000        0.0000000000000000     
          10          14   0.0000000000000000        0.0000000000000000     
          15          14   0.0000000000000000        0.0000000000000000     
          20          14   0.0000000000000000        0.0000000000000000     
          25          14   0.0000000000000000        0.0000000000000000     
          30          14   0.0000000000000000        0.0000000000000000     
          35          14   0.0000000000000000        0.0000000000000000     
          40          14   0.0000000000000000        0.0000000000000000     
          45          14   0.0000000000000000        0.0000000000000000     
          50          14   0.0000000000000000        0.0000000000000000     
          55          14   0.0000000000000000        0.0000000000000000     
          60          14   0.0000000000000000        0.0000000000000000     
          65          14  -31.500073378509796        2.8637475986670324     
          70          14   0.0000000000000000        0.0000000000000000     
          75          14   0.0000000000000000        0.0000000000000000     
          80          14  -26.539715278488529        3.3939403280491831     
          85          14   0.0000000000000000        0.0000000000000000     
          90          14  -30.300510844227801        3.8947265218780558     
          95          14   0.0000000000000000        0.0000000000000000     
           0          15   0.0000000000000000        0.0000000000000000     
           5          15   0.0000000000000000        0.0000000000000000     
          10          15   0.0000000000000000        0.0000000000000000     
          15          15   0.0000000000000000        0.0000000000000000     
          20          15   0.0000000000000000        0.0000000000000000     
          25          15   0.0000000000000000        0.0000000000000000     
          30          15   0.0000000000000000        0.0000000000000000     
          35          15   0.0000000000000000        0.0000000000000000     
          40          15   0.0000000000000000        0.0000000000000000     
          45          15   0.0000000000000000        0.0000000000000000     
          50          15   0.0000000000000000        0.0000000000000000     
          55          15   0.0000000000000000        0.0000000000000000     
          60          15   0.0000000000000000        0.0000000000000000     
          65          15   0.0000000000000000        0.0000000000000000     
          70          15   0.0000000000000000        0.0000000000000000     
          75          15   0.0000000000000000        0.0000000000000000     
          80          15   0.0000000000000000        0.0000000000000000     
          85          15   0.0000000000000000        0.0000000000000000     
          90          15   0.0000000000000000        0.0000000000000000     
          95          15   0.0000000000000000        0.0000000000000000     
           0          16   0.0000000000000000        0.0000000000000000     
           5          16   0.0000000000000000        0.0000000000000000     
          10          16   0.0000000000000000        0.0000000000000000     
          15          16   0.0000000000000000        0.0000000000000000     
          20          16   0.0000000000000000        0.0000000000000000     
          25          16   0.0000000000000000        0.0000000000000000     
          30          16   0.0000000000000000        0.0000000000000000     
          35          16   0.0000000000000000        0.0000000000000000     
          40          16   0.0000000000000000        0.0000000000000000     
          45          16   0.0000000000000000        0.0000000000000000     
          50          16   0.0000000000000000        0.0000000000000000     
          55          16   0.0000000000000000        0.0000000000000000     
          60          16   0.0000000000000000        0.0000000000000000     
          65          16   0.0000000000000000        0.0000000000000000     
          70          16   0.0000000000000000        0.0000000000000000     
          75          16   0.0000000000000000        0.0000000000000000     
          80          16   0.0000000000000000        0.0000000000000000     
          85          16   0.0000000000000000        0.0000000000000000     
          90          16   0.0000000000000000        0.0000000000000000     
          95          16   0.0000000000000000        0.0000000000000000     
