           0           0   0.0000000000000000        0.0000000000000000     
           5           0   0.0000000000000000        0.0000000000000000     
          10           0   0.0000000000000000        0.0000000000000000     
          15           0   0.0000000000000000        0.0000000000000000     
          20           0   0.0000000000000000        0.0000000000000000     
          25           0   0.0000000000000000        0.0000000000000000     
          30           0   0.0000000000000000        0.0000000000000000     
          35           0   0.0000000000000000        0.0000000000000000     
          40           0   0.0000000000000000        0.0000000000000000     
          45           0   0.0000000000000000        0.0000000000000000     
          50           0   0.0000000000000000        0.0000000000000000     
          55           0   0.0000000000000000        0.0000000000000000     
          60           0   0.0000000000000000        0.0000000000000000     
          65           0   0.0000000000000000        0.0000000000000000     
          70           0   0.0000000000000000        0.0000000000000000     
          75           0   0.0000000000000000        0.0000000000000000     
          80           0   0.0000000000000000        0.0000000000000000     
          85           0   0.0000000000000000        0.0000000000000000     
          90           0   0.0000000000000000        0.0000000000000000     
          95           0   0.0000000000000000        0.0000000000000000     
           0           1  0.19988787572618530       0.38079795922451098     
           5           1 -0.98345527970722380       0.31536833958983879     
          10           1  -1.3335954554678786      -0.38316360930625709     
          15           1 -0.71812679610872010       0.14762479834550327     
          20           1 -0.19293379760393359       0.18433285492591364     
          25           1 -0.65178071310678654       0.21711388400463480     
          30           1 -0.80818790698378162      -0.23930571211461943     
          35           1  -1.1267538725145965      -0.35877282976826130     
          40           1  0.20724574180897015      -0.18792517987607782     
          45           1 -0.37168168934120782       0.20844614102772871     
          50           1 -0.32124290428647839      -0.23563071663285431     
          55           1 -0.32395114779593115      -0.10269488958524961     
          60           1 -0.50243149897988282       0.32491975882315005     
          65           1  -1.0224440604256202        5.7559682649626492E-002
          70           1 -0.42110502513237336        1.7670976634621277E-002
          75           1   4.8637604180834515E-002  0.13645734678113114     
          80           1 -0.33384640797384790       -1.0272467767169675     
          85           1  -1.0563312568545591       0.47394679859379812     
          90           1 -0.11342802849201306      -0.19906935966009648     
          95           1 -0.44295976460162478       0.63478530050530002     
           0           2  -1.2975601814877498       0.20528536836296463     
           5           2  -2.2495889108715970        1.0776796044581483E-002
          10           2  -1.3982050409236391      -0.25129842356291093     
          15           2  -1.0840848889420718      -0.28208115429952108     
          20           2  -1.7295917759024837        3.5783531866714902E-002
          25           2  -2.6620401637833524       0.11730134906094702     
          30           2  -1.4698653505168524       0.33904774627554340     
          35           2 -0.29206126628766871       0.57091474442504808     
          40           2 -0.68039420321797106       0.15879352217060966     
          45           2 -0.53901729753336181       0.21818784578117589     
          50           2  -2.3073070189738587      -0.68056498818070543     
          55           2  -1.4187726951941926      -0.24441025516533377     
          60           2  -1.1313334214624327       0.25076154396359157     
          65           2  -1.6497553752992111      -0.15909629672464926     
          70           2  -1.3659322143610986      -0.24889924152605297     
          75           2 -0.90538588856547975       0.49299180181320429     
          80           2  -2.5046399937156405       -1.6908717767958463     
          85           2  -1.1025297106792564       0.64228644525297218     
          90           2 -0.89113133136309308       0.34903206991471897     
          95           2 -0.51538389739702595       0.15995387301435265     
           0           3 -0.58419012735679354       0.19952415890631126     
           5           3  -1.6331632868209904        5.9133221218393706E-002
          10           3  -1.5750501928772642       0.51396550111500183     
          15           3  -2.1224952945295139      -0.19068792878704222     
          20           3  -1.7507572258901316       -8.9490998436136948E-002
          25           3  -1.2977976084088683       -8.3200659508203545E-002
          30           3   0.0000000000000000        0.0000000000000000     
          35           3  -1.2977671054431594       0.11995260008307307     
          40           3 -0.96488689734608446      -0.29067979305373581     
          45           3  -1.0550371551493187      -0.53328165110340386     
          50           3  -1.9293164229017279      -0.49855512905400134     
          55           3 -0.87747962615680741      -0.70312844019045084     
          60           3  -1.4748671422415427       0.20571471210192871     
          65           3 -0.80059944503996228        8.4439861293278407E-002
          70           3  -3.5611346645780806      -0.28776334961563149     
          75           3  -1.2419674085761834       0.20810666974364206     
          80           3  -2.2178964166386095      -0.23278929115286284     
          85           3   0.0000000000000000        0.0000000000000000     
          90           3  -4.2214899533554728       0.16911589913640168     
          95           3  -2.1681760496305991      -0.48366937090135731     
           0           4  -5.4292142537432309      -0.31805302910060951     
           5           4  -4.4694035702173149      -0.34117770298380812     
          10           4  -2.3528237126463347       0.19983226822423150     
          15           4  -3.7874889441541493       0.39241931379420392     
          20           4  -2.4416119545495052       0.23431221283308490     
          25           4  -1.6974873678426983       0.38988464560851810     
          30           4  -1.8410866195944786       0.15987356755620130     
          35           4  -2.0958126321585224       0.24491654791819473     
          40           4  -3.5326502728572073       0.14218018688672007     
          45           4  -2.5809252415970318      -0.14160509858862635     
          50           4  -1.8201414077445577      -0.23380842180516226     
          55           4  -3.1728520768448121      -0.29084502107153132     
          60           4  -2.1386120565791700        1.1251379941762396E-002
          65           4  -1.8391312667420667       -4.2579384572638546E-002
          70           4  -2.2139143670085737      -0.13872796175255775     
          75           4  -3.5984711338732378      -0.21342976227571586     
          80           4  -2.2004993690560859      -0.39215234788281261     
          85           4  -6.2630424792120554      -0.56422608898480664     
          90           4  -5.1533806824399786       0.30819061089308597     
          95           4  -5.0781283533485322      -0.15537123733880276     
           0           5  -5.6050948130921094      -0.30276788379600406     
           5           5  -2.7816618709976257       -6.1613631424026205E-002
          10           5  -5.2923022762076108      -0.59145428905234276     
          15           5  -2.5539044177197434        7.6902283065866106E-002
          20           5  -5.2199527921795159       0.55019993677948853     
          25           5  -4.9498118853724682      -0.16814460786968022     
          30           5  -2.8326738108569449       0.34810471500348883     
          35           5  -2.5809618235972387        2.1573374830233250E-002
          40           5  -2.4856978913695427       0.12945599918171014     
          45           5  -2.4568564174337615       0.19878395161342099     
          50           5  -2.4144986600060925      -0.17357205430390543     
          55           5  -4.6628096876100145      -0.25442682875992384     
          60           5  -2.9588443638983719        1.5599362111068382E-002
          65           5  -2.0559572638023660      -0.35927314156844470     
          70           5  -4.2081908567825899      -0.94772514151748866     
          75           5  -3.9640472737767496       -4.2420476614596359E-002
          80           5  -2.1599711229125518      -0.17590281731441615     
          85           5  -3.2078010290437220       0.13868808376386876     
          90           5  -3.3305657556659263       0.23547277263072375     
          95           5  -2.5217241931518863       -1.5025327614048845E-003
           0           6  -2.6017800268806570       0.12958231101714568     
           5           6   0.0000000000000000        0.0000000000000000     
          10           6  -2.8202910867103359      -0.16836582633725228     
          15           6  -5.6678644919783139       0.20718052528331810     
          20           6  -2.8392173468350101       0.25707516940601249     
          25           6  -2.9120242085806103       0.26727241867488538     
          30           6  -8.4178274203827730       0.30025633119268313     
          35           6  -4.9915422905566498      -0.30798979770318979     
          40           6  -2.7427018178022289       0.59994751445066608     
          45           6   0.0000000000000000        0.0000000000000000     
          50           6  -3.0409031029554612      -0.22758413343385020     
          55           6  -2.3238947359183193       0.30627103535199596     
          60           6   0.0000000000000000        0.0000000000000000     
          65           6  -5.3439973134894458      -0.21849150092165259     
          70           6   0.0000000000000000        0.0000000000000000     
          75           6  -2.0319947299896057       0.20252448256666278     
          80           6  -3.1030194244696663      -0.21232859748782085     
          85           6  -4.1723705035512371       -1.4886496228494472E-002
          90           6  -2.1396517027383322       -6.8614160180224815E-002
          95           6  -2.7597929090905637       0.26303555057075045     
           0           7  -6.7544069316072459       0.74564806095758773     
           5           7  -7.1366423766304470      -0.32769181812927761     
          10           7  -3.2798569244173179       0.21909054383345561     
          15           7  -3.4402238679220876      -0.29697455829397201     
          20           7  -2.8583010929181252       -5.5430952800028521E-003
          25           7  -5.9818180236781426       0.19845072535773500     
          30           7  -3.2862168433089867        8.5278028846835774E-004
          35           7  -3.1223096477778212      -0.10480037622134786     
          40           7  -3.0247766569341250       0.43366976438904969     
          45           7  -3.4619372588989838      -0.31083867386774711     
          50           7  -2.7227642259841645       0.14433010673067792     
          55           7  -3.6624985943101152        6.4675994067425746E-002
          60           7  -2.6820800394222744       0.38719602338713188     
          65           7  -2.9928597847084237        6.9228615603711408E-002
          70           7  -3.3302816092595222       0.14351184390776206     
          75           7  -6.4769520568064287       0.67778849101418626     
          80           7  -3.6183069626671838      -0.15276756165402694     
          85           7  -3.6373837734937631       0.61882905057472626     
          90           7  -3.1357974895451779      -0.56020161963779569     
          95           7  -4.0781440433934613       0.50486482401149169     
           0           8  -4.1954097148959741       -2.9272879088632076E-002
           5           8  -3.7535639787246442       -4.5117696241270266E-002
          10           8  -3.9291981495939710      -0.16739692450876142     
          15           8  -3.3477510465046434        9.6415510171532492E-003
          20           8  -3.8733287060893629      -0.16490062931612259     
          25           8  -3.3763687651350294       -8.1299781692495410E-002
          30           8  -3.0827442557923579       -1.2067495906925574     
          35           8  -7.3079548474763723      -0.32884475037853189     
          40           8  -3.4647818021321664       0.34506741432641097     
          45           8  -3.2319389976848134       0.25450632459109168     
          50           8  -3.4250596835883051       0.30380082058620306     
          55           8  -3.5659720445702092       0.64862642449051156     
          60           8  -6.6623271879828749      -0.15083092517492735     
          65           8  -3.6814448417965551        1.2623495388858208E-002
          70           8  -6.2398349107029016        1.0864840774715834     
          75           8  -3.7662636824742357      -0.35230256424947926     
          80           8  -4.4547428791053001      -0.61691968834584610     
          85           8   0.0000000000000000        0.0000000000000000     
          90           8  -3.9377583808586358       -7.6728951971249959E-003
          95           8  -4.2196953603945708      -0.22584048882348662     
           0           9  -4.2334867273361754       0.16492231427758797     
           5           9  -8.0784045297303813       0.32883302511013679     
          10           9  -4.1391420794942286       -3.6676830215409684E-002
          15           9  -4.1278451585818887       0.12966310442133477     
          20           9  -4.5260163571000929       0.12750010610310114     
          25           9  -4.2500782756882405       0.48297179776141119     
          30           9  -4.9528650484814696      -0.42774029288469850     
          35           9   0.0000000000000000        0.0000000000000000     
          40           9  -3.7985406141877176       0.43749169736304050     
          45           9  -4.1297407933565955        7.8387599320023371E-002
          50           9   0.0000000000000000        0.0000000000000000     
          55           9  -4.2005632059316511      -0.28873934104542420     
          60           9  -3.3977672575158380      -0.21912554855299526     
          65           9  -3.6696582395312483        3.1255831336313156E-002
          70           9  -4.3920826997789764       0.33362602291697740     
          75           9  -3.8188771655245368       -5.8036520848847584E-003
          80           9  -4.2467395441003752      -0.43483742823022253     
          85           9  -3.9600573304432451        8.9956819363107288E-002
          90           9  -9.1756383547125786      -0.21732033665664008     
          95           9  -4.3364057100325759       -3.0316153852433247E-002
           0          10  -8.3763196447684667        2.4326936299001733E-002
           5          10  -4.4622645255196902       0.10801016143216491     
          10          10  -3.7470249785712118      -0.13921026801907987     
          15          10  -9.6209429220733824      -0.45863417961922170     
          20          10  -4.3265922187790684      -0.40956223739244124     
          25          10  -4.5696846286663595       0.42284440111700627     
          30          10  -9.4989848335036431      -0.58833037013775180     
          35          10  -4.5274186577043407      -0.93977641141093637     
          40          10  -9.6055305271530713        8.3193020695010444E-002
          45          10  -9.1552964511704147       0.54860019123845194     
          50          10  -3.5377456629126502       0.78790812675227917     
          55          10  -4.1074643832184066       0.10134706792633286     
          60          10  -3.7574222748815167       0.23241377703250854     
          65          10  -4.4640681528340664        7.7229144488794033E-002
          70          10  -3.5668088223561600       0.79893707583461593     
          75          10  -4.4650374228383249        5.1336377302618752E-002
          80          10  -3.7985451927591285       0.21393479575165797     
          85          10  -8.5646354243429368       0.51848308393470655     
          90          10  -4.7488960924724211        7.6008950730677149E-003
          95          10  -5.1108095940866072        2.7629085094377226E-002
           0          11  -4.7562558743324734      -0.17656617500957927     
           5          11  -5.2210329675553968      -0.42527982602638681     
          10          11  -5.3081080203948305      -0.13954650243702682     
          15          11  -10.011382171935256       0.34078877169427257     
          20          11  -5.0374875123859741      -0.37581201074179948     
          25          11  -4.7814259864797926        8.8632615977829454E-002
          30          11  -4.9983540861614495      -0.42119995619802064     
          35          11  -4.9211483563149638      -0.71956219782953745     
          40          11   0.0000000000000000        0.0000000000000000     
          45          11  -5.0453694603808108       0.18496164924289293     
          50          11  -8.7232949676629978       0.18455039283105101     
          55          11  -4.6280208418703062      -0.24189377566499748     
          60          11  -5.4022207056014793       0.20919918198830656     
          65          11  -4.7084082642800951       0.37634347927847922     
          70          11   0.0000000000000000        0.0000000000000000     
          75          11  -4.5546981616606530       0.17067524138034140     
          80          11   0.0000000000000000        0.0000000000000000     
          85          11  -4.8661536066063604       0.20706219025876105     
          90          11   0.0000000000000000        0.0000000000000000     
          95          11  -4.9607325552414316       -6.2062137155677322E-002
           0          12  -5.2290118772501701      -0.32888198442132532     
           5          12  -4.9551539453655113      -0.19814646590510243     
          10          12  -4.9602844875246133      -0.32162561871565409     
          15          12  -5.1496899634109745       0.15942982167754804     
          20          12  -5.0398562596307146      -0.37335377335773190     
          25          12  -5.2627293393597840       0.23833841806805700     
          30          12  -4.8622345901111474      -0.33707194201149093     
          35          12  -5.2941725246274940      -0.37763210076646736     
          40          12  -4.9236143385705811       -6.3547049113793497E-002
          45          12  -5.1783459419313393       0.39469682020870644     
          50          12  -5.6125554133390487      -0.14505805478404188     
          55          12  -5.2023425420844038      -0.37896734100525964     
          60          12  -11.023646999254177       0.60142255258313626     
          65          12  -4.9433118378483520      -0.21878675458372743     
          70          12  -5.0386362122400996      -0.51516794751807482     
          75          12  -5.1278844857338690       0.29303511639169888     
          80          12  -4.6181166233605353       0.29555097687525289     
          85          12   0.0000000000000000        0.0000000000000000     
          90          12  -5.1216965411193804      -0.20060873897942422     
          95          12  -10.458952749524686      -0.17037526057597785     
           0          13  -5.8217969282383013      -0.19320985240323107     
           5          13  -5.6878470151321832      -0.70169295213751148     
          10          13  -5.5918052992307006      -0.49131294768051115     
          15          13  -5.7095950929725303      -0.27921684585818785     
          20          13  -10.811083943619291      -0.59714603287297496     
          25          13  -5.3974788169713905       0.33482204532142568     
          30          13  -5.1237010724530796      -0.15211707343809611     
          35          13   0.0000000000000000        0.0000000000000000     
          40          13  -6.2959793840794420      -0.63123827310385128     
          45          13  -10.456619104955989       0.55137695449708479     
          50          13  -5.6360526708609804        7.1698174140544246E-002
          55          13  -5.2366045126006622       0.55584717258194694     
          60          13  -5.7142549650823771       0.19889738109929445     
          65          13  -10.340081245929778       0.50039203686763623     
          70          13  -5.4194948051855540      -0.27160353922084379     
          75          13  -5.4113825197310561      -0.44008279037693887     
          80          13  -5.0557222282687775      -0.41573985731901963     
          85          13  -4.9906263764087910        9.2492838860980253E-002
          90          13  -5.3076547343677838       0.41891925457782087     
          95          13  -6.0174141913105217      -0.25490333426470002     
           0          14  -5.9367510846823732       0.23416830649769516     
           5          14  -12.150417642104031      -0.46065914168058608     
          10          14  -5.4396321252950237      -0.53836451301220167     
          15          14  -5.4431095960194575      -0.40954001602311330     
          20          14  -6.0460835050143986        9.8383017343994794E-002
          25          14  -5.7588382317169673       0.14926730381170650     
          30          14  -5.6860526985486048      -0.39330941991266855     
          35          14  -5.5550076780769286      -0.10884200208782779     
          40          14  -5.9009142296290173       -8.9734557132126191E-002
          45          14  -5.4985243746336065       0.54217484410701289     
          50          14  -5.4543936959805528       -4.8515794036640969E-002
          55          14  -5.7510173001884546       -1.4520424261310616E-002
          60          14  -11.197495465739005       0.75721686844776315     
          65          14  -5.2761799736478210        9.3354166883496958E-002
          70          14  -5.7558108247868223      -0.18900918281550272     
          75          14  -5.6208041007377307      -0.35472800412439387     
          80          14  -12.119726812189757      -0.85983288284963155     
          85          14  -11.227162971385596      -0.36491692580964408     
          90          14  -5.4102326516314303      -0.43920777331840632     
          95          14  -5.8586023359508133        5.6194593788250202E-002
           0          15  -5.6947372662073841      -0.10948793651294197     
           5          15  -6.1757734198634306      -0.45221167352449410     
          10          15  -11.142229184565311      -0.30320361739555324     
          15          15  -6.1404680185364597      -0.13055171601050741     
          20          15  -6.1634812170707765       0.17088598961711998     
          25          15  -6.1075465400212137       0.39542186020258274     
          30          15  -5.9976381434329040      -0.31992389542934152     
          35          15  -5.6169205416839452      -0.13430160163696581     
          40          15  -6.5189508129764873      -0.24030128122354277     
          45          15   0.0000000000000000        0.0000000000000000     
          50          15  -5.9202124176049864       0.12182012617767413     
          55          15  -5.8451531228342901      -0.12390765405601023     
          60          15  -6.1332846968187305       0.33602061299403685     
          65          15  -5.9779093368761416       0.13910972233077690     
          70          15  -11.681396279998868      -0.41371757824648636     
          75          15  -5.8061422041366662      -0.57627388444447813     
          80          15  -6.0458950907626985      -0.39572121544595440     
          85          15  -5.9560477576692250        7.6904432972091374E-002
          90          15  -5.7187541424141841      -0.27826551594056781     
          95          15  -11.220055048635214       -8.4259413017928608E-002
           0          16  -6.0562049109123022        4.5208406438956850E-002
           5          16  -6.6414188960482727      -0.11733035930577840     
          10          16  -6.5781455345879918       -6.6811848584424904E-002
          15          16  -6.2145883976486012       0.51240883090608591     
          20          16  -6.6293161408742529        7.6003331973550914E-002
          25          16  -6.4472250188002400      -0.31334285333528555     
          30          16  -6.2310635327150754      -0.15794676384600637     
          35          16  -5.9589471365834035       -4.1595313426956437E-003
          40          16  -6.3536981223349942      -0.32255217179755213     
          45          16  -11.664200118018941        1.2976121794450179     
          50          16  -5.8663924601143336       0.40056373308672288     
          55          16  -6.1459039162103934       0.20796247883259067     
          60          16  -6.1273215985990781       0.20825011627839674     
          65          16  -6.0515775625591406        9.5959073650453419E-002
          70          16  -12.297674057014651      -0.49824659848374253     
          75          16  -6.0162684996822868      -0.22019726001909490     
          80          16  -6.3013925628840894       -3.2460040039206106E-003
          85          16  -6.0615619047321712        1.6055172522011496E-002
          90          16  -6.3085053844469385       -9.5537404808110349E-002
          95          16  -6.0586511121152320       0.39704408153429238     
           0          17  -6.1556804324347185        8.4114235581189689E-002
           5          17  -6.7807293246840290      -0.23934784612766880     
          10          17  -6.8667462678609343      -0.31518075016667702     
          15          17   0.0000000000000000        0.0000000000000000     
          20          17  -13.082686695305711       0.22609641712328932     
          25          17  -6.9684155489618815      -0.11532972083116988     
          30          17  -7.0200720529495220      -0.67325816679397743     
          35          17  -6.2301308914564091       0.17382329067699986     
          40          17  -6.9321205367073313      -0.62195206102844125     
          45          17  -6.1812642300534959       0.58864889782322960     
          50          17  -6.4296223431514754       -1.7780117113064264E-002
          55          17  -13.234509184829601      -0.30889558769398029     
          60          17  -12.141794553691687       0.19751752746877127     
          65          17  -6.3274573870986117       0.42227504191000298     
          70          17  -12.383587043915956       -1.0207730407851834     
          75          17  -6.8470425868238927      -0.11825000276716180     
          80          17  -6.3972337089346354       -1.1107604414029026E-002
          85          17  -6.2401830413216786        6.3592692526315275E-002
          90          17  -12.531042439904994      -0.39374629139499184     
          95          17  -6.5025615877578602      -0.16839999427142871     
           0          18  -6.8339414235822886      -0.52070891939981490     
           5          18  -7.0213027260086074       -4.2527462849606401E-002
          10          18  -6.7540628426199234       -2.6867186182499836E-002
          15          18  -6.7821531345374497       -3.1206585976994994E-002
          20          18  -6.8187911896164239       -1.9117487715381021E-002
          25          18  -6.9773253333821339       -9.0158004053542129E-002
          30          18  -6.9319438320297744      -0.36322157915269493     
          35          18  -6.5590658049091699       0.17477563779622063     
          40          18  -6.8973366767582922      -0.36611347985771037     
          45          18  -7.0019685809935561       -8.3827260046187568E-002
          50          18  -13.532026363043403       -5.7805778385100481E-002
          55          18  -6.7416367891404150        6.4787795157617012E-002
          60          18  -12.917170652751997       0.57481346374843589     
          65          18  -6.4149556793680063       0.24355455697344652     
          70          18  -6.6138498211820718      -0.11377062437589736     
          75          18  -6.7696040630127463       0.33754572494243407     
          80          18  -6.3677770077541496        7.8063278107776135E-002
          85          18  -6.8243497918585305      -0.33556196988193676     
          90          18  -6.6255782054813750       0.10062946294575603     
          95          18  -6.7826407097681951      -0.22623946385802451     
           0          19  -6.6597230969525114       -2.4387671957726287E-002
           5          19  -7.4436236614971305      -0.28652596969935828     
          10          19  -6.7825979840616109        1.1831323397659688E-002
          15          19  -13.873461749520089      -0.13060186763669268     
          20          19  -7.1188005796982141        5.8476876811930367E-002
          25          19  -21.288671510916178        1.0348922417505180     
          30          19  -6.9051646476964157        5.2269728101350665E-003
          35          19  -7.2727211459561181       -6.6506775929786599E-002
          40          19  -7.1268973958688031       0.17917459929794877     
          45          19  -14.298814446473962      -0.21367310946207585     
          50          19  -6.9235475963380644      -0.13454155581571481     
          55          19  -6.7538678360379301       0.32362856897616421     
          60          19  -6.8171480438583565       0.43528077991600300     
          65          19  -6.7333519762824423       0.11791347022671594     
          70          19  -6.8482117033163981      -0.26589634665730166     
          75          19  -7.2438322480850026      -0.41935233087653234     
          80          19  -6.8652571259275597       0.42262175353025011     
          85          19  -7.2615105227957777      -0.37234783067496835     
          90          19  -6.7487123253728853        2.8191021336776423E-002
          95          19  -7.0577347112954492      -0.18520511854525079     
           0          20  -6.7754717145295738       0.30692609309379559     
           5          20  -7.4668097482278455      -0.28955135848440783     
          10          20  -7.2092412689286895       0.11858042922696654     
          15          20  -14.995562477044256      -0.49641772101427506     
          20          20  -7.6969619937100608      -0.20079510359483077     
          25          20  -6.8293713490358288       0.10628833223724765     
          30          20  -7.1974590406614913       0.16641209689527425     
          35          20  -7.3278548217831085      -0.10867380031531759     
          40          20  -14.818062549363242      -0.93366532307348482     
          45          20  -7.2670442008321290      -0.37507009511994482     
          50          20   0.0000000000000000        0.0000000000000000     
          55          20  -7.2948163929664744       0.41830883226456894     
          60          20  -6.7391935560912053       0.41190562182047419     
          65          20  -13.794945381877532       0.47761389609546345     
          70          20  -7.4009646050310351      -0.32123193370814374     
          75          20  -7.7488630662236879      -0.37444379120898930     
          80          20  -7.5409982960183974       0.13663445974865240     
          85          20  -7.4746702333183812      -0.18562585531622933     
          90          20  -15.043132793559622      -0.17580959121743511     
          95          20  -7.5486159127891028        6.9811979876988062E-002
           0          21  -7.3174581806650316        7.6325177095215579E-002
           5          21   0.0000000000000000        0.0000000000000000     
          10          21  -14.957296187887852      -0.14370296135962635     
          15          21  -7.4997585360081498       0.28297438204649694     
          20          21  -15.673266473125725      -0.51626294923973193     
          25          21  -7.5791589308310536      -0.29073675287427658     
          30          21  -7.6507860320768062      -0.12980529441486421     
          35          21  -8.0351636050290942       -1.4826222748121065E-002
          40          21   0.0000000000000000        0.0000000000000000     
          45          21  -7.1515123283721893        6.7735869196394738E-002
          50          21  -7.2298443039087168      -0.11738051377274683     
          55          21  -7.6646111701306197       0.23854394867295348     
          60          21   0.0000000000000000        0.0000000000000000     
          65          21  -7.3561059749049917       0.38231422359924494     
          70          21  -7.8006818900466790       -2.8750723783388388E-002
          75          21  -7.4731175667297478      -0.19584853550136394     
          80          21  -7.5441908005391412      -0.32626530104939988     
          85          21   0.0000000000000000        0.0000000000000000     
          90          21  -7.4543230426815654       0.22754172684824603     
          95          21  -7.1571446143003925       -5.7892736126663458E-002
           0          22   0.0000000000000000        0.0000000000000000     
           5          22  -7.5477447132216851      -0.27848027230825689     
          10          22  -7.7395295487198146      -0.34179611059559356     
          15          22   0.0000000000000000        0.0000000000000000     
          20          22  -8.0043427276460513       -5.2648977759139903E-002
          25          22  -8.0274470628699515      -0.69357087427779351     
          30          22  -8.1249426386992276      -0.26664047507063415     
          35          22  -7.8089628261096555       -7.0365023076002231E-002
          40          22   0.0000000000000000        0.0000000000000000     
          45          22  -7.5983582186694987       -1.2489302949614256E-002
          50          22  -7.5771010349412471       0.14314400146209216     
          55          22  -6.8151537029659259      -0.27955070369345414     
          60          22  -7.3989262965112879        4.2243992950385945E-002
          65          22   0.0000000000000000        0.0000000000000000     
          70          22  -8.1788036899088645      -0.31094870030778932     
          75          22  -7.5948207844866999       -7.1415281283071508E-002
          80          22   0.0000000000000000        0.0000000000000000     
          85          22  -7.4724254203206719      -0.44416319501583423     
          90          22  -7.5991195033919823       0.38836031428457485     
          95          22  -7.9883313579243165      -0.52857021621999234     
           0          23  -8.0303665499134329      -0.10003030962546511     
           5          23   0.0000000000000000        0.0000000000000000     
          10          23   0.0000000000000000        0.0000000000000000     
          15          23  -7.7561464572911687       -7.1218278732687601E-002
          20          23   0.0000000000000000        0.0000000000000000     
          25          23  -8.0890468363409287      -0.53098459279699028     
          30          23   0.0000000000000000        0.0000000000000000     
          35          23   0.0000000000000000        0.0000000000000000     
          40          23   0.0000000000000000        0.0000000000000000     
          45          23   0.0000000000000000        0.0000000000000000     
          50          23   0.0000000000000000        0.0000000000000000     
          55          23   0.0000000000000000        0.0000000000000000     
          60          23   0.0000000000000000        0.0000000000000000     
          65          23  -7.7309556397842094       0.27441118190418834     
          70          23   0.0000000000000000        0.0000000000000000     
          75          23   0.0000000000000000        0.0000000000000000     
          80          23  -8.0851469245923901      -0.29826635735030749     
          85          23   0.0000000000000000        0.0000000000000000     
          90          23   0.0000000000000000        0.0000000000000000     
          95          23   0.0000000000000000        0.0000000000000000     
           0          24   0.0000000000000000        0.0000000000000000     
           5          24   0.0000000000000000        0.0000000000000000     
          10          24   0.0000000000000000        0.0000000000000000     
          15          24   0.0000000000000000        0.0000000000000000     
          20          24   0.0000000000000000        0.0000000000000000     
          25          24   0.0000000000000000        0.0000000000000000     
          30          24   0.0000000000000000        0.0000000000000000     
          35          24   0.0000000000000000        0.0000000000000000     
          40          24   0.0000000000000000        0.0000000000000000     
          45          24   0.0000000000000000        0.0000000000000000     
          50          24  -8.2046575172878278       -5.6971363235347461E-002
          55          24   0.0000000000000000        0.0000000000000000     
          60          24   0.0000000000000000        0.0000000000000000     
          65          24   0.0000000000000000        0.0000000000000000     
          70          24   0.0000000000000000        0.0000000000000000     
          75          24  -7.8458917031842823        4.6276170687642448E-002
          80          24   0.0000000000000000        0.0000000000000000     
          85          24   0.0000000000000000        0.0000000000000000     
          90          24   0.0000000000000000        0.0000000000000000     
          95          24   0.0000000000000000        0.0000000000000000     
           0          25   0.0000000000000000        0.0000000000000000     
           5          25   0.0000000000000000        0.0000000000000000     
          10          25   0.0000000000000000        0.0000000000000000     
          15          25   0.0000000000000000        0.0000000000000000     
          20          25   0.0000000000000000        0.0000000000000000     
          25          25   0.0000000000000000        0.0000000000000000     
          30          25   0.0000000000000000        0.0000000000000000     
          35          25   0.0000000000000000        0.0000000000000000     
          40          25   0.0000000000000000        0.0000000000000000     
          45          25   0.0000000000000000        0.0000000000000000     
          50          25  -7.7590913613811985       0.26531982446953428     
          55          25   0.0000000000000000        0.0000000000000000     
          60          25   0.0000000000000000        0.0000000000000000     
          65          25   0.0000000000000000        0.0000000000000000     
          70          25   0.0000000000000000        0.0000000000000000     
          75          25   0.0000000000000000        0.0000000000000000     
          80          25   0.0000000000000000        0.0000000000000000     
          85          25   0.0000000000000000        0.0000000000000000     
          90          25   0.0000000000000000        0.0000000000000000     
          95          25   0.0000000000000000        0.0000000000000000     
           0          26   0.0000000000000000        0.0000000000000000     
           5          26   0.0000000000000000        0.0000000000000000     
          10          26   0.0000000000000000        0.0000000000000000     
          15          26   0.0000000000000000        0.0000000000000000     
          20          26   0.0000000000000000        0.0000000000000000     
          25          26   0.0000000000000000        0.0000000000000000     
          30          26   0.0000000000000000        0.0000000000000000     
          35          26   0.0000000000000000        0.0000000000000000     
          40          26   0.0000000000000000        0.0000000000000000     
          45          26   0.0000000000000000        0.0000000000000000     
          50          26   0.0000000000000000        0.0000000000000000     
          55          26   0.0000000000000000        0.0000000000000000     
          60          26   0.0000000000000000        0.0000000000000000     
          65          26   0.0000000000000000        0.0000000000000000     
          70          26   0.0000000000000000        0.0000000000000000     
          75          26   0.0000000000000000        0.0000000000000000     
          80          26   0.0000000000000000        0.0000000000000000     
          85          26   0.0000000000000000        0.0000000000000000     
          90          26   0.0000000000000000        0.0000000000000000     
          95          26   0.0000000000000000        0.0000000000000000     
           0          27   0.0000000000000000        0.0000000000000000     
           5          27   0.0000000000000000        0.0000000000000000     
          10          27   0.0000000000000000        0.0000000000000000     
          15          27   0.0000000000000000        0.0000000000000000     
          20          27   0.0000000000000000        0.0000000000000000     
          25          27   0.0000000000000000        0.0000000000000000     
          30          27   0.0000000000000000        0.0000000000000000     
          35          27   0.0000000000000000        0.0000000000000000     
          40          27   0.0000000000000000        0.0000000000000000     
          45          27   0.0000000000000000        0.0000000000000000     
          50          27   0.0000000000000000        0.0000000000000000     
          55          27   0.0000000000000000        0.0000000000000000     
          60          27   0.0000000000000000        0.0000000000000000     
          65          27   0.0000000000000000        0.0000000000000000     
          70          27   0.0000000000000000        0.0000000000000000     
          75          27   0.0000000000000000        0.0000000000000000     
          80          27   0.0000000000000000        0.0000000000000000     
          85          27   0.0000000000000000        0.0000000000000000     
          90          27   0.0000000000000000        0.0000000000000000     
          95          27   0.0000000000000000        0.0000000000000000     
           0          28   0.0000000000000000        0.0000000000000000     
           5          28   0.0000000000000000        0.0000000000000000     
          10          28   0.0000000000000000        0.0000000000000000     
          15          28   0.0000000000000000        0.0000000000000000     
          20          28   0.0000000000000000        0.0000000000000000     
          25          28   0.0000000000000000        0.0000000000000000     
          30          28   0.0000000000000000        0.0000000000000000     
          35          28   0.0000000000000000        0.0000000000000000     
          40          28   0.0000000000000000        0.0000000000000000     
          45          28   0.0000000000000000        0.0000000000000000     
          50          28   0.0000000000000000        0.0000000000000000     
          55          28   0.0000000000000000        0.0000000000000000     
          60          28   0.0000000000000000        0.0000000000000000     
          65          28   0.0000000000000000        0.0000000000000000     
          70          28   0.0000000000000000        0.0000000000000000     
          75          28   0.0000000000000000        0.0000000000000000     
          80          28   0.0000000000000000        0.0000000000000000     
          85          28   0.0000000000000000        0.0000000000000000     
          90          28   0.0000000000000000        0.0000000000000000     
          95          28   0.0000000000000000        0.0000000000000000     
           0          29   0.0000000000000000        0.0000000000000000     
           5          29   0.0000000000000000        0.0000000000000000     
          10          29   0.0000000000000000        0.0000000000000000     
          15          29   0.0000000000000000        0.0000000000000000     
          20          29   0.0000000000000000        0.0000000000000000     
          25          29   0.0000000000000000        0.0000000000000000     
          30          29   0.0000000000000000        0.0000000000000000     
          35          29   0.0000000000000000        0.0000000000000000     
          40          29   0.0000000000000000        0.0000000000000000     
          45          29   0.0000000000000000        0.0000000000000000     
          50          29   0.0000000000000000        0.0000000000000000     
          55          29   0.0000000000000000        0.0000000000000000     
          60          29   0.0000000000000000        0.0000000000000000     
          65          29   0.0000000000000000        0.0000000000000000     
          70          29   0.0000000000000000        0.0000000000000000     
          75          29   0.0000000000000000        0.0000000000000000     
          80          29   0.0000000000000000        0.0000000000000000     
          85          29   0.0000000000000000        0.0000000000000000     
          90          29   0.0000000000000000        0.0000000000000000     
          95          29   0.0000000000000000        0.0000000000000000     
           0          30   0.0000000000000000        0.0000000000000000     
           5          30   0.0000000000000000        0.0000000000000000     
          10          30   0.0000000000000000        0.0000000000000000     
          15          30   0.0000000000000000        0.0000000000000000     
          20          30   0.0000000000000000        0.0000000000000000     
          25          30   0.0000000000000000        0.0000000000000000     
          30          30   0.0000000000000000        0.0000000000000000     
          35          30   0.0000000000000000        0.0000000000000000     
          40          30   0.0000000000000000        0.0000000000000000     
          45          30   0.0000000000000000        0.0000000000000000     
          50          30   0.0000000000000000        0.0000000000000000     
          55          30   0.0000000000000000        0.0000000000000000     
          60          30   0.0000000000000000        0.0000000000000000     
          65          30   0.0000000000000000        0.0000000000000000     
          70          30   0.0000000000000000        0.0000000000000000     
          75          30   0.0000000000000000        0.0000000000000000     
          80          30   0.0000000000000000        0.0000000000000000     
          85          30   0.0000000000000000        0.0000000000000000     
          90          30   0.0000000000000000        0.0000000000000000     
          95          30   0.0000000000000000        0.0000000000000000     
           0          31   0.0000000000000000        0.0000000000000000     
           5          31   0.0000000000000000        0.0000000000000000     
          10          31   0.0000000000000000        0.0000000000000000     
          15          31   0.0000000000000000        0.0000000000000000     
          20          31   0.0000000000000000        0.0000000000000000     
          25          31   0.0000000000000000        0.0000000000000000     
          30          31   0.0000000000000000        0.0000000000000000     
          35          31   0.0000000000000000        0.0000000000000000     
          40          31   0.0000000000000000        0.0000000000000000     
          45          31   0.0000000000000000        0.0000000000000000     
          50          31   0.0000000000000000        0.0000000000000000     
          55          31   0.0000000000000000        0.0000000000000000     
          60          31   0.0000000000000000        0.0000000000000000     
          65          31   0.0000000000000000        0.0000000000000000     
          70          31   0.0000000000000000        0.0000000000000000     
          75          31   0.0000000000000000        0.0000000000000000     
          80          31   0.0000000000000000        0.0000000000000000     
          85          31   0.0000000000000000        0.0000000000000000     
          90          31   0.0000000000000000        0.0000000000000000     
          95          31   0.0000000000000000        0.0000000000000000     
