           0           0   0.0000000000000000        0.0000000000000000     
           5           0   0.0000000000000000        0.0000000000000000     
          10           0   0.0000000000000000        0.0000000000000000     
          15           0   0.0000000000000000        0.0000000000000000     
          20           0   0.0000000000000000        0.0000000000000000     
          25           0   0.0000000000000000        0.0000000000000000     
          30           0   0.0000000000000000        0.0000000000000000     
          35           0   0.0000000000000000        0.0000000000000000     
          40           0   0.0000000000000000        0.0000000000000000     
          45           0   0.0000000000000000        0.0000000000000000     
          50           0   0.0000000000000000        0.0000000000000000     
          55           0   0.0000000000000000        0.0000000000000000     
          60           0   0.0000000000000000        0.0000000000000000     
          65           0   0.0000000000000000        0.0000000000000000     
          70           0   0.0000000000000000        0.0000000000000000     
          75           0   0.0000000000000000        0.0000000000000000     
          80           0   0.0000000000000000        0.0000000000000000     
          85           0   0.0000000000000000        0.0000000000000000     
          90           0   0.0000000000000000        0.0000000000000000     
          95           0   0.0000000000000000        0.0000000000000000     
           0           1  -3.7729295496857773        1.4596186063020600     
           5           1 -0.22508406883670062        1.0557725776283444     
          10           1  -3.5520371407748996       -2.2170401957355423     
          15           1  -3.9922166277150950        1.0382182400414663     
          20           1  -2.1393802411040497       -2.1749192217113134     
          25           1  -3.0565041756780431        2.8217530658758427     
          30           1  -2.0503466901899969       -1.0582743595688449     
          35           1  -3.2909647303114298        9.6913663101272363E-002
          40           1 -0.86501333953492576        1.0724416686591631     
          45           1  -1.1432543159273223        3.3395582690354253     
          50           1  -2.6841291365542475       -1.6848719663409284     
          55           1  -1.2245617237738315        2.3428016389925865     
          60           1  -1.7185720494339307        1.8224611186556938     
          65           1 -0.83541054401337078        2.5578228560130256     
          70           1  -4.5052075434881544      -0.61017900953919124     
          75           1  -4.3020263568394057      -0.44931524170288561     
          80           1   0.0000000000000000        0.0000000000000000     
          85           1  -1.8843061491224944        1.4898528583007220     
          90           1  0.39341580688301292        1.2026815479460051     
          95           1   1.1560012377032081      -0.38556862090644017     
           0           2  -4.5214493117107235       0.51854971924614190     
           5           2  -3.9721236540746219      -0.39426601861736188     
          10           2  -7.2782192372233823        1.1136211393480977     
          15           2  -6.9836817606727664        1.0973308230521894     
          20           2  -5.5279112989481405       0.19583274305956522     
          25           2  -1.2359300361985959        2.2536198627687298     
          30           2  -5.9823118643365092      -0.77535433794073683     
          35           2  -5.7316658378425700        1.4289072728423946     
          40           2  -3.5951586401949953       -7.2026571062977496E-002
          45           2  -2.3982673036115898        4.1094848686862306     
          50           2  -2.1894727873217334       -1.4728174206490863     
          55           2   0.0000000000000000        0.0000000000000000     
          60           2  -5.9697256317292613        2.6273964892320478     
          65           2  -5.7163501108448145        2.4505738578817216     
          70           2  -8.0547987027301815       0.43386954580615367     
          75           2  -8.8161589738433577       -1.3580100367605041     
          80           2  -3.5193068807615191        3.8732514720241085     
          85           2  -8.8592563555067727        2.5180561327831086     
          90           2  -3.5263348301128872        6.3102768357303773E-002
          95           2  -5.9605230173076507        3.6735747730887169     
           0           3  -6.5435991413781425       0.65394838157928348     
           5           3  -8.1116638236222727      -0.63035681309386860     
          10           3  -7.1296038014523333       0.35203813983475385     
          15           3  -5.2655351150754370       0.85356969493854962     
          20           3  -9.4704403430334594       -2.4779436169630742E-002
          25           3  -8.9319914102148346       -2.9062006235847093     
          30           3  -10.726798080593625       -4.2328778030076286     
          35           3  -6.9842260584707105       -2.8135642872961775     
          40           3  -7.8695103472625760        2.3731778693747430     
          45           3  -8.3282724521183127       -1.0180350798005833     
          50           3  -7.1206996675243772        1.2211007540874341     
          55           3  -7.7846778718182463        3.3317433395363416     
          60           3  -10.948686006955199      -0.89453728643995589     
          65           3  -9.0628017519378545       -1.2810987218436765     
          70           3  -7.3069494073507713      -0.61013859403047377     
          75           3  -7.6181876125502868        2.5446637320225562     
          80           3  -9.7533662928839249        1.0204841262995146     
          85           3  -9.9218595176608915       0.94288755104976474     
          90           3  -9.5404226963324845       -3.5259221429218002E-002
          95           3   0.0000000000000000        0.0000000000000000     
           0           4   0.0000000000000000        0.0000000000000000     
           5           4  -8.7694416869510405        2.1394632571425376     
          10           4  -13.543861661027279       -2.4789167067718054     
          15           4  -11.494635918154472        1.6437687722659078     
          20           4  -12.758667598813389       -1.1186827140718947     
          25           4  -13.176354054991180        1.9063780858630253     
          30           4  -11.243706053569724       -2.4613805862516713     
          35           4  -10.768921189523439       0.55693612483143085     
          40           4  -6.4428428942875371        1.1147941782718718     
          45           4  -10.777563173789417       -2.9598988172052643     
          50           4  -13.615812007685690       0.31351592815642704     
          55           4  -11.501065590948656      -0.66822293188106840     
          60           4  -16.216692371315844       -1.5470313395260504     
          65           4   0.0000000000000000        0.0000000000000000     
          70           4  -12.617143516209239      -0.80700351170026607     
          75           4   0.0000000000000000        0.0000000000000000     
          80           4  -11.815447975536131       -1.4427664312144373E-002
          85           4  -12.897764679635770        1.6303371318260318     
          90           4  -12.933097054812492       0.26702377946552502     
          95           4  -13.232338533768484       -2.6933658891126200     
           0           5  -27.936635023569217        2.5628444986658394     
           5           5  -11.236495170394711       0.99594339421305023     
          10           5  -13.680175546753048       -1.9952303512038583     
          15           5  -12.344247461992808        2.0850400987493245     
          20           5  -12.970486907342149      -0.39848985066370801     
          25           5  -11.942762282401986      -0.34119160243317737     
          30           5  -15.451877903167599      -0.16928799335236278     
          35           5  -14.081663965654911       0.44175334867002647     
          40           5  -15.549828699192858       0.83814248777347444     
          45           5  -13.918514589548181        9.5841704390586813E-002
          50           5  -13.015522052874928        1.1517111151793102     
          55           5   0.0000000000000000        0.0000000000000000     
          60           5  -17.166761817861698       0.81056667418533124     
          65           5  -15.167131107673981        1.0764423426534719     
          70           5  -13.862092816836480        1.0215014545655876     
          75           5  -13.754316641580999       0.37397974606445672     
          80           5  -12.488151679903581       0.81710505616339191     
          85           5  -11.895273540218909       -1.3545117166957610     
          90           5  -14.026105665791988      -0.99662336408012919     
          95           5  -11.457166726884793       -1.1674329077004941     
           0           6   0.0000000000000000        0.0000000000000000     
           5           6  -16.079240955684249       0.13765991504488539     
          10           6  -15.502106263696191      -0.47375455259679455     
          15           6  -17.449121871777606       0.81477290090337107     
          20           6  -15.417045105152738      -0.87824665508495769     
          25           6   0.0000000000000000        0.0000000000000000     
          30           6  -15.722740797343704       0.54170602855840855     
          35           6  -13.067149144063706       0.94890578734130315     
          40           6  -13.757116242700818      -0.71032167013651559     
          45           6  -17.992990902371275       0.38343406150165293     
          50           6   0.0000000000000000        0.0000000000000000     
          55           6  -12.841980971742828       -3.4128839606895056     
          60           6  -29.520074123112749       0.37691817757146140     
          65           6  -12.425462389771269        1.7166443507532492     
          70           6  -16.068338423593787      -0.93129373366807044     
          75           6  -17.378233248024344       -1.3371340359569217     
          80           6  -17.601407200018571       0.58073995599539074     
          85           6   0.0000000000000000        0.0000000000000000     
          90           6  -12.609167086097273      -0.76705263216236830     
          95           6  -16.220289750563666       0.24726877337233333     
           0           7  -16.605439841749781        3.2182596155960752     
           5           7  -15.908040386016786        1.0433866168169104     
          10           7  -17.193365843191089       -8.8653330441168521E-002
          15           7  -16.800751748986542       0.51348582227994655     
          20           7   0.0000000000000000        0.0000000000000000     
          25           7  -19.343533607028007       -1.4977364003199156     
          30           7  -20.942707145508166        7.5414022715492024E-003
          35           7   0.0000000000000000        0.0000000000000000     
          40           7  -18.288944418145547        2.6387694043128462     
          45           7  -16.400130427385307       -1.9128953791502923     
          50           7  -15.519666774039820       0.76603860665880319     
          55           7  -19.149002988427810      -0.80660404282451026     
          60           7   0.0000000000000000        0.0000000000000000     
          65           7  -18.993683409362916        2.0934616650203353     
          70           7  -15.615129467150268       -9.3019306102171129E-002
          75           7  -19.017946874626546        1.3240533676084354     
          80           7  -19.401866525683431      -0.19243145883418578     
          85           7  -18.522428384457612      -0.29340042702497016     
          90           7  -18.967775974587653        1.0464393410059003     
          95           7  -17.032574953645963        1.4914776909824567     
           0           8   0.0000000000000000        0.0000000000000000     
           5           8  -19.580072821128169       0.29820413134373780     
          10           8  -19.972196682829235      -0.90162896383638724     
          15           8  -15.694279959408419       -1.7607508189243504E-002
          20           8  -19.178554843399809      -0.54733772380188839     
          25           8  -18.531923585314303       -2.1305875796695517     
          30           8  -20.595404430991948       -1.7730581473340834     
          35           8  -36.983823476752775        3.4275933056271413     
          40           8  -19.922248568278178       0.82791259754522173     
          45           8  -17.254631113132746       -1.3162892736939824     
          50           8  -17.615222251876617       0.79873878314096203     
          55           8  -16.849474897995265       -3.0515015663734602     
          60           8  -16.083032433904521       -2.1159165701867266     
          65           8  -19.994007001216119        1.5153851591964695     
          70           8  -18.969310494938441      -0.46236517879272299     
          75           8  -21.165742727120573        1.2967077384207215     
          80           8  -21.059570013690632       -4.3892290816938129     
          85           8  -19.130226535324368        8.6305573443468120E-003
          90           8  -21.030827521641982      -0.70142188072885858     
          95           8  -18.348604816154079      -0.41822669277102875     
           0           9  -23.492296751578820       -1.3811239071426229     
           5           9  -18.990623108128268       0.69980235614330866     
          10           9  -19.278705732723722       0.10848115251427259     
          15           9  -18.539461653706013      -0.80679655288129482     
          20           9  -21.303087712514213       -1.9766094455686556     
          25           9  -20.975017412787622      -0.74275529027723053     
          30           9  -20.156288554087354        2.1274815182525941     
          35           9   0.0000000000000000        0.0000000000000000     
          40           9  -22.320398978052935      -0.56264165084307649     
          45           9  -21.190525622003520       0.67583444452345987     
          50           9  -17.347823377775740       0.31741879205959833     
          55           9   0.0000000000000000        0.0000000000000000     
          60           9  -19.865794171280982      -0.96710598790572533     
          65           9  -19.992595052471529        1.3850968910134043     
          70           9  -20.852866461993358        1.8261411505537950     
          75           9  -22.068520524172186       -6.9458776872366457E-002
          80           9  -21.793804672043393        3.1752808358209705     
          85           9  -21.662100230983583      -0.17603578444713719     
          90           9  -20.600112170328089      -0.11804132426185276     
          95           9   0.0000000000000000        0.0000000000000000     
           0          10  -25.987398549442428       -2.2384339648429119     
           5          10  -22.231810273871666        1.2892722338708751     
          10          10  -22.347839239866829       0.55536287255186778     
          15          10  -40.888910305518777        2.7045420950422283     
          20          10  -17.480733949319927        8.7910391064482951E-002
          25          10  -20.602627729466860      -0.36163426934798792     
          30          10  -19.079150676759582        4.1761708910836859     
          35          10  -24.447668477733941       0.78876246088377400     
          40          10  -23.156010573330832       -1.8106372295267903     
          45          10  -20.894716239610034       -2.6567878906558207     
          50          10  -22.006853725571318       0.21045370014682874     
          55          10  -22.418498064240566        1.0839257403905123     
          60          10   0.0000000000000000        0.0000000000000000     
          65          10   0.0000000000000000        0.0000000000000000     
          70          10  -22.341909587666464      -0.90771845035142462     
          75          10   0.0000000000000000        0.0000000000000000     
          80          10   0.0000000000000000        0.0000000000000000     
          85          10   0.0000000000000000        0.0000000000000000     
          90          10  -19.794044301661984        1.3456400344313835     
          95          10  -22.039341502377852       -2.6747146687444712     
           0          11  -24.080705374183719       -2.0347930735464814     
           5          11   0.0000000000000000        0.0000000000000000     
          10          11  -19.292984443151084        1.5900197692797491     
          15          11   0.0000000000000000        0.0000000000000000     
          20          11  -21.945760522434909        1.5948811578070377E-002
          25          11  -23.246021268690242        1.0879041582168014     
          30          11  -24.686121558730179        1.2971684931439853     
          35          11   0.0000000000000000        0.0000000000000000     
          40          11   0.0000000000000000        0.0000000000000000     
          45          11   0.0000000000000000        0.0000000000000000     
          50          11  -23.952626408245692        7.7172570565053888E-002
          55          11   0.0000000000000000        0.0000000000000000     
          60          11   0.0000000000000000        0.0000000000000000     
          65          11  -21.249324366365840        1.4865255172669123     
          70          11  -24.790184859497799      -0.37217614994311532     
          75          11   0.0000000000000000        0.0000000000000000     
          80          11   0.0000000000000000        0.0000000000000000     
          85          11  -25.867341239589337        1.7354355030807511     
          90          11   0.0000000000000000        0.0000000000000000     
          95          11   0.0000000000000000        0.0000000000000000     
           0          12   0.0000000000000000        0.0000000000000000     
           5          12  -22.682671903582197       -1.5687864104396709     
          10          12   0.0000000000000000        0.0000000000000000     
          15          12   0.0000000000000000        0.0000000000000000     
          20          12   0.0000000000000000        0.0000000000000000     
          25          12   0.0000000000000000        0.0000000000000000     
          30          12   0.0000000000000000        0.0000000000000000     
          35          12  -24.320123062224752        5.3610114170155043E-002
          40          12  -23.682835030811589      -0.26235253609563358     
          45          12  -22.348364934572373        4.0582445560666258     
          50          12   0.0000000000000000        0.0000000000000000     
          55          12  -25.350761140998657        2.1601622229372452     
          60          12  -23.793628360166963        1.6746115115839899     
          65          12   0.0000000000000000        0.0000000000000000     
          70          12  -21.489267880312468        1.2625570237201345     
          75          12   0.0000000000000000        0.0000000000000000     
          80          12   0.0000000000000000        0.0000000000000000     
          85          12   0.0000000000000000        0.0000000000000000     
          90          12   0.0000000000000000        0.0000000000000000     
          95          12   0.0000000000000000        0.0000000000000000     
           0          13   0.0000000000000000        0.0000000000000000     
           5          13   0.0000000000000000        0.0000000000000000     
          10          13   0.0000000000000000        0.0000000000000000     
          15          13   0.0000000000000000        0.0000000000000000     
          20          13   0.0000000000000000        0.0000000000000000     
          25          13   0.0000000000000000        0.0000000000000000     
          30          13   0.0000000000000000        0.0000000000000000     
          35          13   0.0000000000000000        0.0000000000000000     
          40          13   0.0000000000000000        0.0000000000000000     
          45          13   0.0000000000000000        0.0000000000000000     
          50          13   0.0000000000000000        0.0000000000000000     
          55          13   0.0000000000000000        0.0000000000000000     
          60          13   0.0000000000000000        0.0000000000000000     
          65          13   0.0000000000000000        0.0000000000000000     
          70          13   0.0000000000000000        0.0000000000000000     
          75          13   0.0000000000000000        0.0000000000000000     
          80          13   0.0000000000000000        0.0000000000000000     
          85          13   0.0000000000000000        0.0000000000000000     
          90          13   0.0000000000000000        0.0000000000000000     
          95          13   0.0000000000000000        0.0000000000000000     
           0          14   0.0000000000000000        0.0000000000000000     
           5          14   0.0000000000000000        0.0000000000000000     
          10          14   0.0000000000000000        0.0000000000000000     
          15          14   0.0000000000000000        0.0000000000000000     
          20          14   0.0000000000000000        0.0000000000000000     
          25          14   0.0000000000000000        0.0000000000000000     
          30          14   0.0000000000000000        0.0000000000000000     
          35          14   0.0000000000000000        0.0000000000000000     
          40          14   0.0000000000000000        0.0000000000000000     
          45          14   0.0000000000000000        0.0000000000000000     
          50          14   0.0000000000000000        0.0000000000000000     
          55          14   0.0000000000000000        0.0000000000000000     
          60          14   0.0000000000000000        0.0000000000000000     
          65          14   0.0000000000000000        0.0000000000000000     
          70          14   0.0000000000000000        0.0000000000000000     
          75          14   0.0000000000000000        0.0000000000000000     
          80          14   0.0000000000000000        0.0000000000000000     
          85          14   0.0000000000000000        0.0000000000000000     
          90          14   0.0000000000000000        0.0000000000000000     
          95          14   0.0000000000000000        0.0000000000000000     
           0          15   0.0000000000000000        0.0000000000000000     
           5          15   0.0000000000000000        0.0000000000000000     
          10          15   0.0000000000000000        0.0000000000000000     
          15          15   0.0000000000000000        0.0000000000000000     
          20          15   0.0000000000000000        0.0000000000000000     
          25          15   0.0000000000000000        0.0000000000000000     
          30          15   0.0000000000000000        0.0000000000000000     
          35          15   0.0000000000000000        0.0000000000000000     
          40          15   0.0000000000000000        0.0000000000000000     
          45          15   0.0000000000000000        0.0000000000000000     
          50          15   0.0000000000000000        0.0000000000000000     
          55          15   0.0000000000000000        0.0000000000000000     
          60          15   0.0000000000000000        0.0000000000000000     
          65          15   0.0000000000000000        0.0000000000000000     
          70          15   0.0000000000000000        0.0000000000000000     
          75          15   0.0000000000000000        0.0000000000000000     
          80          15   0.0000000000000000        0.0000000000000000     
          85          15   0.0000000000000000        0.0000000000000000     
          90          15   0.0000000000000000        0.0000000000000000     
          95          15   0.0000000000000000        0.0000000000000000     
           0          16   0.0000000000000000        0.0000000000000000     
           5          16   0.0000000000000000        0.0000000000000000     
          10          16   0.0000000000000000        0.0000000000000000     
          15          16   0.0000000000000000        0.0000000000000000     
          20          16   0.0000000000000000        0.0000000000000000     
          25          16   0.0000000000000000        0.0000000000000000     
          30          16   0.0000000000000000        0.0000000000000000     
          35          16   0.0000000000000000        0.0000000000000000     
          40          16   0.0000000000000000        0.0000000000000000     
          45          16   0.0000000000000000        0.0000000000000000     
          50          16   0.0000000000000000        0.0000000000000000     
          55          16   0.0000000000000000        0.0000000000000000     
          60          16   0.0000000000000000        0.0000000000000000     
          65          16   0.0000000000000000        0.0000000000000000     
          70          16   0.0000000000000000        0.0000000000000000     
          75          16   0.0000000000000000        0.0000000000000000     
          80          16   0.0000000000000000        0.0000000000000000     
          85          16   0.0000000000000000        0.0000000000000000     
          90          16   0.0000000000000000        0.0000000000000000     
          95          16   0.0000000000000000        0.0000000000000000     
