           0           0   0.0000000000000000        0.0000000000000000     
           5           0   0.0000000000000000        0.0000000000000000     
          10           0   0.0000000000000000        0.0000000000000000     
          15           0   0.0000000000000000        0.0000000000000000     
          20           0   0.0000000000000000        0.0000000000000000     
          25           0   0.0000000000000000        0.0000000000000000     
          30           0   0.0000000000000000        0.0000000000000000     
          35           0   0.0000000000000000        0.0000000000000000     
          40           0   0.0000000000000000        0.0000000000000000     
          45           0   0.0000000000000000        0.0000000000000000     
          50           0   0.0000000000000000        0.0000000000000000     
          55           0   0.0000000000000000        0.0000000000000000     
          60           0   0.0000000000000000        0.0000000000000000     
          65           0   0.0000000000000000        0.0000000000000000     
          70           0   0.0000000000000000        0.0000000000000000     
          75           0   0.0000000000000000        0.0000000000000000     
          80           0   0.0000000000000000        0.0000000000000000     
          85           0   0.0000000000000000        0.0000000000000000     
          90           0   0.0000000000000000        0.0000000000000000     
          95           0   0.0000000000000000        0.0000000000000000     
           0           1   0.0000000000000000        0.0000000000000000     
           5           1  -7.5953822004892757        3.1565362253216378     
          10           1  -2.1186216564572646       -3.4338843616499304     
          15           1  -14.415383667412129       -12.070617318880039     
          20           1  -2.1801849844393928        4.3476434080624848     
          25           1  -8.2741720848744649        3.5378115890294382     
          30           1  -7.2194873135700277        1.4713964160639748     
          35           1  -3.2179024393741429        4.1203312865922825     
          40           1   0.0000000000000000        0.0000000000000000     
          45           1  -10.524585753657334       -4.5920843983227044     
          50           1  -2.9803613643508697        8.8519882629456426     
          55           1  -2.2253927778592697       -4.6611495413695359     
          60           1   2.0352732227024717        8.4150188015486016     
          65           1  -5.5147236574981662       -4.3234524491997384     
          70           1   0.0000000000000000        0.0000000000000000     
          75           1  -2.9395354064121193       -3.2247815343100505     
          80           1  -14.881975815441706        3.1671430634294673     
          85           1 -0.49377214189405549        9.1728865899165513     
          90           1  -4.5017951583048443        1.9802789084955030     
          95           1  -1.7822508336706733        2.9050101182015453     
           0           2  -6.0592932481423611       -4.8626437379750698     
           5           2  -7.8152866800218490        4.0756519922391377     
          10           2  -4.8846051102557908       -5.2518352089681031     
          15           2  -6.3333971725754168        4.6833540988400202     
          20           2  -9.9198156591029374       -2.4922924322146045     
          25           2  -7.9650352163440630       -2.2079312137579521     
          30           2  -5.3199770602141427        5.6167496455672428     
          35           2   0.0000000000000000        0.0000000000000000     
          40           2  -14.960077509087455       0.50560785070707936     
          45           2  -15.422824725277451       -3.1422560226790353     
          50           2  -15.945240257622117       -2.0897571015465743     
          55           2   0.0000000000000000        0.0000000000000000     
          60           2  -2.3047566897815841       -4.9927886731371274     
          65           2  -8.4932583153118912        3.0187522677538325     
          70           2  -18.877569902358005       -3.0677811210511052     
          75           2  -8.3850628467985189        5.4063923659830593     
          80           2  0.45969776785170779        1.3968472964043244     
          85           2  -15.186428265323570       -2.1428420021063488     
          90           2  -11.366455299608447       -5.2397187412722701     
          95           2  -1.4547001772058366        10.725031997615986     
           0           3  -14.663239254690263      -0.52295565016180490     
           5           3  -14.333765152882982        5.3233870634183944     
          10           3   0.0000000000000000        0.0000000000000000     
          15           3  -17.585081046505024       -6.8584146190131534     
          20           3  -17.055109233332644        5.4537901945383993     
          25           3   0.0000000000000000        0.0000000000000000     
          30           3   0.0000000000000000        0.0000000000000000     
          35           3  -12.086534377147018       -6.5929752123450314     
          40           3   0.0000000000000000        0.0000000000000000     
          45           3   0.0000000000000000        0.0000000000000000     
          50           3  -20.058777805616046        5.4442413974564730     
          55           3  -14.253004301139072        2.6273587580050162     
          60           3  -16.934398642831638       -4.2722571145281663     
          65           3  -20.133044776216025       -6.9950201015656077     
          70           3  -16.301961756468586       -6.7021051973581436     
          75           3   0.0000000000000000        0.0000000000000000     
          80           3  -16.729344737811402       -2.5278959724417405     
          85           3  -17.920998870764038        3.6323366974055915     
          90           3  -16.967194830570520       -3.8015520104250911     
          95           3  -18.766236618219523       -7.3100070103748749E-002
           0           4  -21.710350539672628       -1.2308669860372490     
           5           4  -23.978791517227371       -2.1122560987274497     
          10           4  -20.958992741455518        1.7560122662496624     
          15           4  -30.853967092552281       -2.6705560118323035     
          20           4   0.0000000000000000        0.0000000000000000     
          25           4   0.0000000000000000        0.0000000000000000     
          30           4  -28.878301778298976       -7.4172869668354124     
          35           4  -26.652405984393113        4.0755263651215401     
          40           4  -18.267943115191088        1.7428544074382657     
          45           4  -22.757371909776225       -5.8672480807286931     
          50           4  -21.616030942723796        3.4093661907208528     
          55           4   0.0000000000000000        0.0000000000000000     
          60           4  -15.508624165718743       -2.3239476571257356     
          65           4   0.0000000000000000        0.0000000000000000     
          70           4  -17.163333659695468        3.0950013046426861     
          75           4  -10.357199644559500        9.4186982348931636     
          80           4   0.0000000000000000        0.0000000000000000     
          85           4   0.0000000000000000        0.0000000000000000     
          90           4  -24.959343475288165       -5.3745328076670873     
          95           4  -20.813867930442598      -0.14732403075257139     
           0           5  -28.063994728404065        1.0093818560852341     
           5           5  -18.928954964816391      -0.23987275155956667     
          10           5   0.0000000000000000        0.0000000000000000     
          15           5   0.0000000000000000        0.0000000000000000     
          20           5  -29.808393378818465      -0.52531642976916260     
          25           5  -19.962109151414609        1.8705067451962876     
          30           5   0.0000000000000000        0.0000000000000000     
          35           5   0.0000000000000000        0.0000000000000000     
          40           5   0.0000000000000000        0.0000000000000000     
          45           5  -50.396900610536477       0.30242815824088609     
          50           5  -21.194524879248888      -0.62738234167358797     
          55           5  -39.597309109993262        1.5977496395791491     
          60           5   0.0000000000000000        0.0000000000000000     
          65           5  -22.592145675091047        3.3814021921330095     
          70           5   0.0000000000000000        0.0000000000000000     
          75           5   0.0000000000000000        0.0000000000000000     
          80           5  -23.525606373411279        8.2023610887249632     
          85           5   0.0000000000000000        0.0000000000000000     
          90           5   0.0000000000000000        0.0000000000000000     
          95           5  -21.301031726252972        7.5493156633577030     
           0           6   0.0000000000000000        0.0000000000000000     
           5           6   0.0000000000000000        0.0000000000000000     
          10           6  -25.390475498792142        6.1286769830859456     
          15           6  -34.514722377103624       0.78649495906191191     
          20           6   0.0000000000000000        0.0000000000000000     
          25           6   0.0000000000000000        0.0000000000000000     
          30           6   0.0000000000000000        0.0000000000000000     
          35           6  -26.461216608595350      -0.26127762027261525     
          40           6  -28.518956991163691        3.1996039228099349     
          45           6  -28.365404528045701        1.8598429427330032     
          50           6   0.0000000000000000        0.0000000000000000     
          55           6   0.0000000000000000        0.0000000000000000     
          60           6  -28.891534585611112      -0.87341598116186248     
          65           6  -33.468930610141001      -0.19584896049362754     
          70           6  -25.184303561474053        6.3262445778944354     
          75           6  -21.079581346441501        3.2546689582613197     
          80           6  -27.731647018427452       -1.2011058315453127     
          85           6  -20.739732122692089       -7.5724682635636142     
          90           6   0.0000000000000000        0.0000000000000000     
          95           6   0.0000000000000000        0.0000000000000000     
           0           7  -29.025732693289118       -3.5153127767229009     
           5           7  -26.826218173243710       -4.0531601617432855     
          10           7  -26.357679475861318        2.7920726445129773     
          15           7  -27.166047227371592       -1.6697324526493418     
          20           7  -28.627904253788472        2.5582152249059575     
          25           7  -27.511480872135508        1.6937401328886992     
          30           7  -62.549860664127266       -3.4121712140500193     
          35           7  -33.384860294276564        5.6589923026395539     
          40           7   0.0000000000000000        0.0000000000000000     
          45           7   0.0000000000000000        0.0000000000000000     
          50           7  -27.637100560795602        5.1658390798303699     
          55           7  -29.545298122997110       -4.6415911867159210     
          60           7   0.0000000000000000        0.0000000000000000     
          65           7   0.0000000000000000        0.0000000000000000     
          70           7  -34.023129916462835       -2.3697578037529254     
          75           7  -28.610691274408850        5.4805347980169117     
          80           7  -32.539126120312289       0.48279867483902450     
          85           7  -31.796531798420347       0.56043744231182302     
          90           7  -26.201660708196073       -2.6370981080825473     
          95           7  -39.625422824869361       -1.8660090512812033     
           0           8   0.0000000000000000        0.0000000000000000     
           5           8  -33.125382211189880        2.7520800950586732     
          10           8  -30.538611601320653       -1.8267975247088231     
          15           8  -34.825971648295706       -6.2476285351298344     
          20           8  -36.319231346624292       -3.9137168286895729     
          25           8  -34.308756589744860       -3.5724306053008803     
          30           8   0.0000000000000000        0.0000000000000000     
          35           8   0.0000000000000000        0.0000000000000000     
          40           8  -33.339574961530616       -1.3376788432495346E-002
          45           8   0.0000000000000000        0.0000000000000000     
          50           8  -32.594905607723490        3.0404757551050210     
          55           8   0.0000000000000000        0.0000000000000000     
          60           8  -35.734008483956359       0.19951792958217140     
          65           8  -28.910626795024541        2.7669995660328794     
          70           8   0.0000000000000000        0.0000000000000000     
          75           8  -37.976638718717481       -3.7732095193110382     
          80           8  -39.618681977984238      -0.17502881587638797     
          85           8  -31.890635426421454      -0.19817560106716314     
          90           8  -34.296049237951820      -0.47528548508424251     
          95           8   0.0000000000000000        0.0000000000000000     
           0           9  -39.762108916508438       -1.1829790823458808     
           5           9  -39.501990215957683       -4.2886774054107235     
          10           9  -39.265676952950912       -2.0316058925473612     
          15           9  -36.429896600189693       -1.0281005598589132     
          20           9   0.0000000000000000        0.0000000000000000     
          25           9  -78.484842736266103       -4.6953827238205292     
          30           9  -42.372417767353454       -2.3406842254036775     
          35           9   0.0000000000000000        0.0000000000000000     
          40           9  -32.163948044612312        5.6209067063672791     
          45           9  -72.697221134916390      -0.15862737686944683     
          50           9   0.0000000000000000        0.0000000000000000     
          55           9  -37.768730768021896        1.4843877182624254     
          60           9  -36.410710592775786       0.61164955819315026     
          65           9  -36.061979750385831      -0.33290581593625745     
          70           9  -34.908350884208517       0.60808101536302672     
          75           9   0.0000000000000000        0.0000000000000000     
          80           9  -38.256827942788618        2.5067401355283181     
          85           9  -41.347920596663812       -4.3603827930649430     
          90           9  -37.167966643067984       0.83761082215083604     
          95           9  -73.518727744925627        1.3394244031150748     
           0          10  -36.015246055739887        1.1702081246500740     
           5          10  -44.858191929484370       -2.8362137852244729     
          10          10  -37.635126897459514       -1.5608985306325707     
          15          10  -36.138318593721408        1.0459643080995562     
          20          10  -36.882337865229431       -6.7053013745876910E-002
          25          10  -41.658293543083147       -3.4245869758908754     
          30          10  -38.862600479419029       0.12951893855195351     
          35          10   0.0000000000000000        0.0000000000000000     
          40          10   0.0000000000000000        0.0000000000000000     
          45          10  -41.007700062678509       -1.0918228064848989     
          50          10   0.0000000000000000        0.0000000000000000     
          55          10   0.0000000000000000        0.0000000000000000     
          60          10   0.0000000000000000        0.0000000000000000     
          65          10  -39.518867546348702      -0.53294172695395048     
          70          10  -41.885219774755456      -0.34040753221553643     
          75          10   0.0000000000000000        0.0000000000000000     
          80          10  -39.279194681327567      -0.16448940611368812     
          85          10  -42.572222629289058       -1.5387865630334119     
          90          10  -38.454097696885015        2.7248764375986667     
          95          10  -42.025386189763481        4.3447251979689128     
           0          11   0.0000000000000000        0.0000000000000000     
           5          11  -40.470451974026211        6.9844153962161926     
          10          11  -44.104730369802780        3.1976786646037425     
          15          11  -35.779106599669319       -1.7849496522348574     
          20          11  -40.662075786599416        5.5435152635663343     
          25          11  -44.377378645510390        1.0260264726191792     
          30          11  -40.047194041683554        4.1436307038988929     
          35          11  -44.797452665363835       -1.5339627372146225     
          40          11  -43.950615669103854       -2.0170690115062229     
          45          11  -42.142583443620651       -1.8928402298090674     
          50          11   0.0000000000000000        0.0000000000000000     
          55          11  -43.511436664971370        3.3802324414633489     
          60          11  -44.339173439809088       -3.2020114981623493     
          65          11   0.0000000000000000        0.0000000000000000     
          70          11   0.0000000000000000        0.0000000000000000     
          75          11  -43.460796222021258        1.5431734660165120     
          80          11  -38.196376780561536        1.1589404125000868     
          85          11  -42.825325451687490       -1.0637864312190715     
          90          11  -45.170837306471867      -0.66542006690539779     
          95          11   0.0000000000000000        0.0000000000000000     
           0          12  -40.748778249077297        5.8086414118552199     
           5          12   0.0000000000000000        0.0000000000000000     
          10          12  -45.620570976048214       -1.6021688141609758     
          15          12  -40.801111450790017        2.2059658154827133     
          20          12  -45.522558696760029        1.0782753277016610     
          25          12   0.0000000000000000        0.0000000000000000     
          30          12   0.0000000000000000        0.0000000000000000     
          35          12   0.0000000000000000        0.0000000000000000     
          40          12   0.0000000000000000        0.0000000000000000     
          45          12  -44.965839043769051       0.78272747482621696     
          50          12  -42.147047335845400       0.26101180156778980     
          55          12  -45.349365101117201       -2.7205266877938783     
          60          12   0.0000000000000000        0.0000000000000000     
          65          12  -46.219725588727556       0.21428091048214526     
          70          12  -45.268504621915895      -0.70204888960923029     
          75          12   0.0000000000000000        0.0000000000000000     
          80          12  -42.075581639764437      -0.63396557650641228     
          85          12  -45.576153828008614       -1.1981300886088064     
          90          12   0.0000000000000000        0.0000000000000000     
          95          12  -44.196783347913993        2.1092403434597173     
           0          13   0.0000000000000000        0.0000000000000000     
           5          13  -45.232756255022544       -1.5460154235125145     
          10          13  -48.475214318095539       -3.6658938515099493     
          15          13  -43.005136065072946        3.6640273196741902     
          20          13  -43.853264238116196      -0.54885777035273975     
          25          13   0.0000000000000000        0.0000000000000000     
          30          13  -51.461650065327547        3.9744499060478944     
          35          13   0.0000000000000000        0.0000000000000000     
          40          13   0.0000000000000000        0.0000000000000000     
          45          13  -42.802571255080579       0.50427602036329233     
          50          13  -48.119144479201736       -1.3978171950501661     
          55          13  -45.244339978509629      -0.55462019846963528     
          60          13   0.0000000000000000        0.0000000000000000     
          65          13  -46.950312595939181      -0.25148400584207309     
          70          13   0.0000000000000000        0.0000000000000000     
          75          13   0.0000000000000000        0.0000000000000000     
          80          13  -48.199434522402385        1.1398636013471020     
          85          13   0.0000000000000000        0.0000000000000000     
          90          13  -46.858427604732356       0.97171162630083074     
          95          13  -50.277849982975908       -1.5227807453843667     
           0          14   0.0000000000000000        0.0000000000000000     
           5          14   0.0000000000000000        0.0000000000000000     
          10          14   0.0000000000000000        0.0000000000000000     
          15          14  -49.032607136449968       -1.9090793727638555     
          20          14  -47.620031466522050       -1.3629508527923662     
          25          14   0.0000000000000000        0.0000000000000000     
          30          14  -48.433051578200548        2.9182425997742456     
          35          14   0.0000000000000000        0.0000000000000000     
          40          14  -48.799151466383250       -4.9008787918847219     
          45          14   0.0000000000000000        0.0000000000000000     
          50          14   0.0000000000000000        0.0000000000000000     
          55          14  -43.325054742737734        3.7265026458310757     
          60          14   0.0000000000000000        0.0000000000000000     
          65          14  -44.801579423037197       0.94462423329666478     
          70          14   0.0000000000000000        0.0000000000000000     
          75          14  -46.968638548960939       -3.5135703125899198     
          80          14   0.0000000000000000        0.0000000000000000     
          85          14   0.0000000000000000        0.0000000000000000     
          90          14   0.0000000000000000        0.0000000000000000     
          95          14  -45.986190482310008        2.1544608354151507     
           0          15  -43.440791570457655       -1.8286199923167601E-002
           5          15  -50.182191418657318       -2.7999081363194733     
          10          15   0.0000000000000000        0.0000000000000000     
          15          15   0.0000000000000000        0.0000000000000000     
          20          15  -46.004313976908406       -1.0015236443461362     
          25          15   0.0000000000000000        0.0000000000000000     
          30          15   0.0000000000000000        0.0000000000000000     
          35          15   0.0000000000000000        0.0000000000000000     
          40          15   0.0000000000000000        0.0000000000000000     
          45          15  -45.698228082216019        4.1228421332650811     
          50          15  -46.680379740777767      -0.47769885836324022     
          55          15   0.0000000000000000        0.0000000000000000     
          60          15   0.0000000000000000        0.0000000000000000     
          65          15   0.0000000000000000        0.0000000000000000     
          70          15  -43.804937178819614       0.95406210943060898     
          75          15   0.0000000000000000        0.0000000000000000     
          80          15   0.0000000000000000        0.0000000000000000     
          85          15  -42.978860096596350        2.9339718809051618     
          90          15  -49.404088475526464       -3.4016856867591372     
          95          15   0.0000000000000000        0.0000000000000000     
           0          16   0.0000000000000000        0.0000000000000000     
           5          16   0.0000000000000000        0.0000000000000000     
          10          16  -46.455819413360189        1.3468095262503255     
          15          16   0.0000000000000000        0.0000000000000000     
          20          16   0.0000000000000000        0.0000000000000000     
          25          16   0.0000000000000000        0.0000000000000000     
          30          16   0.0000000000000000        0.0000000000000000     
          35          16   0.0000000000000000        0.0000000000000000     
          40          16   0.0000000000000000        0.0000000000000000     
          45          16   0.0000000000000000        0.0000000000000000     
          50          16   0.0000000000000000        0.0000000000000000     
          55          16   0.0000000000000000        0.0000000000000000     
          60          16   0.0000000000000000        0.0000000000000000     
          65          16   0.0000000000000000        0.0000000000000000     
          70          16   0.0000000000000000        0.0000000000000000     
          75          16   0.0000000000000000        0.0000000000000000     
          80          16   0.0000000000000000        0.0000000000000000     
          85          16   0.0000000000000000        0.0000000000000000     
          90          16   0.0000000000000000        0.0000000000000000     
          95          16   0.0000000000000000        0.0000000000000000     
