           1           1   0.0000000000000000     
           2           1   0.0000000000000000     
           3           1   0.0000000000000000     
           4           1   0.0000000000000000     
           5           1   0.0000000000000000     
           6           1   0.0000000000000000     
           7           1   0.0000000000000000     
           8           1   0.0000000000000000     
           9           1   0.0000000000000000     
          10           1   0.0000000000000000     
          11           1   0.0000000000000000     
          12           1   0.0000000000000000     
          13           1   0.0000000000000000     
          14           1   0.0000000000000000     
          15           1   0.0000000000000000     
          16           1   0.0000000000000000     
          17           1   0.0000000000000000     
          18           1   0.0000000000000000     
          19           1   0.0000000000000000     
          20           1   0.0000000000000000     
          21           1   0.0000000000000000     
          22           1   0.0000000000000000     
          23           1   0.0000000000000000     
          24           1   0.0000000000000000     
          25           1   0.0000000000000000     
          26           1   0.0000000000000000     
          27           1   0.0000000000000000     
          28           1   0.0000000000000000     
          29           1   0.0000000000000000     
          30           1   0.0000000000000000     
          31           1   0.0000000000000000     
          32           1   0.0000000000000000     
          33           1   0.0000000000000000     
          34           1   0.0000000000000000     
          35           1   0.0000000000000000     
          36           1   0.0000000000000000     
          37           1   0.0000000000000000     
          38           1   0.0000000000000000     
          39           1   0.0000000000000000     
          40           1   0.0000000000000000     
          41           1   0.0000000000000000     
          42           1   0.0000000000000000     
          43           1   0.0000000000000000     
          44           1   0.0000000000000000     
          45           1   0.0000000000000000     
          46           1   0.0000000000000000     
          47           1   0.0000000000000000     
          48           1   0.0000000000000000     
          49           1   0.0000000000000000     
           1           2   0.0000000000000000     
           2           2   0.0000000000000000     
           3           2   0.0000000000000000     
           4           2   0.0000000000000000     
           5           2   0.0000000000000000     
           6           2   0.0000000000000000     
           7           2   0.0000000000000000     
           8           2   0.0000000000000000     
           9           2   0.0000000000000000     
          10           2   0.0000000000000000     
          11           2   0.0000000000000000     
          12           2   0.0000000000000000     
          13           2   0.0000000000000000     
          14           2   0.0000000000000000     
          15           2   0.0000000000000000     
          16           2   0.0000000000000000     
          17           2   0.0000000000000000     
          18           2   0.0000000000000000     
          19           2   0.0000000000000000     
          20           2   0.0000000000000000     
          21           2   0.0000000000000000     
          22           2   0.0000000000000000     
          23           2   0.0000000000000000     
          24           2   0.0000000000000000     
          25           2   0.0000000000000000     
          26           2   0.0000000000000000     
          27           2   0.0000000000000000     
          28           2   0.0000000000000000     
          29           2   0.0000000000000000     
          30           2   0.0000000000000000     
          31           2   0.0000000000000000     
          32           2   0.0000000000000000     
          33           2   0.0000000000000000     
          34           2   0.0000000000000000     
          35           2   0.0000000000000000     
          36           2   0.0000000000000000     
          37           2   0.0000000000000000     
          38           2   0.0000000000000000     
          39           2   0.0000000000000000     
          40           2   0.0000000000000000     
          41           2   0.0000000000000000     
          42           2   0.0000000000000000     
          43           2   0.0000000000000000     
          44           2   0.0000000000000000     
          45           2   0.0000000000000000     
          46           2   0.0000000000000000     
          47           2   0.0000000000000000     
          48           2   0.0000000000000000     
          49           2   0.0000000000000000     
           1           3   0.0000000000000000     
           2           3   0.0000000000000000     
           3           3  0.63308838202615214     
           4           3  0.68637261408477013     
           5           3  0.64045703442042035     
           6           3  0.64097606225048254     
           7           3  0.66038074003436553     
           8           3  0.66341456405028465     
           9           3  0.63697046260106260     
          10           3  0.63527204064119547     
          11           3  0.66046745452024846     
          12           3  0.64195547212667614     
          13           3  0.63986827904532462     
          14           3  0.66312919241813817     
          15           3  0.63174398029885093     
          16           3  0.63315220482021539     
          17           3  0.63305478912898239     
          18           3  0.66568417859710882     
          19           3  0.67595157401863770     
          20           3  0.68439210854663157     
          21           3  0.68682974604188929     
          22           3  0.70297174030058518     
          23           3  0.67122140526675556     
          24           3  0.63825318229495520     
          25           3  0.63701607812908034     
          26           3  0.66338339701220739     
          27           3  0.65052988770119979     
          28           3  0.65074384691276255     
          29           3  0.64645252480660553     
          30           3  0.67030247778813845     
          31           3  0.65807305180570119     
          32           3  0.62479725505260530     
          33           3  0.64977587020379246     
          34           3  0.68677991855597875     
          35           3  0.66475154624300936     
          36           3  0.66451933078007730     
          37           3  0.66700841275311273     
          38           3  0.65330719201798360     
          39           3  0.66752333924898599     
          40           3  0.63469293715016462     
          41           3  0.66815202294517262     
          42           3  0.64391894848445463     
          43           3  0.67919605631527746     
          44           3  0.63262260308697260     
          45           3  0.65559070052094082     
          46           3  0.60955995532542995     
          47           3   0.0000000000000000     
          48           3   0.0000000000000000     
          49           3   0.0000000000000000     
           1           4   0.0000000000000000     
           2           4   0.0000000000000000     
           3           4  0.62709227850622906     
           4           4  0.65125596499078642     
           5           4  0.62913839387258896     
           6           4  0.63275953230400994     
           7           4  0.63215586596332218     
           8           4  0.63807441947618448     
           9           4  0.66911789445301895     
          10           4  0.64502332687657948     
          11           4  0.64698287755642214     
          12           4  0.64972391062058565     
          13           4  0.64538279228822548     
          14           4  0.64389916661269364     
          15           4  0.63767923136277527     
          16           4  0.63386124580097902     
          17           4  0.63180080094238655     
          18           4  0.63312230565883032     
          19           4  0.64037031758794616     
          20           4  0.64944432432235455     
          21           4  0.67862161355378625     
          22           4  0.64899953619544437     
          23           4  0.64403254803301047     
          24           4  0.63869764719099476     
          25           4  0.63134515566963834     
          26           4  0.63138643493288016     
          27           4  0.64121741410866850     
          28           4  0.64280012244270102     
          29           4  0.64338788045278594     
          30           4  0.64453833805893657     
          31           4  0.63530781834593952     
          32           4  0.65744137576055839     
          33           4  0.63215740787080354     
          34           4  0.63129877545201707     
          35           4  0.63604402976390362     
          36           4  0.63644822479189955     
          37           4  0.63854502608666308     
          38           4  0.67141318355797031     
          39           4  0.64260821694439574     
          40           4  0.63272391704236841     
          41           4  0.64223817042074427     
          42           4  0.67270181105874516     
          43           4  0.63376100496500765     
          44           4  0.64167256522985505     
          45           4  0.64718951702794769     
          46           4  0.62452868768432379     
          47           4   0.0000000000000000     
          48           4   0.0000000000000000     
          49           4   0.0000000000000000     
           1           5   0.0000000000000000     
           2           5   0.0000000000000000     
           3           5  0.62662201672708029     
           4           5  0.64630827368248145     
           5           5  0.62486102810837962     
           6           5  0.65388528280980218     
           7           5  0.62713983535292184     
           8           5  0.63539853759930320     
           9           5  0.64176386999834645     
          10           5  0.64452681871861961     
          11           5  0.67086513611736465     
          12           5  0.64640426881307889     
          13           5  0.64751797352474161     
          14           5  0.64421938910239751     
          15           5  0.63516150984202224     
          16           5  0.62953325682616612     
          17           5  0.62704509327168401     
          18           5  0.62284735883390685     
          19           5  0.63011002265483029     
          20           5  0.64127653051378364     
          21           5  0.64305562075245271     
          22           5  0.63783548758826092     
          23           5  0.63902310048242161     
          24           5  0.63470428695628733     
          25           5  0.60485839318309065     
          26           5  0.62808166244274766     
          27           5  0.61684491256147533     
          28           5  0.61247403039235171     
          29           5  0.61107944425007155     
          30           5  0.63712360325722128     
          31           5  0.63483766542148079     
          32           5  0.62815600684638362     
          33           5  0.63439718466861061     
          34           5  0.63178840198520292     
          35           5  0.63815957844283056     
          36           5  0.63667292792723984     
          37           5  0.66530279680971249     
          38           5  0.64420771732574855     
          39           5  0.64475516982880132     
          40           5  0.63633232680922447     
          41           5  0.64199912621332722     
          42           5  0.64534802130494573     
          43           5  0.63566180352909629     
          44           5  0.66705838147586760     
          45           5  0.64497115033555452     
          46           5  0.62366413477283211     
          47           5   0.0000000000000000     
          48           5   0.0000000000000000     
          49           5   0.0000000000000000     
           1           6   0.0000000000000000     
           2           6   0.0000000000000000     
           3           6  0.62436042487015919     
           4           6  0.64743378378797001     
           5           6  0.62693417611986002     
           6           6  0.63756216812921740     
           7           6  0.63182357475427786     
           8           6  0.61581436479233198     
           9           6  0.59372259257630089     
          10           6  0.56640313036093559     
          11           6  0.53933329611764069     
          12           6  0.51492987769993503     
          13           6  0.51323234207375135     
          14           6  0.51184799142281590     
          15           6  0.50720871471319051     
          16           6  0.55120894701105083     
          17           6  0.59995316804335896     
          18           6  0.56694440218887532     
          19           6  0.57143561316892999     
          20           6  0.55782314247352038     
          21           6  0.54116769178883606     
          22           6  0.51099140824860212     
          23           6  0.53972493455226289     
          24           6  0.53906955636516074     
          25           6  0.53347493736999196     
          26           6  0.52795367845844388     
          27           6  0.53644746048998349     
          28           6  0.53427829688725037     
          29           6  0.53160426709355713     
          30           6  0.56219320211834911     
          31           6  0.58464180177539515     
          32           6  0.53541156670791579     
          33           6  0.50937885066060729     
          34           6  0.50833231619126473     
          35           6  0.53587321324062398     
          36           6  0.56246865673774671     
          37           6  0.58921202171517506     
          38           6  0.62050730495711759     
          39           6  0.62104302068211314     
          40           6  0.61302144577885598     
          41           6  0.56739741224373930     
          42           6  0.54178214601684382     
          43           6  0.53411332450985016     
          44           6  0.56383823033540614     
          45           6  0.59506473414636896     
          46           6  0.59969711983209584     
          47           6   0.0000000000000000     
          48           6   0.0000000000000000     
          49           6   0.0000000000000000     
           1           7   0.0000000000000000     
           2           7   0.0000000000000000     
           3           7   0.0000000000000000     
           4           7   0.0000000000000000     
           5           7   0.0000000000000000     
           6           7   0.0000000000000000     
           7           7   0.0000000000000000     
           8           7   0.0000000000000000     
           9           7   0.0000000000000000     
          10           7   0.0000000000000000     
          11           7   0.0000000000000000     
          12           7   0.0000000000000000     
          13           7   0.0000000000000000     
          14           7   0.0000000000000000     
          15           7   0.0000000000000000     
          16           7   0.0000000000000000     
          17           7   0.0000000000000000     
          18           7   0.0000000000000000     
          19           7   0.0000000000000000     
          20           7   0.0000000000000000     
          21           7   0.0000000000000000     
          22           7   0.0000000000000000     
          23           7   0.0000000000000000     
          24           7   0.0000000000000000     
          25           7   0.0000000000000000     
          26           7   0.0000000000000000     
          27           7   0.0000000000000000     
          28           7   0.0000000000000000     
          29           7   0.0000000000000000     
          30           7   0.0000000000000000     
          31           7   0.0000000000000000     
          32           7   0.0000000000000000     
          33           7   0.0000000000000000     
          34           7   0.0000000000000000     
          35           7   0.0000000000000000     
          36           7   0.0000000000000000     
          37           7   0.0000000000000000     
          38           7   0.0000000000000000     
          39           7   0.0000000000000000     
          40           7   0.0000000000000000     
          41           7   0.0000000000000000     
          42           7   0.0000000000000000     
          43           7   0.0000000000000000     
          44           7   0.0000000000000000     
          45           7   0.0000000000000000     
          46           7   0.0000000000000000     
          47           7   0.0000000000000000     
          48           7   0.0000000000000000     
          49           7   0.0000000000000000     
           1           8   0.0000000000000000     
           2           8   0.0000000000000000     
           3           8   0.0000000000000000     
           4           8   0.0000000000000000     
           5           8   0.0000000000000000     
           6           8   0.0000000000000000     
           7           8   0.0000000000000000     
           8           8   0.0000000000000000     
           9           8   0.0000000000000000     
          10           8   0.0000000000000000     
          11           8   0.0000000000000000     
          12           8   0.0000000000000000     
          13           8   0.0000000000000000     
          14           8   0.0000000000000000     
          15           8   0.0000000000000000     
          16           8   0.0000000000000000     
          17           8   0.0000000000000000     
          18           8   0.0000000000000000     
          19           8   0.0000000000000000     
          20           8   0.0000000000000000     
          21           8   0.0000000000000000     
          22           8   0.0000000000000000     
          23           8   0.0000000000000000     
          24           8   0.0000000000000000     
          25           8   0.0000000000000000     
          26           8   0.0000000000000000     
          27           8   0.0000000000000000     
          28           8   0.0000000000000000     
          29           8   0.0000000000000000     
          30           8   0.0000000000000000     
          31           8   0.0000000000000000     
          32           8   0.0000000000000000     
          33           8   0.0000000000000000     
          34           8   0.0000000000000000     
          35           8   0.0000000000000000     
          36           8   0.0000000000000000     
          37           8   0.0000000000000000     
          38           8   0.0000000000000000     
          39           8   0.0000000000000000     
          40           8   0.0000000000000000     
          41           8   0.0000000000000000     
          42           8   0.0000000000000000     
          43           8   0.0000000000000000     
          44           8   0.0000000000000000     
          45           8   0.0000000000000000     
          46           8   0.0000000000000000     
          47           8   0.0000000000000000     
          48           8   0.0000000000000000     
          49           8   0.0000000000000000     
           1           9   0.0000000000000000     
           2           9   0.0000000000000000     
           3           9   0.0000000000000000     
           4           9   0.0000000000000000     
           5           9   0.0000000000000000     
           6           9   0.0000000000000000     
           7           9   0.0000000000000000     
           8           9   0.0000000000000000     
           9           9   0.0000000000000000     
          10           9   0.0000000000000000     
          11           9   0.0000000000000000     
          12           9   0.0000000000000000     
          13           9   0.0000000000000000     
          14           9   0.0000000000000000     
          15           9   0.0000000000000000     
          16           9   0.0000000000000000     
          17           9   0.0000000000000000     
          18           9   0.0000000000000000     
          19           9   0.0000000000000000     
          20           9   0.0000000000000000     
          21           9   0.0000000000000000     
          22           9   0.0000000000000000     
          23           9   0.0000000000000000     
          24           9   0.0000000000000000     
          25           9   0.0000000000000000     
          26           9   0.0000000000000000     
          27           9   0.0000000000000000     
          28           9   0.0000000000000000     
          29           9   0.0000000000000000     
          30           9   0.0000000000000000     
          31           9   0.0000000000000000     
          32           9   0.0000000000000000     
          33           9   0.0000000000000000     
          34           9   0.0000000000000000     
          35           9   0.0000000000000000     
          36           9   0.0000000000000000     
          37           9   0.0000000000000000     
          38           9   0.0000000000000000     
          39           9   0.0000000000000000     
          40           9   0.0000000000000000     
          41           9   0.0000000000000000     
          42           9   0.0000000000000000     
          43           9   0.0000000000000000     
          44           9   0.0000000000000000     
          45           9   0.0000000000000000     
          46           9   0.0000000000000000     
          47           9   0.0000000000000000     
          48           9   0.0000000000000000     
          49           9   0.0000000000000000     
           1          10   0.0000000000000000     
           2          10   0.0000000000000000     
           3          10   0.0000000000000000     
           4          10   0.0000000000000000     
           5          10   0.0000000000000000     
           6          10   0.0000000000000000     
           7          10   0.0000000000000000     
           8          10   0.0000000000000000     
           9          10   0.0000000000000000     
          10          10   0.0000000000000000     
          11          10   0.0000000000000000     
          12          10   0.0000000000000000     
          13          10   0.0000000000000000     
          14          10   0.0000000000000000     
          15          10   0.0000000000000000     
          16          10   0.0000000000000000     
          17          10   0.0000000000000000     
          18          10   0.0000000000000000     
          19          10   0.0000000000000000     
          20          10   0.0000000000000000     
          21          10   0.0000000000000000     
          22          10   0.0000000000000000     
          23          10   0.0000000000000000     
          24          10   0.0000000000000000     
          25          10   0.0000000000000000     
          26          10   0.0000000000000000     
          27          10   0.0000000000000000     
          28          10   0.0000000000000000     
          29          10   0.0000000000000000     
          30          10   0.0000000000000000     
          31          10   0.0000000000000000     
          32          10   0.0000000000000000     
          33          10   0.0000000000000000     
          34          10   0.0000000000000000     
          35          10   0.0000000000000000     
          36          10   0.0000000000000000     
          37          10   0.0000000000000000     
          38          10   0.0000000000000000     
          39          10   0.0000000000000000     
          40          10   0.0000000000000000     
          41          10   0.0000000000000000     
          42          10   0.0000000000000000     
          43          10   0.0000000000000000     
          44          10   0.0000000000000000     
          45          10   0.0000000000000000     
          46          10   0.0000000000000000     
          47          10   0.0000000000000000     
          48          10   0.0000000000000000     
          49          10   0.0000000000000000     
           1          11   0.0000000000000000     
           2          11   0.0000000000000000     
           3          11   0.0000000000000000     
           4          11   0.0000000000000000     
           5          11   0.0000000000000000     
           6          11   0.0000000000000000     
           7          11   0.0000000000000000     
           8          11   0.0000000000000000     
           9          11   0.0000000000000000     
          10          11   0.0000000000000000     
          11          11   0.0000000000000000     
          12          11   0.0000000000000000     
          13          11   0.0000000000000000     
          14          11   0.0000000000000000     
          15          11   0.0000000000000000     
          16          11   0.0000000000000000     
          17          11   0.0000000000000000     
          18          11   0.0000000000000000     
          19          11   0.0000000000000000     
          20          11   0.0000000000000000     
          21          11   0.0000000000000000     
          22          11   0.0000000000000000     
          23          11   0.0000000000000000     
          24          11   0.0000000000000000     
          25          11   0.0000000000000000     
          26          11   0.0000000000000000     
          27          11   0.0000000000000000     
          28          11   0.0000000000000000     
          29          11   0.0000000000000000     
          30          11   0.0000000000000000     
          31          11   0.0000000000000000     
          32          11   0.0000000000000000     
          33          11   0.0000000000000000     
          34          11   0.0000000000000000     
          35          11   0.0000000000000000     
          36          11   0.0000000000000000     
          37          11   0.0000000000000000     
          38          11   0.0000000000000000     
          39          11   0.0000000000000000     
          40          11   0.0000000000000000     
          41          11   0.0000000000000000     
          42          11   0.0000000000000000     
          43          11   0.0000000000000000     
          44          11   0.0000000000000000     
          45          11   0.0000000000000000     
          46          11   0.0000000000000000     
          47          11   0.0000000000000000     
          48          11   0.0000000000000000     
          49          11   0.0000000000000000     
