           1           1   0.0000000000000000     
           2           1   0.0000000000000000     
           3           1   0.0000000000000000     
           4           1   0.0000000000000000     
           5           1   0.0000000000000000     
           6           1   0.0000000000000000     
           7           1   0.0000000000000000     
           8           1   0.0000000000000000     
           9           1   0.0000000000000000     
          10           1   0.0000000000000000     
          11           1   0.0000000000000000     
          12           1   0.0000000000000000     
          13           1   0.0000000000000000     
          14           1   0.0000000000000000     
          15           1   0.0000000000000000     
          16           1   0.0000000000000000     
          17           1   0.0000000000000000     
          18           1   0.0000000000000000     
          19           1   0.0000000000000000     
          20           1   0.0000000000000000     
          21           1   0.0000000000000000     
          22           1   0.0000000000000000     
          23           1   0.0000000000000000     
          24           1   0.0000000000000000     
          25           1   0.0000000000000000     
          26           1   0.0000000000000000     
          27           1   0.0000000000000000     
          28           1   0.0000000000000000     
          29           1   0.0000000000000000     
          30           1   0.0000000000000000     
          31           1   0.0000000000000000     
          32           1   0.0000000000000000     
          33           1   0.0000000000000000     
          34           1   0.0000000000000000     
          35           1   0.0000000000000000     
          36           1   0.0000000000000000     
          37           1   0.0000000000000000     
          38           1   0.0000000000000000     
          39           1   0.0000000000000000     
          40           1   0.0000000000000000     
          41           1   0.0000000000000000     
          42           1   0.0000000000000000     
          43           1   0.0000000000000000     
          44           1   0.0000000000000000     
          45           1   0.0000000000000000     
          46           1   0.0000000000000000     
          47           1   0.0000000000000000     
          48           1   0.0000000000000000     
          49           1   0.0000000000000000     
           1           2   0.0000000000000000     
           2           2   0.0000000000000000     
           3           2   0.0000000000000000     
           4           2   0.0000000000000000     
           5           2   0.0000000000000000     
           6           2   0.0000000000000000     
           7           2   0.0000000000000000     
           8           2   0.0000000000000000     
           9           2   0.0000000000000000     
          10           2   0.0000000000000000     
          11           2   0.0000000000000000     
          12           2   0.0000000000000000     
          13           2   0.0000000000000000     
          14           2   0.0000000000000000     
          15           2   0.0000000000000000     
          16           2   0.0000000000000000     
          17           2   0.0000000000000000     
          18           2   0.0000000000000000     
          19           2   0.0000000000000000     
          20           2   0.0000000000000000     
          21           2   0.0000000000000000     
          22           2   0.0000000000000000     
          23           2   0.0000000000000000     
          24           2   0.0000000000000000     
          25           2   0.0000000000000000     
          26           2   0.0000000000000000     
          27           2   0.0000000000000000     
          28           2   0.0000000000000000     
          29           2   0.0000000000000000     
          30           2   0.0000000000000000     
          31           2   0.0000000000000000     
          32           2   0.0000000000000000     
          33           2   0.0000000000000000     
          34           2   0.0000000000000000     
          35           2   0.0000000000000000     
          36           2   0.0000000000000000     
          37           2   0.0000000000000000     
          38           2   0.0000000000000000     
          39           2   0.0000000000000000     
          40           2   0.0000000000000000     
          41           2   0.0000000000000000     
          42           2   0.0000000000000000     
          43           2   0.0000000000000000     
          44           2   0.0000000000000000     
          45           2   0.0000000000000000     
          46           2   0.0000000000000000     
          47           2   0.0000000000000000     
          48           2   0.0000000000000000     
          49           2   0.0000000000000000     
           1           3   0.0000000000000000     
           2           3   0.0000000000000000     
           3           3  0.66268860735670454     
           4           3  0.64066717485455049     
           5           3  0.63663122961676633     
           6           3  0.65290859388160549     
           7           3  0.67922371767557443     
           8           3  0.62274280402876692     
           9           3  0.65259848688923272     
          10           3  0.65948001715922122     
          11           3  0.66950703917344467     
          12           3  0.64572705142341580     
          13           3  0.67542034039608334     
          14           3  0.67325386159293121     
          15           3  0.67229744591400065     
          16           3  0.66875796281304423     
          17           3  0.68995090273777382     
          18           3  0.67097994002229733     
          19           3  0.63438558474026752     
          20           3  0.65739686708629641     
          21           3  0.63729380863464269     
          22           3  0.69312450553320226     
          23           3  0.66066574952950963     
          24           3  0.64014269813288904     
          25           3  0.63734815776196252     
          26           3  0.63792937089778268     
          27           3  0.63169405760284292     
          28           3  0.66220603589234472     
          29           3  0.66755529551848480     
          30           3  0.66109891329013803     
          31           3  0.69455613005108685     
          32           3  0.66039271785612463     
          33           3  0.65571752582927512     
          34           3  0.65127237048570030     
          35           3  0.65855626817913260     
          36           3  0.62663745625970524     
          37           3  0.63827310244215474     
          38           3  0.64792280492538146     
          39           3  0.67428442317520243     
          40           3  0.64457932578396238     
          41           3  0.64562336868467074     
          42           3  0.63381991995033027     
          43           3  0.62793512856567191     
          44           3  0.66233661648702091     
          45           3  0.63919951433013955     
          46           3  0.64027769949305968     
          47           3   0.0000000000000000     
          48           3   0.0000000000000000     
          49           3   0.0000000000000000     
           1           4   0.0000000000000000     
           2           4   0.0000000000000000     
           3           4  0.64368539397363245     
           4           4  0.64859326078437651     
           5           4  0.69859209256178589     
           6           4  0.64060500620594840     
           7           4  0.63315711157526788     
           8           4  0.62552956802868631     
           9           4  0.62497305114889523     
          10           4  0.63023676560164843     
          11           4  0.63643950015621276     
          12           4  0.64700671347586325     
          13           4  0.64904405505427853     
          14           4  0.64617909395143225     
          15           4  0.64896484750793171     
          16           4  0.66294174019217178     
          17           4  0.63560189899437336     
          18           4  0.64104226201217884     
          19           4  0.63402175176783249     
          20           4  0.63370779198421545     
          21           4  0.63794205001734894     
          22           4  0.63920462745373285     
          23           4  0.63421618521117662     
          24           4  0.66072760423724131     
          25           4  0.66220402741187578     
          26           4  0.66272448696375319     
          27           4  0.63164786892830160     
          28           4  0.63214564527972616     
          29           4  0.64025739461822295     
          30           4  0.62942142700195236     
          31           4  0.63205919570453528     
          32           4  0.63340466299463793     
          33           4  0.63821777875979901     
          34           4  0.63102069593741095     
          35           4  0.64177760158164643     
          36           4  0.66738790230788991     
          37           4  0.64907843444381486     
          38           4  0.65468028694545488     
          39           4  0.65541885842863123     
          40           4  0.67300489379566097     
          41           4  0.64140661145711153     
          42           4  0.65827928622089815     
          43           4  0.64873885023502653     
          44           4  0.63051779001609720     
          45           4  0.63623622123914791     
          46           4  0.66198600747828795     
          47           4   0.0000000000000000     
          48           4   0.0000000000000000     
          49           4   0.0000000000000000     
           1           5   0.0000000000000000     
           2           5   0.0000000000000000     
           3           5  0.63714858573121957     
           4           5  0.64609599237053905     
           5           5  0.63996652876522031     
           6           5  0.63991102884210571     
           7           5  0.63442194626750004     
           8           5  0.63056383140656336     
           9           5  0.65439627931749156     
          10           5  0.63514516214557137     
          11           5  0.63879058968331959     
          12           5  0.64472106412553032     
          13           5  0.64285053239341650     
          14           5  0.63652013356690074     
          15           5  0.64124786563772507     
          16           5  0.63776500431360306     
          17           5  0.63613912772969761     
          18           5  0.64507679207835955     
          19           5  0.64241170546272386     
          20           5  0.66265321902098395     
          21           5  0.63707006765604102     
          22           5  0.63872340297783259     
          23           5  0.63299867543270261     
          24           5  0.63809980823374113     
          25           5  0.63887965267652447     
          26           5  0.64546092249725939     
          27           5  0.63926401907782482     
          28           5  0.64045569625189647     
          29           5  0.64412686809852371     
          30           5  0.63716448979741325     
          31           5  0.63560106539833072     
          32           5  0.66362569551705186     
          33           5  0.64160633905053888     
          34           5  0.62920203632144578     
          35           5  0.64183573527042947     
          36           5  0.64346530990492701     
          37           5  0.65085635905955597     
          38           5  0.65484770554100369     
          39           5  0.68514644751254283     
          40           5  0.64687541327542708     
          41           5  0.63917865502591487     
          42           5  0.63126737528583754     
          43           5  0.62197263045872919     
          44           5  0.62885612850899486     
          45           5  0.63323150223631663     
          46           5  0.63664669599999224     
          47           5   0.0000000000000000     
          48           5   0.0000000000000000     
          49           5   0.0000000000000000     
           1           6   0.0000000000000000     
           2           6   0.0000000000000000     
           3           6  0.58844314187335833     
           4           6  0.59373885609021182     
           5           6  0.56217917570057596     
           6           6  0.55924503212038534     
           7           6  0.55415010386818464     
           8           6  0.54775331668089244     
           9           6  0.54833654553410804     
          10           6  0.55495475358728319     
          11           6  0.55261557745575907     
          12           6  0.58752079110019695     
          13           6  0.58580160328883202     
          14           6  0.62894496490409757     
          15           6  0.58371771700743735     
          16           6  0.58580434478719678     
          17           6  0.53326489429305302     
          18           6  0.57138774758249045     
          19           6  0.54188784125093203     
          20           6  0.53655101517250325     
          21           6  0.53592133390226060     
          22           6  0.53688354899123125     
          23           6  0.53015013743049744     
          24           6  0.50835964887480956     
          25           6  0.53590400950232508     
          26           6  0.53845273194412457     
          27           6  0.53331898688073720     
          28           6  0.53593663032727235     
          29           6  0.56503012356658544     
          30           6  0.50745934516160973     
          31           6  0.50860406236331090     
          32           6  0.53472969231208756     
          33           6  0.51410069850167828     
          34           6  0.50603546537958211     
          35           6  0.51644693989984680     
          36           6  0.51535181213563708     
          37           6  0.54682412135821701     
          38           6  0.57258999844137881     
          39           6  0.59628787338474187     
          40           6  0.58859615435419221     
          41           6  0.63261481933648034     
          42           6  0.60337338141576524     
          43           6  0.54836957883308002     
          44           6  0.52919171578965907     
          45           6  0.60222209568080542     
          46           6  0.58509257797362901     
          47           6   0.0000000000000000     
          48           6   0.0000000000000000     
          49           6   0.0000000000000000     
           1           7   0.0000000000000000     
           2           7   0.0000000000000000     
           3           7   0.0000000000000000     
           4           7   0.0000000000000000     
           5           7   0.0000000000000000     
           6           7   0.0000000000000000     
           7           7   0.0000000000000000     
           8           7   0.0000000000000000     
           9           7   0.0000000000000000     
          10           7   0.0000000000000000     
          11           7   0.0000000000000000     
          12           7   0.0000000000000000     
          13           7   0.0000000000000000     
          14           7   0.0000000000000000     
          15           7   0.0000000000000000     
          16           7   0.0000000000000000     
          17           7   0.0000000000000000     
          18           7   0.0000000000000000     
          19           7   0.0000000000000000     
          20           7   0.0000000000000000     
          21           7   0.0000000000000000     
          22           7   0.0000000000000000     
          23           7   0.0000000000000000     
          24           7   0.0000000000000000     
          25           7   0.0000000000000000     
          26           7   0.0000000000000000     
          27           7   0.0000000000000000     
          28           7   0.0000000000000000     
          29           7   0.0000000000000000     
          30           7   0.0000000000000000     
          31           7   0.0000000000000000     
          32           7   0.0000000000000000     
          33           7   0.0000000000000000     
          34           7   0.0000000000000000     
          35           7   0.0000000000000000     
          36           7   0.0000000000000000     
          37           7   0.0000000000000000     
          38           7   0.0000000000000000     
          39           7   0.0000000000000000     
          40           7   0.0000000000000000     
          41           7   0.0000000000000000     
          42           7   0.0000000000000000     
          43           7   0.0000000000000000     
          44           7   0.0000000000000000     
          45           7   0.0000000000000000     
          46           7   0.0000000000000000     
          47           7   0.0000000000000000     
          48           7   0.0000000000000000     
          49           7   0.0000000000000000     
           1           8   0.0000000000000000     
           2           8   0.0000000000000000     
           3           8   0.0000000000000000     
           4           8   0.0000000000000000     
           5           8   0.0000000000000000     
           6           8   0.0000000000000000     
           7           8   0.0000000000000000     
           8           8   0.0000000000000000     
           9           8   0.0000000000000000     
          10           8   0.0000000000000000     
          11           8   0.0000000000000000     
          12           8   0.0000000000000000     
          13           8   0.0000000000000000     
          14           8   0.0000000000000000     
          15           8   0.0000000000000000     
          16           8   0.0000000000000000     
          17           8   0.0000000000000000     
          18           8   0.0000000000000000     
          19           8   0.0000000000000000     
          20           8   0.0000000000000000     
          21           8   0.0000000000000000     
          22           8   0.0000000000000000     
          23           8   0.0000000000000000     
          24           8   0.0000000000000000     
          25           8   0.0000000000000000     
          26           8   0.0000000000000000     
          27           8   0.0000000000000000     
          28           8   0.0000000000000000     
          29           8   0.0000000000000000     
          30           8   0.0000000000000000     
          31           8   0.0000000000000000     
          32           8   0.0000000000000000     
          33           8   0.0000000000000000     
          34           8   0.0000000000000000     
          35           8   0.0000000000000000     
          36           8   0.0000000000000000     
          37           8   0.0000000000000000     
          38           8   0.0000000000000000     
          39           8   0.0000000000000000     
          40           8   0.0000000000000000     
          41           8   0.0000000000000000     
          42           8   0.0000000000000000     
          43           8   0.0000000000000000     
          44           8   0.0000000000000000     
          45           8   0.0000000000000000     
          46           8   0.0000000000000000     
          47           8   0.0000000000000000     
          48           8   0.0000000000000000     
          49           8   0.0000000000000000     
           1           9   0.0000000000000000     
           2           9   0.0000000000000000     
           3           9   0.0000000000000000     
           4           9   0.0000000000000000     
           5           9   0.0000000000000000     
           6           9   0.0000000000000000     
           7           9   0.0000000000000000     
           8           9   0.0000000000000000     
           9           9   0.0000000000000000     
          10           9   0.0000000000000000     
          11           9   0.0000000000000000     
          12           9   0.0000000000000000     
          13           9   0.0000000000000000     
          14           9   0.0000000000000000     
          15           9   0.0000000000000000     
          16           9   0.0000000000000000     
          17           9   0.0000000000000000     
          18           9   0.0000000000000000     
          19           9   0.0000000000000000     
          20           9   0.0000000000000000     
          21           9   0.0000000000000000     
          22           9   0.0000000000000000     
          23           9   0.0000000000000000     
          24           9   0.0000000000000000     
          25           9   0.0000000000000000     
          26           9   0.0000000000000000     
          27           9   0.0000000000000000     
          28           9   0.0000000000000000     
          29           9   0.0000000000000000     
          30           9   0.0000000000000000     
          31           9   0.0000000000000000     
          32           9   0.0000000000000000     
          33           9   0.0000000000000000     
          34           9   0.0000000000000000     
          35           9   0.0000000000000000     
          36           9   0.0000000000000000     
          37           9   0.0000000000000000     
          38           9   0.0000000000000000     
          39           9   0.0000000000000000     
          40           9   0.0000000000000000     
          41           9   0.0000000000000000     
          42           9   0.0000000000000000     
          43           9   0.0000000000000000     
          44           9   0.0000000000000000     
          45           9   0.0000000000000000     
          46           9   0.0000000000000000     
          47           9   0.0000000000000000     
          48           9   0.0000000000000000     
          49           9   0.0000000000000000     
           1          10   0.0000000000000000     
           2          10   0.0000000000000000     
           3          10   0.0000000000000000     
           4          10   0.0000000000000000     
           5          10   0.0000000000000000     
           6          10   0.0000000000000000     
           7          10   0.0000000000000000     
           8          10   0.0000000000000000     
           9          10   0.0000000000000000     
          10          10   0.0000000000000000     
          11          10   0.0000000000000000     
          12          10   0.0000000000000000     
          13          10   0.0000000000000000     
          14          10   0.0000000000000000     
          15          10   0.0000000000000000     
          16          10   0.0000000000000000     
          17          10   0.0000000000000000     
          18          10   0.0000000000000000     
          19          10   0.0000000000000000     
          20          10   0.0000000000000000     
          21          10   0.0000000000000000     
          22          10   0.0000000000000000     
          23          10   0.0000000000000000     
          24          10   0.0000000000000000     
          25          10   0.0000000000000000     
          26          10   0.0000000000000000     
          27          10   0.0000000000000000     
          28          10   0.0000000000000000     
          29          10   0.0000000000000000     
          30          10   0.0000000000000000     
          31          10   0.0000000000000000     
          32          10   0.0000000000000000     
          33          10   0.0000000000000000     
          34          10   0.0000000000000000     
          35          10   0.0000000000000000     
          36          10   0.0000000000000000     
          37          10   0.0000000000000000     
          38          10   0.0000000000000000     
          39          10   0.0000000000000000     
          40          10   0.0000000000000000     
          41          10   0.0000000000000000     
          42          10   0.0000000000000000     
          43          10   0.0000000000000000     
          44          10   0.0000000000000000     
          45          10   0.0000000000000000     
          46          10   0.0000000000000000     
          47          10   0.0000000000000000     
          48          10   0.0000000000000000     
          49          10   0.0000000000000000     
           1          11   0.0000000000000000     
           2          11   0.0000000000000000     
           3          11   0.0000000000000000     
           4          11   0.0000000000000000     
           5          11   0.0000000000000000     
           6          11   0.0000000000000000     
           7          11   0.0000000000000000     
           8          11   0.0000000000000000     
           9          11   0.0000000000000000     
          10          11   0.0000000000000000     
          11          11   0.0000000000000000     
          12          11   0.0000000000000000     
          13          11   0.0000000000000000     
          14          11   0.0000000000000000     
          15          11   0.0000000000000000     
          16          11   0.0000000000000000     
          17          11   0.0000000000000000     
          18          11   0.0000000000000000     
          19          11   0.0000000000000000     
          20          11   0.0000000000000000     
          21          11   0.0000000000000000     
          22          11   0.0000000000000000     
          23          11   0.0000000000000000     
          24          11   0.0000000000000000     
          25          11   0.0000000000000000     
          26          11   0.0000000000000000     
          27          11   0.0000000000000000     
          28          11   0.0000000000000000     
          29          11   0.0000000000000000     
          30          11   0.0000000000000000     
          31          11   0.0000000000000000     
          32          11   0.0000000000000000     
          33          11   0.0000000000000000     
          34          11   0.0000000000000000     
          35          11   0.0000000000000000     
          36          11   0.0000000000000000     
          37          11   0.0000000000000000     
          38          11   0.0000000000000000     
          39          11   0.0000000000000000     
          40          11   0.0000000000000000     
          41          11   0.0000000000000000     
          42          11   0.0000000000000000     
          43          11   0.0000000000000000     
          44          11   0.0000000000000000     
          45          11   0.0000000000000000     
          46          11   0.0000000000000000     
          47          11   0.0000000000000000     
          48          11   0.0000000000000000     
          49          11   0.0000000000000000     
