           0           0   0.0000000000000000        0.0000000000000000     
           5           0   0.0000000000000000        0.0000000000000000     
          10           0   0.0000000000000000        0.0000000000000000     
          15           0   0.0000000000000000        0.0000000000000000     
          20           0   0.0000000000000000        0.0000000000000000     
          25           0   0.0000000000000000        0.0000000000000000     
          30           0   0.0000000000000000        0.0000000000000000     
          35           0   0.0000000000000000        0.0000000000000000     
          40           0   0.0000000000000000        0.0000000000000000     
          45           0   0.0000000000000000        0.0000000000000000     
          50           0   0.0000000000000000        0.0000000000000000     
          55           0   0.0000000000000000        0.0000000000000000     
          60           0   0.0000000000000000        0.0000000000000000     
          65           0   0.0000000000000000        0.0000000000000000     
          70           0   0.0000000000000000        0.0000000000000000     
          75           0   0.0000000000000000        0.0000000000000000     
          80           0   0.0000000000000000        0.0000000000000000     
          85           0   0.0000000000000000        0.0000000000000000     
          90           0   0.0000000000000000        0.0000000000000000     
          95           0   0.0000000000000000        0.0000000000000000     
           0           1   0.0000000000000000        0.0000000000000000     
           5           1  -17.062778259915312       -14.458667795292923     
          10           1  -12.637495393077458       0.33697363550744264     
          15           1   0.0000000000000000        0.0000000000000000     
          20           1  -9.3224608788666785        8.9075178585507064     
          25           1  -28.104905222310350        6.7796039785983364     
          30           1   0.0000000000000000        0.0000000000000000     
          35           1   0.0000000000000000        0.0000000000000000     
          40           1  -13.948042521079174        6.0128148850935315     
          45           1   0.0000000000000000        0.0000000000000000     
          50           1   0.0000000000000000        0.0000000000000000     
          55           1  -5.9797930904181840        11.918864489296466     
          60           1  -9.7663002509307262        2.6510784333144688     
          65           1  -4.0443686516766775        3.3952175561302589     
          70           1  -2.3976449357832053       0.32413849414547613     
          75           1   1.3914179623242262        13.706129454341687     
          80           1   0.0000000000000000        0.0000000000000000     
          85           1  -14.455779051658624       -1.4609434487156125     
          90           1  -21.643527818682173       -4.7208389684849639     
          95           1 -0.26371686523418703        10.616900340002511     
           0           2  -10.110794560951874       -1.2768928463202656     
           5           2  -23.423869393277563        1.2198055214796000     
          10           2   0.0000000000000000        0.0000000000000000     
          15           2  -15.210020405787006       -10.944548139395494     
          20           2   0.0000000000000000        0.0000000000000000     
          25           2   0.0000000000000000        0.0000000000000000     
          30           2   0.0000000000000000        0.0000000000000000     
          35           2  -6.1526599534644788      -0.18070401403891267     
          40           2   0.0000000000000000        0.0000000000000000     
          45           2   0.0000000000000000        0.0000000000000000     
          50           2   0.0000000000000000        0.0000000000000000     
          55           2  -7.9000207423263191        15.178073730657271     
          60           2  -4.3462989101783478        1.0961378839802194     
          65           2  -10.919434285057150        2.9424940077205086     
          70           2  -22.799205171750714       0.70620457292447369     
          75           2  -11.111330593891466        2.2698329714687659     
          80           2   0.0000000000000000        0.0000000000000000     
          85           2   0.0000000000000000        0.0000000000000000     
          90           2   0.0000000000000000        0.0000000000000000     
          95           2  -20.424912531211703      -0.51767654085876913     
           0           3   0.0000000000000000        0.0000000000000000     
           5           3   0.0000000000000000        0.0000000000000000     
          10           3   0.0000000000000000        0.0000000000000000     
          15           3   0.0000000000000000        0.0000000000000000     
          20           3  -30.036839197560283       -1.5144304666003805     
          25           3  -25.412922340652955       -11.614498581362653     
          30           3  -27.752297885630384       -1.0661990068516758     
          35           3   0.0000000000000000        0.0000000000000000     
          40           3  -16.876356833037676       -1.1477466897424904     
          45           3   0.0000000000000000        0.0000000000000000     
          50           3  -18.740397372241091        2.0306164054639808     
          55           3  -29.484417633511839       -5.9759283175964129     
          60           3  -36.461971727206333        2.1878019456966769     
          65           3   0.0000000000000000        0.0000000000000000     
          70           3   0.0000000000000000        0.0000000000000000     
          75           3  -26.586188958575008        13.149123103257665     
          80           3  -2.6245047438067104       0.92938614997040148     
          85           3   0.0000000000000000        0.0000000000000000     
          90           3  -20.252998579124437        1.1634346651012706     
          95           3   0.0000000000000000        0.0000000000000000     
           0           4  -31.388571489027736       -5.4025540678015460     
           5           4  -19.497194766935344       0.86536436064488242     
          10           4   0.0000000000000000        0.0000000000000000     
          15           4   0.0000000000000000        0.0000000000000000     
          20           4  -34.191093301636499       0.97640287065825504     
          25           4  -19.999155182421902        6.8183350526140885     
          30           4  -19.523449959617523        4.4176341496804383     
          35           4  -26.237431457332150       -3.4996605100623412     
          40           4   0.0000000000000000        0.0000000000000000     
          45           4   0.0000000000000000        0.0000000000000000     
          50           4   0.0000000000000000        0.0000000000000000     
          55           4   0.0000000000000000        0.0000000000000000     
          60           4  -30.278167080162177        1.1946650610861198     
          65           4  -26.243992776286973        1.1564112323902975     
          70           4  -23.756856956040906        12.468804138396905     
          75           4  -38.690582183491529       -6.9799415097371309     
          80           4  -29.890758044004428       -1.7376468271734780     
          85           4  -17.750874419206752        5.3180216859960439     
          90           4  -33.805808806661730       -6.4173301408398942     
          95           4  -22.273272864410387        1.5433132392850268     
           0           5   0.0000000000000000        0.0000000000000000     
           5           5   0.0000000000000000        0.0000000000000000     
          10           5   0.0000000000000000        0.0000000000000000     
          15           5  -36.297108460212613       -2.6494200815552205     
          20           5  -28.270854646201826        3.1955931017124684     
          25           5   0.0000000000000000        0.0000000000000000     
          30           5   0.0000000000000000        0.0000000000000000     
          35           5  -46.437442316147326       -2.8659203485581486     
          40           5  -29.880372636768016        6.5297995697832789     
          45           5   0.0000000000000000        0.0000000000000000     
          50           5   0.0000000000000000        0.0000000000000000     
          55           5   0.0000000000000000        0.0000000000000000     
          60           5   0.0000000000000000        0.0000000000000000     
          65           5  -38.090327605644347       -1.5147493736655804     
          70           5  -25.010126235471830        7.9027821763588690     
          75           5   0.0000000000000000        0.0000000000000000     
          80           5  -37.555841670311452       -7.3184911388723961     
          85           5  -39.816163479642341       -3.1679208975976536     
          90           5  -35.220806107574276        3.5806653793102328     
          95           5  -32.288817301591166       -2.4886851863215043     
           0           6  -43.542307746197714       -1.0582084133048397     
           5           6  -46.571316159096376        3.0457993132859684     
          10           6   0.0000000000000000        0.0000000000000000     
          15           6  -51.139162670859051       -2.1579630880275147     
          20           6  -37.966565937477270        1.4081058586956630     
          25           6  -35.168572987469560       -2.8760008913319979     
          30           6   0.0000000000000000        0.0000000000000000     
          35           6   0.0000000000000000        0.0000000000000000     
          40           6  -41.467715465373090        6.7784634301704116     
          45           6  -40.962757574689590       0.39086493417883617     
          50           6   0.0000000000000000        0.0000000000000000     
          55           6  -43.513014476914691       -4.9167101765323906     
          60           6  -45.073380712992162       -4.2397340766964220     
          65           6   0.0000000000000000        0.0000000000000000     
          70           6  -39.506070343264810        4.0400478590552069     
          75           6   0.0000000000000000        0.0000000000000000     
          80           6  -42.355702997625144       -2.2508344633331845     
          85           6  -41.000054896827010       -1.3612549133856788     
          90           6  -38.305588430134208      -0.11475642404334963     
          95           6  -39.007821985492797       -1.7266097137458303     
           0           7   0.0000000000000000        0.0000000000000000     
           5           7  -45.040518035448507      -0.79384204494381549     
          10           7  -46.283174800594296       -7.8588054872597013E-002
          15           7   0.0000000000000000        0.0000000000000000     
          20           7  -43.351822812649488       -2.2836923785041208     
          25           7  -37.817927558254638       -3.0680152023609963     
          30           7   0.0000000000000000        0.0000000000000000     
          35           7  -47.334939780014906       -6.9809587214564317     
          40           7  -45.992312273668290       -2.0031106168350021     
          45           7  -47.298922390908160      -0.51253292807196260     
          50           7  -44.943325083153240        3.0568273689013381     
          55           7  -51.070402567461315      -0.31345303257879209     
          60           7   0.0000000000000000        0.0000000000000000     
          65           7   0.0000000000000000        0.0000000000000000     
          70           7  -37.279595801962273        5.5801304729463652     
          75           7  -45.185166805552512        2.8184743293824255     
          80           7  -48.531553619355350      -0.98673925913672633     
          85           7   0.0000000000000000        0.0000000000000000     
          90           7   0.0000000000000000        0.0000000000000000     
          95           7   0.0000000000000000        0.0000000000000000     
           0           8  -47.655478146282590       -2.2813700510582180     
           5           8  -47.653426590419379        1.3280787314329245E-003
          10           8   0.0000000000000000        0.0000000000000000     
          15           8  -48.068389012891899       -2.9255346292966777     
          20           8   0.0000000000000000        0.0000000000000000     
          25           8  -43.953853245408681        3.6909628567016739     
          30           8  -46.471071451623658       0.72778578436683006     
          35           8   0.0000000000000000        0.0000000000000000     
          40           8   0.0000000000000000        0.0000000000000000     
          45           8   0.0000000000000000        0.0000000000000000     
          50           8  -49.855714298274734      -0.51576303020439696     
          55           8   0.0000000000000000        0.0000000000000000     
          60           8   0.0000000000000000        0.0000000000000000     
          65           8   0.0000000000000000        0.0000000000000000     
          70           8   0.0000000000000000        0.0000000000000000     
          75           8  -53.712971295354350       0.38558340872185681     
          80           8   0.0000000000000000        0.0000000000000000     
          85           8  -44.807663934776087        2.9731366519847313     
          90           8  -97.373185425624342        5.0960268776556461     
          95           8  -54.213717125932703       -5.9848517209992735     
           0           9   0.0000000000000000        0.0000000000000000     
           5           9   0.0000000000000000        0.0000000000000000     
          10           9  -51.250162619380646        1.7890371864659471     
          15           9  -52.217289374683062       -3.0077597362598851     
          20           9  -50.818475742477887        2.0225054317180025     
          25           9   0.0000000000000000        0.0000000000000000     
          30           9  -50.735689369414416        1.3144765966721650     
          35           9  -58.021909245624670      -0.62503960075233067     
          40           9  -52.353939840728003        4.5435837883189834E-002
          45           9  -99.338694034472041       -1.7413812087951897     
          50           9  -46.810694477272818      -0.50308013015865072     
          55           9   0.0000000000000000        0.0000000000000000     
          60           9  -56.176749503435985       -1.4674757302657326     
          65           9  -46.652974661398616       -5.0342587845264575     
          70           9  -51.648089889724247       -1.7608972199134598     
          75           9   0.0000000000000000        0.0000000000000000     
          80           9  -57.285375386868509        1.2982598347832663     
          85           9  -53.536111946428377       -1.3991093297427426     
          90           9  -50.727268048476049        1.4820671914783645     
          95           9  -50.964258193104683      -0.46147515607941614     
           0          10  -53.002288681046061      -0.76191526254376640     
           5          10  -55.055450319687615       -1.5237386661937080     
          10          10   0.0000000000000000        0.0000000000000000     
          15          10  -53.973880307074396        1.0460119358590703     
          20          10  -54.599646821085202       -6.1930417183297948     
          25          10   0.0000000000000000        0.0000000000000000     
          30          10  -59.192420564482262       -3.3874025562674603     
          35          10  -53.961905391659570        1.6726411227807603     
          40          10  -53.274378575309811       -5.5291084536435164     
          45          10   0.0000000000000000        0.0000000000000000     
          50          10  -56.527046111938262        1.4065404232255219     
          55          10   0.0000000000000000        0.0000000000000000     
          60          10  -55.414095114372230       -2.1898138501086351     
          65          10   0.0000000000000000        0.0000000000000000     
          70          10  -54.441751206795175       -1.6744490320519390     
          75          10  -56.043260030307351       -2.3520322266712412     
          80          10  -56.117251157985493        1.6225954112858432     
          85          10  -49.916060327674927       0.46612143203006440     
          90          10  -53.669776407829772      -0.93041634162460696     
          95          10  -53.383509527620276        1.4087563985754059     
           0          11  -56.666526772119468       -2.6577712408659693     
           5          11  -58.828668209875978       -2.5814287427561311     
          10          11  -56.434648216745487        1.6747147387086159     
          15          11  -59.143609669964903       0.41766763976269772     
          20          11  -57.127414986926084       0.34579203182616425     
          25          11  -56.554572161093830        1.1223481415356673     
          30          11   0.0000000000000000        0.0000000000000000     
          35          11  -54.077742177440769        2.1352064634072576     
          40          11  -59.028159321030671      -0.10508647216411759     
          45          11  -114.91893598979175        5.4831621828732580     
          50          11  -51.743086244471215        1.6675936333854224     
          55          11  -58.641111820705305       -1.6867058321246020     
          60          11   0.0000000000000000        0.0000000000000000     
          65          11  -49.498729976349409      -0.23091002793407256     
          70          11   0.0000000000000000        0.0000000000000000     
          75          11  -56.183490166290539        2.7067161602900569     
          80          11  -57.148752525293389       -1.6285964258955232     
          85          11  -58.450571028529907       -2.6803798895080888     
          90          11   0.0000000000000000        0.0000000000000000     
          95          11  -54.383283482408729        4.2107701278837339     
           0          12  -54.786605847641496        1.2721470189980266     
           5          12  -55.898827602134382        3.5581566473830151     
          10          12  -60.883343665025791      -0.16404081117471492     
          15          12   0.0000000000000000        0.0000000000000000     
          20          12  -60.433668571668875       -1.3584701304125701     
          25          12  -53.563922313504264       0.43222557396305206     
          30          12  -59.739580855104890        2.4600730383106395     
          35          12  -57.402375697428454       0.37678552166298118     
          40          12  -57.401824672638213       -4.0706865527440073     
          45          12  -59.911782715502682       -1.1108702895867850     
          50          12   0.0000000000000000        0.0000000000000000     
          55          12   0.0000000000000000        0.0000000000000000     
          60          12  -57.092891905199394       -1.6136674876499058     
          65          12  -60.693142894123753        15.385956195732575     
          70          12  -56.304965462103951       -2.7293388423466070     
          75          12  -54.808657766969304       -4.4079154610443538     
          80          12  -59.633266977883181        1.0374981079053214     
          85          12  -115.88511969989668        3.0865121961731745     
          90          12  -58.954253253062916       -1.4409986905139505     
          95          12   0.0000000000000000        0.0000000000000000     
           0          13   0.0000000000000000        0.0000000000000000     
           5          13  -60.405378714993851       0.49565494201431193     
          10          13  -58.907212515784124        1.6757338162065594     
          15          13  -56.961705097169357       0.40576869322350717     
          20          13   0.0000000000000000        0.0000000000000000     
          25          13  -58.473513243502140       0.12396016296989387     
          30          13   0.0000000000000000        0.0000000000000000     
          35          13  -57.902170753507676       -2.5852692152739110     
          40          13   0.0000000000000000        0.0000000000000000     
          45          13  -61.322510710226652       0.47951089429787430     
          50          13  -59.078189323287233       -4.0656805946603924     
          55          13  -60.090756448971661       -1.8505812244384856     
          60          13  -56.564430990704295        1.7402327846838261     
          65          13   0.0000000000000000        0.0000000000000000     
          70          13  -59.343353976757385        3.5335849335993430     
          75          13   0.0000000000000000        0.0000000000000000     
          80          13   0.0000000000000000        0.0000000000000000     
          85          13  -58.672454785906325        1.5075220652072119     
          90          13  -53.563416526074548        4.5090826434979192     
          95          13  -51.532758296914949        5.4095508633267286     
           0          14  -128.83489993003963        4.0950769676761922     
           5          14   0.0000000000000000        0.0000000000000000     
          10          14  -64.235856707570704       -1.9220061257207988     
          15          14   0.0000000000000000        0.0000000000000000     
          20          14  -59.713855746270639       -2.7735742458645518     
          25          14   0.0000000000000000        0.0000000000000000     
          30          14  -60.071400284922305      -0.46751035570835597     
          35          14   0.0000000000000000        0.0000000000000000     
          40          14  -57.735783289203368       -1.4425969358811130     
          45          14   0.0000000000000000        0.0000000000000000     
          50          14  -61.541489702747754        3.9902522257406758     
          55          14   0.0000000000000000        0.0000000000000000     
          60          14   0.0000000000000000        0.0000000000000000     
          65          14   0.0000000000000000        0.0000000000000000     
          70          14  -61.097202758091385       -1.8578118370626839     
          75          14  -59.222123651281322       0.13497074338175707     
          80          14  -54.864889840686715       0.53431594489339318     
          85          14  -59.604219333309061        2.9257376013092085     
          90          14   0.0000000000000000        0.0000000000000000     
          95          14  -61.308635144783352       -1.7917899265995629     
           0          15  -63.945678228732312        6.3805861625176874     
           5          15  -58.274048329072237        2.2102303112880861     
          10          15   0.0000000000000000        0.0000000000000000     
          15          15  -59.656151923279666        8.9686360080776240E-002
          20          15   0.0000000000000000        0.0000000000000000     
          25          15   0.0000000000000000        0.0000000000000000     
          30          15  -62.386435604064872        2.2254864032511534     
          35          15  -58.051907662814983        4.5924989105472491     
          40          15   0.0000000000000000        0.0000000000000000     
          45          15   0.0000000000000000        0.0000000000000000     
          50          15   0.0000000000000000        0.0000000000000000     
          55          15  -56.231747648780583        2.6678358607412633     
          60          15  -57.382689078906424        1.2774069453946879     
          65          15   0.0000000000000000        0.0000000000000000     
          70          15   0.0000000000000000        0.0000000000000000     
          75          15  -62.362433345484192       -4.3302574398929039     
          80          15  -60.578538076541122       0.45068828615768552     
          85          15   0.0000000000000000        0.0000000000000000     
          90          15   0.0000000000000000        0.0000000000000000     
          95          15   0.0000000000000000        0.0000000000000000     
           0          16  -61.452253140158383       0.77391470922449912     
           5          16  -59.202529622166544       -1.1781301681956791     
          10          16  -58.307497611815862       -2.2499902508421599     
          15          16   0.0000000000000000        0.0000000000000000     
          20          16   0.0000000000000000        0.0000000000000000     
          25          16  -63.687382207699983       -2.0977162008684047     
          30          16  -60.876047660034516        2.2677158146855447     
          35          16  -64.775666789103070        1.9503446668345248     
          40          16   0.0000000000000000        0.0000000000000000     
          45          16  -61.467295621255857        3.9024801672304932     
          50          16   0.0000000000000000        0.0000000000000000     
          55          16   0.0000000000000000        0.0000000000000000     
          60          16   0.0000000000000000        0.0000000000000000     
          65          16  -62.690769773254829       0.58613482858405064     
          70          16   0.0000000000000000        0.0000000000000000     
          75          16   0.0000000000000000        0.0000000000000000     
          80          16   0.0000000000000000        0.0000000000000000     
          85          16   0.0000000000000000        0.0000000000000000     
          90          16   0.0000000000000000        0.0000000000000000     
          95          16  -62.161636471742554        6.4966570967328607E-003
