           0           0   0.0000000000000000        0.0000000000000000     
           5           0   0.0000000000000000        0.0000000000000000     
          10           0   0.0000000000000000        0.0000000000000000     
          15           0   0.0000000000000000        0.0000000000000000     
          20           0   0.0000000000000000        0.0000000000000000     
          25           0   0.0000000000000000        0.0000000000000000     
          30           0   0.0000000000000000        0.0000000000000000     
          35           0   0.0000000000000000        0.0000000000000000     
          40           0   0.0000000000000000        0.0000000000000000     
          45           0   0.0000000000000000        0.0000000000000000     
          50           0   0.0000000000000000        0.0000000000000000     
          55           0   0.0000000000000000        0.0000000000000000     
          60           0   0.0000000000000000        0.0000000000000000     
          65           0   0.0000000000000000        0.0000000000000000     
          70           0   0.0000000000000000        0.0000000000000000     
          75           0   0.0000000000000000        0.0000000000000000     
          80           0   0.0000000000000000        0.0000000000000000     
          85           0   0.0000000000000000        0.0000000000000000     
          90           0   0.0000000000000000        0.0000000000000000     
          95           0   0.0000000000000000        0.0000000000000000     
           0           1  -6.0550041244629424        2.0438748323081679     
           5           1  -3.1326302885448243       -2.5592299405385877     
          10           1  -12.629174530642828       -4.4462306696935183     
          15           1  -3.1219131100090891        3.4559337787543054     
          20           1 -0.41723297163898110       -9.2342058060845833     
          25           1  -6.3959118914347357       -1.6629934200096397     
          30           1   0.0000000000000000        0.0000000000000000     
          35           1 -0.20798542919919782        5.1466631372798499     
          40           1   0.0000000000000000        0.0000000000000000     
          45           1   0.0000000000000000        0.0000000000000000     
          50           1  -3.0241670533115439      -0.64732311567117229     
          55           1  -11.038687609072895        2.6798674271544254     
          60           1   0.0000000000000000        0.0000000000000000     
          65           1   1.6374659949747183        10.954846929139839     
          70           1   0.0000000000000000        0.0000000000000000     
          75           1  -9.5418763695676034        3.5911629773088816     
          80           1   0.0000000000000000        0.0000000000000000     
          85           1  -7.0877830714977108       -1.0519813667653199     
          90           1   0.0000000000000000        0.0000000000000000     
          95           1  -1.4406678983647225        10.568489840691031     
           0           2   0.0000000000000000        0.0000000000000000     
           5           2  -8.9252197527267541       -9.0357815328889757     
          10           2   0.0000000000000000        0.0000000000000000     
          15           2   0.0000000000000000        0.0000000000000000     
          20           2  -21.013146922310710      -0.37375482099477608     
          25           2  -7.1843889367606550       -1.1749652845871594     
          30           2   0.0000000000000000        0.0000000000000000     
          35           2   0.0000000000000000        0.0000000000000000     
          40           2   2.3897554833496315        11.163741328523713     
          45           2  -13.649381155715901       -5.6889739514476290     
          50           2  -19.165286595708153       -1.1779306095816011     
          55           2   0.0000000000000000        0.0000000000000000     
          60           2  -9.4580797682652928        5.7772291883084748     
          65           2  -10.761406905004378       -5.9874217617283954     
          70           2  -13.240256776825277      -0.44111957102632715     
          75           2   0.0000000000000000        0.0000000000000000     
          80           2   0.0000000000000000        0.0000000000000000     
          85           2  -16.902932044686736        5.0731436813089559     
          90           2   0.0000000000000000        0.0000000000000000     
          95           2  -5.8949830067689390        6.1458902181765751     
           0           3  -18.044403148803482        1.2464299386749644     
           5           3  -40.463141726014840        9.5340124975651364     
          10           3  -23.946309499622842       -2.2101312443867371     
          15           3  -15.189680935661087       -5.9962836834159816     
          20           3   0.0000000000000000        0.0000000000000000     
          25           3   0.0000000000000000        0.0000000000000000     
          30           3  -18.668565303574525       -2.3984009041955190     
          35           3   0.0000000000000000        0.0000000000000000     
          40           3  -11.182215799649953        2.9796462604014806     
          45           3  -22.712264013264871       -5.8716043313733479     
          50           3  -21.705999124677078       0.53844963255667011     
          55           3  -19.579853692022198       -3.1416115463001049     
          60           3  -21.411205056409699       -3.2084833877732422     
          65           3  -21.645659349260882        9.2596755958807009     
          70           3  -10.452264685696377        8.9473049277222216     
          75           3  -10.351682046021438        2.1418056114574924     
          80           3   0.0000000000000000        0.0000000000000000     
          85           3  -3.7575071556972262        17.211769553040490     
          90           3   0.0000000000000000        0.0000000000000000     
          95           3  -8.5657897243862635        11.476712575155812     
           0           4  -29.908702266879249      -0.92708883089542837     
           5           4   0.0000000000000000        0.0000000000000000     
          10           4   0.0000000000000000        0.0000000000000000     
          15           4   0.0000000000000000        0.0000000000000000     
          20           4  -42.794289360799098       0.90337765827008809     
          25           4  -25.249742705977241       -1.3395832698437360     
          30           4   0.0000000000000000        0.0000000000000000     
          35           4  -21.215407705597045       0.11806177484530167     
          40           4  -18.935690617922774        3.2228943029366519     
          45           4   0.0000000000000000        0.0000000000000000     
          50           4  -19.235232783749723        5.3457570304971114     
          55           4  -17.191091286647975       -2.3797949869264201     
          60           4  -16.136585438673023        2.4641756635190859     
          65           4  -25.926695922393606      -0.75829486569034543     
          70           4  -17.495988340741064        3.2585424533415619     
          75           4  -24.040093149082509       -2.4547180249445688     
          80           4  -24.725620235912515        7.2604410096399619     
          85           4   0.0000000000000000        0.0000000000000000     
          90           4   0.0000000000000000        0.0000000000000000     
          95           4   0.0000000000000000        0.0000000000000000     
           0           5   0.0000000000000000        0.0000000000000000     
           5           5  -19.632368273527767       0.12621753472608077     
          10           5  -23.928638787458212      -0.95146265300272148     
          15           5  -21.848161339752536        3.7377235967372968     
          20           5  -21.406542772570702        1.6772559503852591     
          25           5  -24.329039443209410        1.7538770407155013     
          30           5  -26.153353841511517       -7.6160912038147899     
          35           5   0.0000000000000000        0.0000000000000000     
          40           5   0.0000000000000000        0.0000000000000000     
          45           5  -29.850328195948350       -6.6799874581491281     
          50           5  -25.177789616819268        7.8260546870190240     
          55           5   0.0000000000000000        0.0000000000000000     
          60           5  -29.696998398662799        5.3762721774397448     
          65           5   0.0000000000000000        0.0000000000000000     
          70           5  -24.454242230476098        3.3513419337438677E-002
          75           5   0.0000000000000000        0.0000000000000000     
          80           5  -27.318539171616862      -0.11910352138322366     
          85           5  -29.850845249299596        4.2282512436386810     
          90           5  -19.086208903118518        6.7086228598167708     
          95           5  -18.432134321884064       0.98379106774793001     
           0           6  -25.579642542312151       -1.7041977402953989     
           5           6   0.0000000000000000        0.0000000000000000     
          10           6  -35.820957823196053       -5.3332172542130962     
          15           6  -24.869410464836150       -6.3162250830561817     
          20           6   0.0000000000000000        0.0000000000000000     
          25           6  -24.406293505858656        6.9105042141082151     
          30           6  -26.613803979937956       -4.6011211455354584     
          35           6  -26.939022868646134      -0.84451564852372485     
          40           6  -28.517941890697784       -1.2121053082081445     
          45           6   0.0000000000000000        0.0000000000000000     
          50           6  -27.153457603290576        1.7040106973986724     
          55           6   0.0000000000000000        0.0000000000000000     
          60           6  -24.425707098529870        1.4849346954814990     
          65           6  -37.965091929308414       -4.9503033816922226     
          70           6   0.0000000000000000        0.0000000000000000     
          75           6  -31.499678084614402       -3.4660624512472538     
          80           6  -32.974308262154750        8.5927133600094407     
          85           6   0.0000000000000000        0.0000000000000000     
          90           6   0.0000000000000000        0.0000000000000000     
          95           6  -30.151630111632244       -4.3877995587049412     
           0           7  -34.921487231100791       -4.2905516444147196     
           5           7  -29.423888758519645       0.76542905154575180     
          10           7   0.0000000000000000        0.0000000000000000     
          15           7  -31.084652237556298       0.83295340709721444     
          20           7  -35.635808972305227       -9.1270590107939142E-003
          25           7  -37.263832460485702       -1.1852214042118447     
          30           7  -35.489375761219577       0.86497623583703387     
          35           7  -29.386016294594697       -4.6536682775855098     
          40           7   0.0000000000000000        0.0000000000000000     
          45           7  -32.359623391045034       -3.1001254966689373     
          50           7  -35.835016180918444       -3.1314001187832119     
          55           7   0.0000000000000000        0.0000000000000000     
          60           7   0.0000000000000000        0.0000000000000000     
          65           7  -35.577158761626038       -2.1729370636602852     
          70           7   0.0000000000000000        0.0000000000000000     
          75           7  -31.123484462725060        1.1415011631843441     
          80           7   0.0000000000000000        0.0000000000000000     
          85           7   0.0000000000000000        0.0000000000000000     
          90           7  -34.248918526955663       -2.4097055739158435     
          95           7  -32.955820699314131       0.91478241739828547     
           0           8  -37.827422901816618      -0.95547236602655516     
           5           8  -35.139347582062719       -5.6734707157435338     
          10           8  -33.797360112499675       -2.6109314633693259     
          15           8  -28.728799961053042       -3.4223810997158211     
          20           8  -31.298541338600216      -0.93916049872966312     
          25           8  -31.308952998170270        3.0358647047190601     
          30           8  -40.381861248359741        1.1276417890826451     
          35           8  -36.460798627331314        3.4402935438215820     
          40           8  -77.403860863967111       -6.2885765903963886     
          45           8  -64.584143244275083       -1.0822998986625976     
          50           8  -34.993221622130477      -0.89353970095018553     
          55           8  -35.281937701938659       -2.9371964961555364     
          60           8  -32.748698224622785       0.81042430792876985     
          65           8   0.0000000000000000        0.0000000000000000     
          70           8  -41.986313636570571       -2.4836515209614163     
          75           8  -38.762752347949458       -2.6869383311556305     
          80           8  -34.681932284357231       -2.1726544788691626     
          85           8  -33.139026056190346      -0.37535863690152382     
          90           8  -31.764809046777032       0.31827137755513490     
          95           8   0.0000000000000000        0.0000000000000000     
           0           9  -30.808207523123631        6.0647108075251310     
           5           9  -38.378084810992696       -1.3722440839636363     
          10           9  -39.336364170283744       -4.7150434672715846     
          15           9   0.0000000000000000        0.0000000000000000     
          20           9  -42.781138417975484       -2.1005516952321557     
          25           9  -39.682702432433103       -1.4734193240961702     
          30           9   0.0000000000000000        0.0000000000000000     
          35           9   0.0000000000000000        0.0000000000000000     
          40           9  -39.021220779389409        2.2076742865628773     
          45           9   0.0000000000000000        0.0000000000000000     
          50           9   0.0000000000000000        0.0000000000000000     
          55           9  -42.065626277576484        1.0890380882244699     
          60           9  -35.774692828276500        1.3495328535739759     
          65           9  -38.275641755305401       -1.9117418070457859     
          70           9  -34.815913782964003       0.34801512590831862     
          75           9   0.0000000000000000        0.0000000000000000     
          80           9  -42.441495778788862       -1.0344587169086594     
          85           9  -39.293100845796403        3.2138644078116840     
          90           9   0.0000000000000000        0.0000000000000000     
          95           9  -38.919907122831887        3.7039952485962147     
           0          10  -45.186140811465656        1.0601936569720749     
           5          10  -43.009544529528654        2.7684714609232941     
          10          10   0.0000000000000000        0.0000000000000000     
          15          10  -39.159819950222996       -1.2190744500273354     
          20          10  -41.365627997311805      -0.97466540447399552     
          25          10   0.0000000000000000        0.0000000000000000     
          30          10  -43.760442214235695        1.4009142045257050     
          35          10  -40.827321144547568      -0.86299054132155106     
          40          10  -42.924559054497990       -1.8513674704223604     
          45          10  -43.854350074212789       -1.8552092841694900     
          50          10   0.0000000000000000        0.0000000000000000     
          55          10   0.0000000000000000        0.0000000000000000     
          60          10   0.0000000000000000        0.0000000000000000     
          65          10  -38.711975676832822        4.1830379322327360     
          70          10  -42.825439213558525       -2.2472754571722930     
          75          10  -39.348995565333666       0.12236572182189320     
          80          10  -42.192320033578312       0.29526498849463678     
          85          10  -42.145667087041261      -0.50268446461387839     
          90          10   0.0000000000000000        0.0000000000000000     
          95          10  -33.190101293669727        6.5968274329453180     
           0          11  -50.189709471836764        4.0134146395942594     
           5          11  -46.654879279599548      -0.24251867916547099     
          10          11  -39.918203937761021       -1.1178584394677671     
          15          11  -46.432461721552798       -9.1706174210059999E-003
          20          11  -43.759074994671465       -5.8218562401712859     
          25          11  -83.458909146543192        1.3438692262290886     
          30          11  -43.503964414615126        6.8664392732031843     
          35          11  -43.856581942023354       -5.2140607901662861     
          40          11   0.0000000000000000        0.0000000000000000     
          45          11  -44.365098805272396        2.2116804845673244     
          50          11  -42.795639962207588       -1.3520407663847323     
          55          11  -39.331220245273357        6.4877599104384842     
          60          11   0.0000000000000000        0.0000000000000000     
          65          11   0.0000000000000000        0.0000000000000000     
          70          11  -42.273510787183000        2.0239194841487063     
          75          11  -41.581789486500043        2.8363342509329925     
          80          11   0.0000000000000000        0.0000000000000000     
          85          11  -42.903541111272148        1.7623554876600167     
          90          11   0.0000000000000000        0.0000000000000000     
          95          11  -42.271021940436526        2.6293459583293100     
           0          12  -45.210817579846569        5.2075819977126514     
           5          12   0.0000000000000000        0.0000000000000000     
          10          12  -45.164946431155428        2.2839978312738651     
          15          12   0.0000000000000000        0.0000000000000000     
          20          12  -45.382062220102881       -1.9577075015675405     
          25          12  -44.195482378430739        2.4340028303981853     
          30          12  -49.224578114444029       -3.9926004628298983     
          35          12  -44.033893819701575       0.25992394460772061     
          40          12  -44.719823214904864       -3.4150527409160247     
          45          12  -49.825148674784714       0.82796318778832756     
          50          12  -45.204249944461594        1.5763974702842631     
          55          12   0.0000000000000000        0.0000000000000000     
          60          12  -42.837969980311641        8.7996513700261403     
          65          12  -46.178344166563079       -2.6043035240519430     
          70          12   0.0000000000000000        0.0000000000000000     
          75          12  -49.286247240374337       -1.8023699399982718     
          80          12  -48.268213751256894      -0.58333685126754631     
          85          12  -47.993633364100674       0.89639914589767500     
          90          12  -48.087126506644040       -2.0250833610191421     
          95          12  -43.620928297585237        3.7020219908612262     
           0          13   0.0000000000000000        0.0000000000000000     
           5          13  -47.512090599934886        7.0321123206973368     
          10          13   0.0000000000000000        0.0000000000000000     
          15          13  -49.091553111972885       -2.1740127971625611     
          20          13   0.0000000000000000        0.0000000000000000     
          25          13  -48.444466776569328      -0.84489761491113313     
          30          13  -42.542091425534778       -3.7620025622153719     
          35          13   0.0000000000000000        0.0000000000000000     
          40          13  -47.133233269747166        1.7108256082032369     
          45          13  -47.942328963372915       0.59339301822447510     
          50          13   0.0000000000000000        0.0000000000000000     
          55          13  -50.874989357936329       0.56658304528056647     
          60          13   0.0000000000000000        0.0000000000000000     
          65          13   0.0000000000000000        0.0000000000000000     
          70          13   0.0000000000000000        0.0000000000000000     
          75          13  -48.501732846588652       -1.5410058261799975     
          80          13  -48.411877507206214       0.60829606811196868     
          85          13   0.0000000000000000        0.0000000000000000     
          90          13   0.0000000000000000        0.0000000000000000     
          95          13   0.0000000000000000        0.0000000000000000     
           0          14  -47.426126161139166        2.4772802654915438     
           5          14   0.0000000000000000        0.0000000000000000     
          10          14   0.0000000000000000        0.0000000000000000     
          15          14  -50.365857020997495       -2.5271241820057355     
          20          14   0.0000000000000000        0.0000000000000000     
          25          14   0.0000000000000000        0.0000000000000000     
          30          14  -45.909333680338449       -4.0946813971842744     
          35          14   0.0000000000000000        0.0000000000000000     
          40          14  -49.693522626768072       0.14527214355908313     
          45          14  -46.487068170506518       0.85147764240289803     
          50          14   0.0000000000000000        0.0000000000000000     
          55          14  -49.903742891146408      -0.74523977479756809     
          60          14   0.0000000000000000        0.0000000000000000     
          65          14  -45.356380572272315      -0.17599100891274588     
          70          14  -45.252659903880499        2.5693173665786162     
          75          14   0.0000000000000000        0.0000000000000000     
          80          14   0.0000000000000000        0.0000000000000000     
          85          14  -48.894082141757167       0.83262953669560602     
          90          14   0.0000000000000000        0.0000000000000000     
          95          14   0.0000000000000000        0.0000000000000000     
           0          15  -47.003604575354686        3.9324503305593339     
           5          15   0.0000000000000000        0.0000000000000000     
          10          15  -50.731109320940604       0.78710400078563225     
          15          15  -51.330791189423408       -3.8477894084643083     
          20          15  -48.380742237714713       0.62740807694083855     
          25          15   0.0000000000000000        0.0000000000000000     
          30          15   0.0000000000000000        0.0000000000000000     
          35          15  -94.924172859904843       0.41396104137447765     
          40          15   0.0000000000000000        0.0000000000000000     
          45          15   0.0000000000000000        0.0000000000000000     
          50          15  -45.963834759277233       0.42246653700672709     
          55          15   0.0000000000000000        0.0000000000000000     
          60          15  -48.341829711020523        2.1782937431069627     
          65          15   0.0000000000000000        0.0000000000000000     
          70          15   0.0000000000000000        0.0000000000000000     
          75          15   0.0000000000000000        0.0000000000000000     
          80          15   0.0000000000000000        0.0000000000000000     
          85          15  -47.069168219238122       -1.6371188249308943     
          90          15   0.0000000000000000        0.0000000000000000     
          95          15  -49.260512879030216        2.3437242737855968     
           0          16   0.0000000000000000        0.0000000000000000     
           5          16   0.0000000000000000        0.0000000000000000     
          10          16   0.0000000000000000        0.0000000000000000     
          15          16   0.0000000000000000        0.0000000000000000     
          20          16   0.0000000000000000        0.0000000000000000     
          25          16  -47.949105798945624       0.64123852196118492     
          30          16   0.0000000000000000        0.0000000000000000     
          35          16   0.0000000000000000        0.0000000000000000     
          40          16  -45.687306896979862       -2.4383514063153200     
          45          16  -53.275545824149617        6.4242805807701586     
          50          16   0.0000000000000000        0.0000000000000000     
          55          16   0.0000000000000000        0.0000000000000000     
          60          16   0.0000000000000000        0.0000000000000000     
          65          16   0.0000000000000000        0.0000000000000000     
          70          16   0.0000000000000000        0.0000000000000000     
          75          16   0.0000000000000000        0.0000000000000000     
          80          16   0.0000000000000000        0.0000000000000000     
          85          16   0.0000000000000000        0.0000000000000000     
          90          16   0.0000000000000000        0.0000000000000000     
          95          16   0.0000000000000000        0.0000000000000000     
