           0           0   0.0000000000000000        0.0000000000000000     
           5           0   0.0000000000000000        0.0000000000000000     
          10           0   0.0000000000000000        0.0000000000000000     
          15           0   0.0000000000000000        0.0000000000000000     
          20           0   0.0000000000000000        0.0000000000000000     
          25           0   0.0000000000000000        0.0000000000000000     
          30           0   0.0000000000000000        0.0000000000000000     
          35           0   0.0000000000000000        0.0000000000000000     
          40           0   0.0000000000000000        0.0000000000000000     
          45           0   0.0000000000000000        0.0000000000000000     
          50           0   0.0000000000000000        0.0000000000000000     
          55           0   0.0000000000000000        0.0000000000000000     
          60           0   0.0000000000000000        0.0000000000000000     
          65           0   0.0000000000000000        0.0000000000000000     
          70           0   0.0000000000000000        0.0000000000000000     
          75           0   0.0000000000000000        0.0000000000000000     
          80           0   0.0000000000000000        0.0000000000000000     
          85           0   0.0000000000000000        0.0000000000000000     
          90           0   0.0000000000000000        0.0000000000000000     
          95           0   0.0000000000000000        0.0000000000000000     
           0           1  -14.990257796692607        3.8034694079247533     
           5           1  -8.6293318976027322        14.305432027594822     
          10           1  -14.532920334771049       -1.8638147734895139     
          15           1   0.0000000000000000        0.0000000000000000     
          20           1  -8.5646107525683135       0.36214385348398714     
          25           1  -9.5781487485346872       -1.8920348774964513     
          30           1   0.0000000000000000        0.0000000000000000     
          35           1   0.0000000000000000        0.0000000000000000     
          40           1   0.0000000000000000        0.0000000000000000     
          45           1  -14.802240819236090       -2.9226698533479922     
          50           1 -0.94581266559146115       -2.8648794503494113     
          55           1   0.0000000000000000        0.0000000000000000     
          60           1  -5.2983741719003774       -1.1240974687865002     
          65           1  -19.113067203946343       -1.3123129082937002     
          70           1  -14.373995009790974       -5.7142370340457216     
          75           1   0.0000000000000000        0.0000000000000000     
          80           1   0.0000000000000000        0.0000000000000000     
          85           1  -4.9839242769422754        2.2582948164184824     
          90           1  -9.4656972118656313       -6.8591533782258463     
          95           1   0.0000000000000000        0.0000000000000000     
           0           2  -12.293853079165528        1.9744480893058025     
           5           2  -16.991940323758392        4.3312533985906398     
          10           2   0.0000000000000000        0.0000000000000000     
          15           2  -33.983532255659199       -2.5044918883176948     
          20           2   0.0000000000000000        0.0000000000000000     
          25           2  -14.897519332794928        5.4967271176309396     
          30           2  -7.2422533152582957        1.8381885071372395     
          35           2   0.0000000000000000        0.0000000000000000     
          40           2  -11.954372368307986        1.9960196806234620     
          45           2   0.0000000000000000        0.0000000000000000     
          50           2  -20.817613073518260       -4.3077412179703956     
          55           2   0.0000000000000000        0.0000000000000000     
          60           2   0.0000000000000000        0.0000000000000000     
          65           2  -21.858814900426182        7.7204325518209771     
          70           2   0.0000000000000000        0.0000000000000000     
          75           2   0.0000000000000000        0.0000000000000000     
          80           2  -3.4652136604762518        12.886909213749576     
          85           2  -22.349260180121178       -6.0582384657870136     
          90           2   0.0000000000000000        0.0000000000000000     
          95           2  -32.162609523496144       -3.4006251336471394     
           0           3   0.0000000000000000        0.0000000000000000     
           5           3   0.0000000000000000        0.0000000000000000     
          10           3   0.0000000000000000        0.0000000000000000     
          15           3   0.0000000000000000        0.0000000000000000     
          20           3  -25.100348104363235       -1.5446798130813733     
          25           3  -27.046714557545926        5.0730968136036836     
          30           3   0.0000000000000000        0.0000000000000000     
          35           3   0.0000000000000000        0.0000000000000000     
          40           3  -17.187121628765567        2.7634073961024797     
          45           3   0.0000000000000000        0.0000000000000000     
          50           3   0.0000000000000000        0.0000000000000000     
          55           3   0.0000000000000000        0.0000000000000000     
          60           3   0.0000000000000000        0.0000000000000000     
          65           3   0.0000000000000000        0.0000000000000000     
          70           3  -27.319945359991493        8.5285369846577197     
          75           3   0.0000000000000000        0.0000000000000000     
          80           3   0.0000000000000000        0.0000000000000000     
          85           3  -26.726548557647334        2.9196164484401876     
          90           3  -22.551110397870389        22.417845435889205     
          95           3  -13.639799837577016        6.2762374361913231     
           0           4  -27.042586470926025       -6.0165285658086987     
           5           4  -20.639667515536253        2.0745340803696166     
          10           4  -36.883002807099885       -7.0677579262135026     
          15           4  -28.775418693225419       -3.0997698828327813     
          20           4  -21.833853894843713        8.0425034303921450     
          25           4   0.0000000000000000        0.0000000000000000     
          30           4  -61.207270048484475        2.4244097393388842     
          35           4   0.0000000000000000        0.0000000000000000     
          40           4  -30.125768154860566       -5.2157160408405900     
          45           4  -29.968709971157637        13.045080186326885     
          50           4  -33.824127293513584       -2.5609722371155996     
          55           4   0.0000000000000000        0.0000000000000000     
          60           4  -28.218110635194193       -6.9738188970447368     
          65           4  -25.809988210525603       0.27427078103769986     
          70           4  -36.684553781114460       -4.8302573072778188     
          75           4   0.0000000000000000        0.0000000000000000     
          80           4  -34.627892773215763       -1.8422848717669638     
          85           4   0.0000000000000000        0.0000000000000000     
          90           4   0.0000000000000000        0.0000000000000000     
          95           4   0.0000000000000000        0.0000000000000000     
           0           5  -32.750812792339822        1.7690153260740971     
           5           5   0.0000000000000000        0.0000000000000000     
          10           5  -41.504729966552745       -4.9016560713166513     
          15           5   0.0000000000000000        0.0000000000000000     
          20           5   0.0000000000000000        0.0000000000000000     
          25           5  -30.291419064791825       -3.3456704327550213     
          30           5  -25.971695133488737        2.8944697772637085     
          35           5   0.0000000000000000        0.0000000000000000     
          40           5   0.0000000000000000        0.0000000000000000     
          45           5  -29.742461011608157       0.78446664472764382     
          50           5   0.0000000000000000        0.0000000000000000     
          55           5  -33.380404002159025       -5.5596213217512513     
          60           5  -29.732817307390746       -10.489693340698381     
          65           5  -27.955015240834769        1.9082220628874325     
          70           5  -61.449339149106663       -11.899145305380721     
          75           5  -36.962058144993648       -4.4195502383903573     
          80           5  -35.440640696506875       -1.8448765820266999     
          85           5  -40.771622758981607       -6.7027059820290447     
          90           5  -39.070374428646915       0.95827265073289425     
          95           5   0.0000000000000000        0.0000000000000000     
           0           6   0.0000000000000000        0.0000000000000000     
           5           6  -41.796369799524946        5.4818965476410852     
          10           6   0.0000000000000000        0.0000000000000000     
          15           6  -38.171631472740941       -4.6395196546900053     
          20           6  -43.532188490278401       0.31790266994846661     
          25           6  -36.539614968376100        6.7769171030906961     
          30           6   0.0000000000000000        0.0000000000000000     
          35           6  -30.268952171539354       -1.2883599898749765     
          40           6  -43.826336954495559       -4.8401390214980466     
          45           6  -34.732162035808756       -1.7769446511373133     
          50           6  -36.283798964014125       -1.1064001131755319     
          55           6  -43.579080925510993       -4.9031332560467433     
          60           6   0.0000000000000000        0.0000000000000000     
          65           6  -39.787438894549609      -0.60373257253054646     
          70           6   0.0000000000000000        0.0000000000000000     
          75           6  -38.059770706908580      -0.47254370379334887     
          80           6   0.0000000000000000        0.0000000000000000     
          85           6  -32.467454247466776        3.9183892723970715     
          90           6  -42.440464847075532       -4.0953250814901310     
          95           6  -43.383232601641453      -0.43842963549423075     
           0           7  -42.606869061511674        1.5677067003316836     
           5           7   0.0000000000000000        0.0000000000000000     
          10           7  -39.653034450806146       -3.5977389366426138     
          15           7  -45.062326136262598        5.3800111285795538     
          20           7   0.0000000000000000        0.0000000000000000     
          25           7  -45.234494818711113       -3.1981703711014831     
          30           7   0.0000000000000000        0.0000000000000000     
          35           7   0.0000000000000000        0.0000000000000000     
          40           7   0.0000000000000000        0.0000000000000000     
          45           7  -42.655411548579991       -2.9146112775091382     
          50           7  -44.730640371568597        5.8336440149808766     
          55           7   0.0000000000000000        0.0000000000000000     
          60           7  -33.716568350961040       0.56618360038118709     
          65           7  -44.551604802265388       -2.6507190250146806     
          70           7   0.0000000000000000        0.0000000000000000     
          75           7   0.0000000000000000        0.0000000000000000     
          80           7  -32.415679387511886        6.4474369241818152     
          85           7   0.0000000000000000        0.0000000000000000     
          90           7  -41.970264559481052       -1.0369090728445940     
          95           7   0.0000000000000000        0.0000000000000000     
           0           8  -46.038775434470992       -2.2409851776217238     
           5           8  -42.462100522286939       -5.7860016367961009     
          10           8  -45.553138409752947       -2.9177633051524765     
          15           8  -54.320600085526749       -1.1830739034124349     
          20           8  -44.426950521039288      -0.60130226907872952     
          25           8  -49.659694088290962        1.3929251951694255     
          30           8  -43.636257890735664        2.3446743943722481     
          35           8   0.0000000000000000        0.0000000000000000     
          40           8   0.0000000000000000        0.0000000000000000     
          45           8  -38.232423009461058        2.4619577835416351     
          50           8  -50.477105845558867       -4.8552310962257650     
          55           8  -45.381205308672179        1.9085776925642506     
          60           8  -49.888899135410725       -5.2143411704541620     
          65           8  -53.035468382560680        9.2238659892274200E-002
          70           8  -39.248891260044161       -2.8665528629545634     
          75           8  -45.860569030722331       -4.9118351524413129     
          80           8  -44.240142296914087        3.2990434325341766     
          85           8  -42.870671393018256        2.0278798928874409     
          90           8   0.0000000000000000        0.0000000000000000     
          95           8  -42.553343059879012       -1.0040599340044309     
           0           9  -48.615073544014393        1.6076001617904012     
           5           9  -46.564264264499222       -3.2554939219231471     
          10           9  -48.159721960230328        1.9409785981139294     
          15           9   0.0000000000000000        0.0000000000000000     
          20           9  -49.707973340762379      -0.30465668646506572     
          25           9  -51.535128583690692       -1.3399565503213751     
          30           9  -50.955371894865209        3.8482982646392827     
          35           9  -52.718351764369231       0.32970592711123459     
          40           9  -49.744318325295467       -3.3754222163295822     
          45           9   0.0000000000000000        0.0000000000000000     
          50           9   0.0000000000000000        0.0000000000000000     
          55           9  -52.159075657556286       0.12330032726382001     
          60           9   0.0000000000000000        0.0000000000000000     
          65           9  -48.125450597851227      -0.76322848823195955     
          70           9  -43.992906499497053       -1.3838428148638116     
          75           9  -48.975533946915562        2.9569151621000600     
          80           9   0.0000000000000000        0.0000000000000000     
          85           9  -52.639303714485663       -1.1256821936100891     
          90           9  -45.327930551692930       -3.3296687534800640     
          95           9  -49.884514030011928      -0.29282024144094976     
           0          10  -51.928492511139623      -0.32232279582267154     
           5          10  -48.798262736204912        2.3115356530922782     
          10          10  -52.094307833376874       -2.3653969343229164E-002
          15          10  -53.863057762155719        2.5733938584515670     
          20          10  -50.421851904278725       -1.2063623920077760     
          25          10  -52.769497376683461       -3.4615087483835794     
          30          10   0.0000000000000000        0.0000000000000000     
          35          10  -51.288026359728178        2.9184423181582986     
          40          10  -49.593651713095710       -2.1543840407467485     
          45          10  -50.749712583240125       -1.2083507015780981     
          50          10   0.0000000000000000        0.0000000000000000     
          55          10  -55.183181364242273       -4.0050849096218144     
          60          10   0.0000000000000000        0.0000000000000000     
          65          10   0.0000000000000000        0.0000000000000000     
          70          10   0.0000000000000000        0.0000000000000000     
          75          10   0.0000000000000000        0.0000000000000000     
          80          10  -50.508760331169356       -2.8258351762033840     
          85          10   0.0000000000000000        0.0000000000000000     
          90          10  -50.864250287290247        3.6654855242268525     
          95          10   0.0000000000000000        0.0000000000000000     
           0          11  -51.326371413261818       0.71551265529379293     
           5          11  -51.652861088729018        3.9141810261256182     
          10          11   0.0000000000000000        0.0000000000000000     
          15          11  -52.190657617705583        5.4109993700635073     
          20          11  -57.145618481619920      -0.53295144456733112     
          25          11  -59.638381747237901       0.46038782391732980     
          30          11  -53.878048408275703        1.7774281989435536     
          35          11  -53.145235364269183       -1.7938939396522358     
          40          11  -50.452298517811300        6.5718109499179889     
          45          11   0.0000000000000000        0.0000000000000000     
          50          11  -52.378067160816499       0.19505856675650080     
          55          11   0.0000000000000000        0.0000000000000000     
          60          11   0.0000000000000000        0.0000000000000000     
          65          11  -50.379156808801895       -2.9379613893354417     
          70          11  -53.808768409382424        1.7258772795258892     
          75          11  -48.215024425175557        3.1399541825827271     
          80          11  -50.536216669954115        2.8578028285330959     
          85          11  -51.745511485918882       -5.8180768505167180E-002
          90          11  -52.231680709056150       -4.9083356178059034     
          95          11  -55.105433481585919        1.5811733557846708     
           0          12  -52.634536385955386        2.5064459778434411     
           5          12   0.0000000000000000        0.0000000000000000     
          10          12  -55.827877885556987        5.1535993448226236     
          15          12  -55.597763580754744      -0.44899209898474624     
          20          12  -54.311823693176109       -4.8975585648047826     
          25          12   0.0000000000000000        0.0000000000000000     
          30          12   0.0000000000000000        0.0000000000000000     
          35          12   0.0000000000000000        0.0000000000000000     
          40          12  -52.949078934148019        3.1140785372407720     
          45          12  -57.533060485823739        1.0118967397865219     
          50          12   0.0000000000000000        0.0000000000000000     
          55          12  -49.904141847463279        1.7164156391480390     
          60          12   0.0000000000000000        0.0000000000000000     
          65          12  -54.008048350411286      -0.57980102930343946     
          70          12  -56.108650182196129       -1.8159343290058416     
          75          12   0.0000000000000000        0.0000000000000000     
          80          12   0.0000000000000000        0.0000000000000000     
          85          12  -55.056022077977218       0.31597291970442143     
          90          12  -55.071153829899799        3.1788876931315713     
          95          12  -55.581081710656122       -2.3141083538291696E-003
           0          13   0.0000000000000000        0.0000000000000000     
           5          13   0.0000000000000000        0.0000000000000000     
          10          13  -60.098776637049767        2.3192523951109933     
          15          13   0.0000000000000000        0.0000000000000000     
          20          13   0.0000000000000000        0.0000000000000000     
          25          13  -56.838827100413880        2.2818505833388514     
          30          13  -60.057562318736046       -2.0819677444805507     
          35          13  -56.015465176670887        1.8440304504530047     
          40          13   0.0000000000000000        0.0000000000000000     
          45          13   0.0000000000000000        0.0000000000000000     
          50          13  -60.112846034670042       -1.3352928900189909     
          55          13   0.0000000000000000        0.0000000000000000     
          60          13   0.0000000000000000        0.0000000000000000     
          65          13  -55.113347453428219        1.3496728475814734     
          70          13   0.0000000000000000        0.0000000000000000     
          75          13  -56.951742849662423      -0.23978076833408579     
          80          13   0.0000000000000000        0.0000000000000000     
          85          13   0.0000000000000000        0.0000000000000000     
          90          13  -56.995434138045198        1.8100391780784264     
          95          13  -56.587798111635834       0.57367208903258415     
           0          14  -56.513858742052584      -0.24483019437582243     
           5          14  -63.122908710693260        3.0263081421821880     
          10          14  -54.605280939847844        3.9576003836749862     
          15          14  -58.471186305313338      -0.50061315626237501     
          20          14  -61.244894427279206       0.32579592433634730     
          25          14  -58.235872387886189       -1.0253756094336097     
          30          14   0.0000000000000000        0.0000000000000000     
          35          14   0.0000000000000000        0.0000000000000000     
          40          14  -62.117211448864396       -1.2631685582675800     
          45          14   0.0000000000000000        0.0000000000000000     
          50          14   0.0000000000000000        0.0000000000000000     
          55          14   0.0000000000000000        0.0000000000000000     
          60          14  -59.046304037408959       -1.6970215705747194     
          65          14  -54.105182010673047       0.99939247453662006     
          70          14  -57.752348102368956       -1.1209989814098265     
          75          14  -57.130820655899583       0.49205075763225636     
          80          14  -54.925369275551361       0.55466601205367283     
          85          14  -53.671149221017345       0.86448162086583125     
          90          14   0.0000000000000000        0.0000000000000000     
          95          14   0.0000000000000000        0.0000000000000000     
           0          15   0.0000000000000000        0.0000000000000000     
           5          15   0.0000000000000000        0.0000000000000000     
          10          15  -54.410021948081422        1.5106980092483013     
          15          15   0.0000000000000000        0.0000000000000000     
          20          15   0.0000000000000000        0.0000000000000000     
          25          15   0.0000000000000000        0.0000000000000000     
          30          15  -61.245104565390562       0.62063098264175665     
          35          15   0.0000000000000000        0.0000000000000000     
          40          15   0.0000000000000000        0.0000000000000000     
          45          15  -57.886435616580911        1.7255421749418076     
          50          15   0.0000000000000000        0.0000000000000000     
          55          15   0.0000000000000000        0.0000000000000000     
          60          15   0.0000000000000000        0.0000000000000000     
          65          15   0.0000000000000000        0.0000000000000000     
          70          15  -58.111830585616531       -1.1017342878183456     
          75          15  -58.646364878498503      -0.72281693650921852     
          80          15  -55.127698297710026        1.0960906222123867     
          85          15   0.0000000000000000        0.0000000000000000     
          90          15  -62.370759989320845       -1.3188945501063642     
          95          15  -59.017772478782149       -2.3467433979540431     
           0          16   0.0000000000000000        0.0000000000000000     
           5          16   0.0000000000000000        0.0000000000000000     
          10          16   0.0000000000000000        0.0000000000000000     
          15          16   0.0000000000000000        0.0000000000000000     
          20          16   0.0000000000000000        0.0000000000000000     
          25          16   0.0000000000000000        0.0000000000000000     
          30          16   0.0000000000000000        0.0000000000000000     
          35          16  -58.674891195735768       -3.9071494524201000     
          40          16   0.0000000000000000        0.0000000000000000     
          45          16  -58.228612472817076        2.1263690965334092     
          50          16  -60.586809449887369       -1.7972519388287367     
          55          16   0.0000000000000000        0.0000000000000000     
          60          16   0.0000000000000000        0.0000000000000000     
          65          16   0.0000000000000000        0.0000000000000000     
          70          16  -55.931602245706813      -0.57703130641684197     
          75          16   0.0000000000000000        0.0000000000000000     
          80          16   0.0000000000000000        0.0000000000000000     
          85          16  -58.055387045570228      -0.79219540610964145     
          90          16  -60.141790387930882        1.7650405877667197     
          95          16   0.0000000000000000        0.0000000000000000     
