           1           1   0.0000000000000000     
           2           1   0.0000000000000000     
           3           1   0.0000000000000000     
           4           1   0.0000000000000000     
           5           1   0.0000000000000000     
           6           1   0.0000000000000000     
           7           1   0.0000000000000000     
           8           1   0.0000000000000000     
           9           1   0.0000000000000000     
          10           1   0.0000000000000000     
          11           1   0.0000000000000000     
          12           1   0.0000000000000000     
          13           1   0.0000000000000000     
          14           1   0.0000000000000000     
          15           1   0.0000000000000000     
          16           1   0.0000000000000000     
          17           1   0.0000000000000000     
          18           1   0.0000000000000000     
          19           1   0.0000000000000000     
          20           1   0.0000000000000000     
          21           1   0.0000000000000000     
          22           1   0.0000000000000000     
          23           1   0.0000000000000000     
          24           1   0.0000000000000000     
          25           1   0.0000000000000000     
          26           1   0.0000000000000000     
          27           1   0.0000000000000000     
          28           1   0.0000000000000000     
          29           1   0.0000000000000000     
          30           1   0.0000000000000000     
          31           1   0.0000000000000000     
          32           1   0.0000000000000000     
          33           1   0.0000000000000000     
          34           1   0.0000000000000000     
          35           1   0.0000000000000000     
          36           1   0.0000000000000000     
          37           1   0.0000000000000000     
          38           1   0.0000000000000000     
          39           1   0.0000000000000000     
          40           1   0.0000000000000000     
          41           1   0.0000000000000000     
          42           1   0.0000000000000000     
          43           1   0.0000000000000000     
          44           1   0.0000000000000000     
          45           1   0.0000000000000000     
          46           1   0.0000000000000000     
          47           1   0.0000000000000000     
          48           1   0.0000000000000000     
          49           1   0.0000000000000000     
           1           2   0.0000000000000000     
           2           2   0.0000000000000000     
           3           2   0.0000000000000000     
           4           2   0.0000000000000000     
           5           2   0.0000000000000000     
           6           2   0.0000000000000000     
           7           2   0.0000000000000000     
           8           2   0.0000000000000000     
           9           2   0.0000000000000000     
          10           2   0.0000000000000000     
          11           2   0.0000000000000000     
          12           2   0.0000000000000000     
          13           2   0.0000000000000000     
          14           2   0.0000000000000000     
          15           2   0.0000000000000000     
          16           2   0.0000000000000000     
          17           2   0.0000000000000000     
          18           2   0.0000000000000000     
          19           2   0.0000000000000000     
          20           2   0.0000000000000000     
          21           2   0.0000000000000000     
          22           2   0.0000000000000000     
          23           2   0.0000000000000000     
          24           2   0.0000000000000000     
          25           2   0.0000000000000000     
          26           2   0.0000000000000000     
          27           2   0.0000000000000000     
          28           2   0.0000000000000000     
          29           2   0.0000000000000000     
          30           2   0.0000000000000000     
          31           2   0.0000000000000000     
          32           2   0.0000000000000000     
          33           2   0.0000000000000000     
          34           2   0.0000000000000000     
          35           2   0.0000000000000000     
          36           2   0.0000000000000000     
          37           2   0.0000000000000000     
          38           2   0.0000000000000000     
          39           2   0.0000000000000000     
          40           2   0.0000000000000000     
          41           2   0.0000000000000000     
          42           2   0.0000000000000000     
          43           2   0.0000000000000000     
          44           2   0.0000000000000000     
          45           2   0.0000000000000000     
          46           2   0.0000000000000000     
          47           2   0.0000000000000000     
          48           2   0.0000000000000000     
          49           2   0.0000000000000000     
           1           3   0.0000000000000000     
           2           3   0.0000000000000000     
           3           3  0.62772549843971559     
           4           3  0.64394030347050291     
           5           3  0.62062729218871004     
           6           3  0.69706083895403126     
           7           3  0.64359602547611527     
           8           3  0.63413813951633990     
           9           3  0.64498617531712676     
          10           3  0.66146082704207554     
          11           3  0.63486876938209325     
          12           3  0.63048554987384031     
          13           3  0.61581992419119369     
          14           3  0.63147083193338382     
          15           3  0.60323860365934157     
          16           3  0.66396477960803257     
          17           3  0.69498269764625353     
          18           3  0.63499467897862116     
          19           3  0.65952225508442597     
          20           3  0.61256981060461513     
          21           3  0.63382849359830973     
          22           3  0.61197347264389645     
          23           3  0.59010722928053494     
          24           3  0.58821006081679161     
          25           3  0.60846233270679750     
          26           3  0.60435645745235289     
          27           3  0.59712129484164589     
          28           3  0.59537463048636186     
          29           3  0.62834929347580970     
          30           3  0.63689465040434790     
          31           3  0.66640837529118879     
          32           3  0.66869334230750677     
          33           3  0.66589651063608157     
          34           3  0.64171955485665944     
          35           3  0.64327627641644014     
          36           3  0.67329971188954618     
          37           3  0.64449810818062492     
          38           3  0.64839768638857054     
          39           3  0.65044860190279918     
          40           3  0.64670815626006584     
          41           3  0.64438645966069552     
          42           3  0.64526175889036308     
          43           3  0.64499974581083552     
          44           3  0.59459330171039859     
          45           3  0.59116702973910129     
          46           3  0.58625195363730653     
          47           3   0.0000000000000000     
          48           3   0.0000000000000000     
          49           3   0.0000000000000000     
           1           4   0.0000000000000000     
           2           4   0.0000000000000000     
           3           4  0.66037812048967581     
           4           4  0.65180316357664692     
           5           4  0.65244133139220228     
           6           4  0.67559270318986797     
           7           4  0.65157044105279505     
           8           4  0.66600153901578818     
           9           4  0.67140438415610770     
          10           4  0.64072236243632708     
          11           4  0.61111220809606714     
          12           4  0.62606816547973476     
          13           4  0.60808422898146719     
          14           4  0.60485375089063786     
          15           4  0.62754757363895464     
          16           4  0.63865006223510290     
          17           4  0.64682975220629513     
          18           4  0.66877319424845139     
          19           4  0.64382032420734381     
          20           4  0.64688558124728768     
          21           4  0.63830664547566640     
          22           4  0.59203010735059913     
          23           4  0.59110908902581394     
          24           4  0.58718428656233013     
          25           4  0.58021642999204981     
          26           4  0.57432787609322955     
          27           4  0.62053583123241096     
          28           4  0.59468513078768559     
          29           4  0.62396336053510193     
          30           4  0.63116974876241261     
          31           4  0.63308154691134488     
          32           4  0.64079000342479153     
          33           4  0.64117203504792775     
          34           4  0.64364515402295885     
          35           4  0.64376791137397571     
          36           4  0.67361935501264492     
          37           4  0.66340597000985657     
          38           4  0.63952361271400848     
          39           4  0.66761520024930132     
          40           4  0.64071093517938060     
          41           4  0.64133805055770898     
          42           4  0.66514754400863196     
          43           4  0.61512982175612207     
          44           4  0.58533359878479319     
          45           4  0.60870813847348881     
          46           4  0.60800551866776575     
          47           4   0.0000000000000000     
          48           4   0.0000000000000000     
          49           4   0.0000000000000000     
           1           5   0.0000000000000000     
           2           5   0.0000000000000000     
           3           5  0.65284396388035992     
           4           5  0.66905217541422490     
           5           5  0.64850502493676643     
           6           5  0.64772826827674113     
           7           5  0.64989669560889318     
           8           5  0.64293456927643489     
           9           5  0.64513275889963084     
          10           5  0.66354283572419637     
          11           5  0.61413663445352618     
          12           5  0.60603566624993166     
          13           5  0.61404816582540633     
          14           5  0.60904684953674548     
          15           5  0.63623214179909504     
          16           5  0.64353373541468917     
          17           5  0.65210429557508454     
          18           5  0.64597254746148403     
          19           5  0.64600588965743933     
          20           5  0.62184607127422864     
          21           5  0.61590412031089026     
          22           5  0.61751404400313048     
          23           5  0.62188867499711187     
          24           5  0.64387634501198932     
          25           5  0.63471253997226806     
          26           5  0.62865198561074420     
          27           5  0.62350693370658095     
          28           5  0.62195269724520164     
          29           5  0.62179956191046226     
          30           5  0.63173393044014281     
          31           5  0.63519499769259979     
          32           5  0.66369824020465651     
          33           5  0.64424580209326188     
          34           5  0.64591396848117000     
          35           5  0.64116675588343219     
          36           5  0.64360906438782084     
          37           5  0.63432376027181780     
          38           5  0.63230775086979440     
          39           5  0.63895029882070642     
          40           5  0.66755280178163601     
          41           5  0.64328824987204802     
          42           5  0.64334387052138942     
          43           5  0.63923167723854202     
          44           5  0.58440319598131529     
          45           5  0.58446534392830818     
          46           5  0.58407290325403682     
          47           5   0.0000000000000000     
          48           5   0.0000000000000000     
          49           5   0.0000000000000000     
           1           6   0.0000000000000000     
           2           6   0.0000000000000000     
           3           6  0.64934020144715199     
           4           6  0.67379536939302898     
           5           6  0.65228244824957105     
           6           6  0.64787283164655840     
           7           6  0.64945360619578196     
           8           6  0.63834115965103566     
           9           6  0.66058707763358826     
          10           6  0.62832658506949590     
          11           6  0.63352550568289689     
          12           6  0.62998817256080009     
          13           6  0.63954314960775027     
          14           6  0.63378111222638800     
          15           6  0.66609329324765942     
          16           6  0.64745467939790291     
          17           6  0.64974464231286411     
          18           6  0.64435590292013756     
          19           6  0.64561063807028063     
          20           6  0.62047765228859686     
          21           6  0.61911844663627902     
          22           6  0.62618740460061972     
          23           6  0.62907070479933902     
          24           6  0.62792263415063554     
          25           6  0.66610140550794184     
          26           6  0.63130736574849955     
          27           6  0.61952952700834074     
          28           6  0.61803464573193767     
          29           6  0.61346996846066404     
          30           6  0.62137387042586978     
          31           6  0.62604417495545295     
          32           6  0.63526624105629237     
          33           6  0.66524384994969188     
          34           6  0.64672665545715857     
          35           6  0.64507430104372065     
          36           6  0.64709739545690959     
          37           6  0.63811369956929631     
          38           6  0.63251677654856198     
          39           6  0.63632749099853181     
          40           6  0.64061098643299841     
          41           6  0.67001973734848796     
          42           6  0.61495851655111766     
          43           6  0.64133758898089765     
          44           6  0.61791720572574282     
          45           6  0.59241832122971538     
          46           6  0.58769911384215157     
          47           6   0.0000000000000000     
          48           6   0.0000000000000000     
          49           6   0.0000000000000000     
           1           7   0.0000000000000000     
           2           7   0.0000000000000000     
           3           7  0.64022965729596060     
           4           7  0.67751802491852142     
           5           7  0.64815331393049658     
           6           7  0.64503568087832275     
           7           7  0.64956801904326833     
           8           7  0.64609589280762048     
           9           7  0.63923438908549290     
          10           7  0.63021612691968310     
          11           7  0.63347526728951697     
          12           7  0.63391117242860673     
          13           7  0.64122071495280242     
          14           7  0.66405916194509118     
          15           7  0.64872275438122551     
          16           7  0.67528153940796953     
          17           7  0.64666846205845130     
          18           7  0.63939898798030759     
          19           7  0.64115575620226939     
          20           7  0.64239695006706199     
          21           7  0.64578819971124946     
          22           7  0.65138113439603851     
          23           7  0.65905332857363075     
          24           7  0.65576187144601195     
          25           7  0.64427181656299681     
          26           7  0.63613502571749547     
          27           7  0.65099465886023378     
          28           7  0.66653438394270903     
          29           7  0.61531577765038337     
          30           7  0.64453228292406572     
          31           7  0.64698599454713834     
          32           7  0.68687397727678556     
          33           7  0.66675146961251053     
          34           7  0.67093548762373567     
          35           7  0.64291422297751732     
          36           7  0.65085361441653200     
          37           7  0.66612220086293772     
          38           7  0.63404465162462498     
          39           7  0.63924030753628114     
          40           7  0.64317565048225156     
          41           7  0.64393965770753780     
          42           7  0.61737943524313932     
          43           7  0.64372908828658459     
          44           7  0.58949985308192066     
          45           7  0.59101911918788697     
          46           7  0.61050380846373598     
          47           7   0.0000000000000000     
          48           7   0.0000000000000000     
          49           7   0.0000000000000000     
           1           8   0.0000000000000000     
           2           8   0.0000000000000000     
           3           8  0.66164427602050835     
           4           8  0.64660549385283583     
           5           8  0.64824096023083744     
           6           8  0.64407162537352181     
           7           8  0.64545312376584074     
           8           8  0.64340533218940466     
           9           8  0.63557260854018016     
          10           8  0.63210787456395912     
          11           8  0.63716241777452465     
          12           8  0.63632467132857828     
          13           8  0.61303625513484916     
          14           8  0.60756030652498427     
          15           8  0.61498824344348102     
          16           8  0.63537638847420674     
          17           8  0.61221098302489096     
          18           8  0.63548960588455305     
          19           8  0.61718208613419800     
          20           8  0.67378329580002738     
          21           8  0.67619515780287220     
          22           8  0.64789334051198144     
          23           8  0.67523095036280167     
          24           8  0.65013076585101393     
          25           8  0.64056015697093005     
          26           8  0.65906622796735514     
          27           8  0.62490600710916488     
          28           8  0.61291106520499616     
          29           8  0.63675187053376037     
          30           8  0.61128311511313760     
          31           8  0.61368414189281917     
          32           8  0.62625801584101481     
          33           8  0.66209661158991251     
          34           8  0.64508047257157952     
          35           8  0.64661762820881952     
          36           8  0.64944814287167352     
          37           8  0.66987934547221706     
          38           8  0.63738680771439549     
          39           8  0.63629975733195820     
          40           8  0.63978625452453552     
          41           8  0.64308837976455846     
          42           8  0.61515292464776306     
          43           8  0.64140033692727805     
          44           8  0.61457002487477752     
          45           8  0.61237694355692429     
          46           8  0.60758763147255812     
          47           8   0.0000000000000000     
          48           8   0.0000000000000000     
          49           8   0.0000000000000000     
           1           9   0.0000000000000000     
           2           9   0.0000000000000000     
           3           9  0.61906991249020327     
           4           9  0.63668207065281179     
           5           9  0.64268830041058067     
           6           9  0.64079413248755068     
           7           9  0.67090345200776103     
           8           9  0.63907502721963361     
           9           9  0.60782417084171780     
          10           9  0.57669191412371423     
          11           9  0.61029090034007738     
          12           9  0.58678519034168308     
          13           9  0.58971298120761895     
          14           9  0.57974608380913151     
          15           9  0.58455623248964728     
          16           9  0.57882508812863931     
          17           9  0.60566142347569474     
          18           9  0.58131522305896266     
          19           9  0.64169879104603877     
          20           9  0.64286875856877823     
          21           9  0.65272576868285770     
          22           9  0.67311053153806588     
          23           9  0.67458793711479847     
          24           9  0.64925505975189202     
          25           9  0.64391371226752303     
          26           9  0.66467377902793601     
          27           9  0.63045770681812796     
          28           9  0.61777803576525281     
          29           9  0.58917986325166283     
          30           9  0.58802084234646423     
          31           9  0.59154057465205667     
          32           9  0.60555633207363813     
          33           9  0.62076687289609556     
          34           9  0.65120909638978663     
          35           9  0.65639526940668402     
          36           9  0.65623537598259929     
          37           9  0.67472819710908238     
          38           9  0.64139747911896694     
          39           9  0.66137445081538371     
          40           9  0.63659535893964880     
          41           9  0.63625285507123297     
          42           9  0.63199459666746438     
          43           9  0.60884064778334046     
          44           9  0.63996801817686588     
          45           9  0.60835730149672362     
          46           9  0.60550407583911092     
          47           9   0.0000000000000000     
          48           9   0.0000000000000000     
          49           9   0.0000000000000000     
           1          10   0.0000000000000000     
           2          10   0.0000000000000000     
           3          10  0.62462555680312892     
           4          10  0.63736104004453664     
           5          10  0.64004234754030576     
           6          10  0.63550065046110971     
           7          10  0.63880861691412094     
           8          10  0.63518178352318388     
           9          10  0.63010448352431858     
          10          10  0.58006662760124694     
          11          10  0.57982832928627825     
          12          10  0.58389804046441751     
          13          10  0.60714038918926139     
          14          10  0.57078588631884875     
          15          10  0.56800850199072617     
          16          10  0.56588484680925122     
          17          10  0.56985937008440979     
          18          10  0.60112977641599530     
          19          10  0.60615265252237238     
          20          10  0.66177091072593164     
          21          10  0.64827195070636889     
          22          10  0.64396969756399935     
          23          10  0.64187881253557710     
          24          10  0.64509879014615401     
          25          10  0.67517388525637345     
          26          10  0.63895973932845573     
          27          10  0.63517955677168159     
          28          10  0.62861957094411758     
          29          10  0.60124125960668207     
          30          10  0.59200235331268314     
          31          10  0.61864948478076442     
          32          10  0.60994150089826860     
          33          10  0.61842225575843934     
          34          10  0.64878702948686717     
          35          10  0.65689822312457880     
          36          10  0.68062480258067626     
          37          10  0.64594199622878035     
          38          10  0.64201088268164053     
          39          10  0.63171699508045820     
          40          10  0.63152445235874988     
          41          10  0.63183550759550255     
          42          10  0.60184630205602674     
          43          10  0.60061392100598521     
          44          10  0.60795385355661025     
          45          10  0.60201825193052438     
          46          10  0.59781288195715854     
          47          10   0.0000000000000000     
          48          10   0.0000000000000000     
          49          10   0.0000000000000000     
           1          11   0.0000000000000000     
           2          11   0.0000000000000000     
           3          11  0.62425918771355693     
           4          11  0.66101827892020937     
           5          11  0.66171226109488213     
           6          11  0.63312437502275920     
           7          11  0.63306270699821410     
           8          11  0.65354630625100407     
           9          11  0.62138736376236736     
          10          11  0.59990353716594869     
          11          11  0.57366905247807676     
          12          11  0.57928708548899011     
          13          11  0.60130844664146155     
          14          11  0.59710248582480852     
          15          11  0.58905795144689355     
          16          11  0.55971565961229186     
          17          11  0.59329542576933514     
          18          11  0.56993159367017421     
          19          11  0.59689558923935271     
          20          11  0.62830572106607263     
          21          11  0.66358095885187218     
          22          11  0.63295357310100953     
          23          11  0.63223492526938307     
          24          11  0.64133240256568913     
          25          11  0.64648044107636393     
          26          11  0.64284646010282542     
          27          11  0.66743596248754378     
          28          11  0.64095686660080275     
          29          11  0.61460238244684828     
          30          11  0.60176616214651901     
          31          11  0.60679617867990054     
          32          11  0.61732400395867248     
          33          11  0.64790101349083562     
          34          11  0.64695133145123251     
          35          11  0.65911863113473301     
          36          11  0.65189778935016574     
          37          11  0.64670970864144739     
          38          11  0.67021900275827595     
          39          11  0.65853680057276853     
          40          11  0.65727553845678510     
          41          11  0.63428658764258217     
          42          11  0.62651431094960730     
          43          11  0.64912354165453467     
          44          11  0.62622345636715449     
          45          11  0.62152087775093112     
          46          11  0.64268143163623137     
          47          11   0.0000000000000000     
          48          11   0.0000000000000000     
          49          11   0.0000000000000000     
           1          12   0.0000000000000000     
           2          12   0.0000000000000000     
           3          12  0.62611317349727436     
           4          12  0.63034496799150674     
           5          12  0.63184335881343878     
           6          12  0.65799507310795202     
           7          12  0.63352455689706699     
           8          12  0.62543595978999778     
           9          12  0.56935912475374095     
          10          12  0.54761406850798200     
          11          12  0.57884126393808966     
          12          12  0.57660985340726956     
          13          12  0.55045422993934534     
          14          12  0.59782325196745545     
          15          12  0.59584141222861708     
          16          12  0.59098054687414603     
          17          12  0.57698686830975832     
          18          12  0.60723804712260576     
          19          12  0.60448095598989993     
          20          12  0.63324966881127565     
          21          12  0.63807202758748105     
          22          12  0.62688795512834672     
          23          12  0.62220894180790176     
          24          12  0.63862764250971393     
          25          12  0.69581679949466690     
          26          12  0.63951410430041267     
          27          12  0.64370139554235295     
          28          12  0.66892415167893560     
          29          12  0.63185924437734076     
          30          12  0.62731480546932827     
          31          12  0.60518081129250290     
          32          12  0.63731915704393804     
          33          12  0.61638588174043152     
          34          12  0.64579768848683416     
          35          12  0.68158529278214552     
          36          12  0.65106083296483563     
          37          12  0.64695573120627481     
          38          12  0.64608958203866373     
          39          12  0.63272459735872499     
          40          12  0.65216507641935506     
          41          12  0.62605292736016971     
          42          12  0.61971981334072757     
          43          12  0.61483709766816175     
          44          12  0.62602090982025516     
          45          12  0.62330425534547251     
          46          12  0.62754827796070500     
          47          12   0.0000000000000000     
          48          12   0.0000000000000000     
          49          12   0.0000000000000000     
           1          13   0.0000000000000000     
           2          13   0.0000000000000000     
           3          13  0.60482539986556438     
           4          13  0.63267708577996762     
           5          13  0.63417971996450950     
           6          13  0.63227890107329299     
           7          13  0.66439023495949123     
           8          13  0.63042952986318745     
           9          13  0.57169466181431194     
          10          13  0.57131645706809975     
          11          13  0.57454550757128320     
          12          13  0.57066215225889450     
          13          13  0.57550692256089298     
          14          13  0.60412553336903341     
          15          13  0.59995235199924535     
          16          13  0.59918105962960500     
          17          13  0.61079735905007060     
          18          13  0.63961668329115340     
          19          13  0.60703187411468162     
          20          13  0.61151257130225134     
          21          13  0.63989915206972414     
          22          13  0.60982955498982538     
          23          13  0.60769373909809643     
          24          13  0.64504062533035067     
          25          13  0.64830763722195484     
          26          13  0.64426725114183658     
          27          13  0.64535562293962767     
          28          13  0.67582894528985649     
          29          13  0.61682011302393203     
          30          13  0.58277140392993110     
          31          13  0.58484709042539673     
          32          13  0.61498214665191042     
          33          13  0.58647430206189222     
          34          13  0.64282560664372246     
          35          13  0.64933489291391766     
          36          13  0.64999262369662336     
          37          13  0.64751435835111559     
          38          13  0.64900375306429992     
          39          13  0.63697181822926718     
          40          13  0.63875052179942859     
          41          13  0.65567191515223799     
          42          13  0.65409936773387178     
          43          13  0.61998120890434738     
          44          13  0.65203120059769792     
          45          13  0.65107901066331875     
          46          13  0.63053777874073558     
          47          13   0.0000000000000000     
          48          13   0.0000000000000000     
          49          13   0.0000000000000000     
           1          14   0.0000000000000000     
           2          14   0.0000000000000000     
           3          14  0.61058660484275706     
           4          14  0.63693173096436084     
           5          14  0.60989058644115579     
           6          14  0.60734513323161365     
           7          14  0.56223355174416778     
           8          14  0.53173383192051704     
           9          14  0.52514996354115528     
          10          14  0.55104568779516394     
          11          14  0.55444376236319948     
          12          14  0.59789851931498550     
          13          14  0.60752538408523671     
          14          14  0.63243291803823531     
          15          14  0.63228703957427101     
          16          14  0.60666114094853685     
          17          14  0.61640976100671718     
          18          14  0.63771873372933308     
          19          14  0.58417894539041160     
          20          14  0.58630217739359325     
          21          14  0.58238856575512488     
          22          14  0.55491223447208560     
          23          14  0.55845618842521860     
          24          14  0.58939480373925512     
          25          14  0.59325620290357850     
          26          14  0.59094228799318538     
          27          14  0.62030411692181231     
          28          14  0.59611905414351540     
          29          14  0.54563039598401608     
          30          14  0.53678205010438595     
          31          14  0.53756899072556086     
          32          14  0.50764752608165853     
          33          14  0.53161213878064684     
          34          14  0.50731343018700814     
          35          14  0.53881698875902095     
          36          14  0.56994268708352869     
          37          14  0.59483831958239441     
          38          14  0.62804528367792378     
          39          14  0.64346390931433728     
          40          14  0.59549195224324558     
          41          14  0.58394242965880805     
          42          14  0.55604414541187286     
          43          14  0.54437197950914562     
          44          14  0.57626398391214295     
          45          14  0.59724730628496703     
          46          14  0.60174541231124701     
          47          14   0.0000000000000000     
          48          14   0.0000000000000000     
          49          14   0.0000000000000000     
           1          15   0.0000000000000000     
           2          15   0.0000000000000000     
           3          15  0.55916792225452672     
           4          15  0.56557122792355841     
           5          15  0.53730540573583985     
           6          15  0.48313603379731773     
           7          15  0.46022966005007637     
           8          15  0.40639803230628369     
           9          15  0.37276016774744003     
          10          15  0.42590162304439799     
          11          15  0.45721199500696386     
          12          15  0.47769662492624471     
          13          15  0.51182606064727987     
          14          15  0.58846990789594222     
          15          15  0.53834741795825014     
          16          15  0.53564322802108988     
          17          15  0.54211546642139985     
          18          15  0.53688521331867090     
          19          15  0.51113010937140069     
          20          15  0.46149517039965332     
          21          15  0.43435698096549824     
          22          15  0.45341807967275805     
          23          15  0.45656377906099149     
          24          15  0.45917949727788526     
          25          15  0.45874807994263411     
          26          15  0.46044814848978149     
          27          15  0.46374899296479899     
          28          15  0.43815518239853379     
          29          15  0.41344271297944418     
          30          15  0.40794007467925369     
          31          15  0.40813705224932112     
          32          15  0.37816697342362771     
          33          15  0.37706798391336455     
          34          15  0.37965689640137723     
          35          15  0.41284402932727537     
          36          15  0.46951062765298607     
          37          15  0.47047929128845206     
          38          15  0.50292562161519527     
          39          15  0.49704423027906669     
          40          15  0.47250341588886402     
          41          15  0.46146646772531330     
          42          15  0.43586446439571153     
          43          15  0.45158488541101371     
          44          15  0.45462880970160030     
          45          15  0.52961107490786019     
          46          15  0.53512896194918880     
          47          15   0.0000000000000000     
          48          15   0.0000000000000000     
          49          15   0.0000000000000000     
           1          16   0.0000000000000000     
           2          16   0.0000000000000000     
           3          16   0.0000000000000000     
           4          16   0.0000000000000000     
           5          16   0.0000000000000000     
           6          16   0.0000000000000000     
           7          16   0.0000000000000000     
           8          16   0.0000000000000000     
           9          16   0.0000000000000000     
          10          16   0.0000000000000000     
          11          16   0.0000000000000000     
          12          16   0.0000000000000000     
          13          16   0.0000000000000000     
          14          16   0.0000000000000000     
          15          16   0.0000000000000000     
          16          16   0.0000000000000000     
          17          16   0.0000000000000000     
          18          16   0.0000000000000000     
          19          16   0.0000000000000000     
          20          16   0.0000000000000000     
          21          16   0.0000000000000000     
          22          16   0.0000000000000000     
          23          16   0.0000000000000000     
          24          16   0.0000000000000000     
          25          16   0.0000000000000000     
          26          16   0.0000000000000000     
          27          16   0.0000000000000000     
          28          16   0.0000000000000000     
          29          16   0.0000000000000000     
          30          16   0.0000000000000000     
          31          16   0.0000000000000000     
          32          16   0.0000000000000000     
          33          16   0.0000000000000000     
          34          16   0.0000000000000000     
          35          16   0.0000000000000000     
          36          16   0.0000000000000000     
          37          16   0.0000000000000000     
          38          16   0.0000000000000000     
          39          16   0.0000000000000000     
          40          16   0.0000000000000000     
          41          16   0.0000000000000000     
          42          16   0.0000000000000000     
          43          16   0.0000000000000000     
          44          16   0.0000000000000000     
          45          16   0.0000000000000000     
          46          16   0.0000000000000000     
          47          16   0.0000000000000000     
          48          16   0.0000000000000000     
          49          16   0.0000000000000000     
           1          17   0.0000000000000000     
           2          17   0.0000000000000000     
           3          17   0.0000000000000000     
           4          17   0.0000000000000000     
           5          17   0.0000000000000000     
           6          17   0.0000000000000000     
           7          17   0.0000000000000000     
           8          17   0.0000000000000000     
           9          17   0.0000000000000000     
          10          17   0.0000000000000000     
          11          17   0.0000000000000000     
          12          17   0.0000000000000000     
          13          17   0.0000000000000000     
          14          17   0.0000000000000000     
          15          17   0.0000000000000000     
          16          17   0.0000000000000000     
          17          17   0.0000000000000000     
          18          17   0.0000000000000000     
          19          17   0.0000000000000000     
          20          17   0.0000000000000000     
          21          17   0.0000000000000000     
          22          17   0.0000000000000000     
          23          17   0.0000000000000000     
          24          17   0.0000000000000000     
          25          17   0.0000000000000000     
          26          17   0.0000000000000000     
          27          17   0.0000000000000000     
          28          17   0.0000000000000000     
          29          17   0.0000000000000000     
          30          17   0.0000000000000000     
          31          17   0.0000000000000000     
          32          17   0.0000000000000000     
          33          17   0.0000000000000000     
          34          17   0.0000000000000000     
          35          17   0.0000000000000000     
          36          17   0.0000000000000000     
          37          17   0.0000000000000000     
          38          17   0.0000000000000000     
          39          17   0.0000000000000000     
          40          17   0.0000000000000000     
          41          17   0.0000000000000000     
          42          17   0.0000000000000000     
          43          17   0.0000000000000000     
          44          17   0.0000000000000000     
          45          17   0.0000000000000000     
          46          17   0.0000000000000000     
          47          17   0.0000000000000000     
          48          17   0.0000000000000000     
          49          17   0.0000000000000000     
           1          18   0.0000000000000000     
           2          18   0.0000000000000000     
           3          18   0.0000000000000000     
           4          18   0.0000000000000000     
           5          18   0.0000000000000000     
           6          18   0.0000000000000000     
           7          18   0.0000000000000000     
           8          18   0.0000000000000000     
           9          18   0.0000000000000000     
          10          18   0.0000000000000000     
          11          18   0.0000000000000000     
          12          18   0.0000000000000000     
          13          18   0.0000000000000000     
          14          18   0.0000000000000000     
          15          18   0.0000000000000000     
          16          18   0.0000000000000000     
          17          18   0.0000000000000000     
          18          18   0.0000000000000000     
          19          18   0.0000000000000000     
          20          18   0.0000000000000000     
          21          18   0.0000000000000000     
          22          18   0.0000000000000000     
          23          18   0.0000000000000000     
          24          18   0.0000000000000000     
          25          18   0.0000000000000000     
          26          18   0.0000000000000000     
          27          18   0.0000000000000000     
          28          18   0.0000000000000000     
          29          18   0.0000000000000000     
          30          18   0.0000000000000000     
          31          18   0.0000000000000000     
          32          18   0.0000000000000000     
          33          18   0.0000000000000000     
          34          18   0.0000000000000000     
          35          18   0.0000000000000000     
          36          18   0.0000000000000000     
          37          18   0.0000000000000000     
          38          18   0.0000000000000000     
          39          18   0.0000000000000000     
          40          18   0.0000000000000000     
          41          18   0.0000000000000000     
          42          18   0.0000000000000000     
          43          18   0.0000000000000000     
          44          18   0.0000000000000000     
          45          18   0.0000000000000000     
          46          18   0.0000000000000000     
          47          18   0.0000000000000000     
          48          18   0.0000000000000000     
          49          18   0.0000000000000000     
           1          19   0.0000000000000000     
           2          19   0.0000000000000000     
           3          19   0.0000000000000000     
           4          19   0.0000000000000000     
           5          19   0.0000000000000000     
           6          19   0.0000000000000000     
           7          19   0.0000000000000000     
           8          19   0.0000000000000000     
           9          19   0.0000000000000000     
          10          19   0.0000000000000000     
          11          19   0.0000000000000000     
          12          19   0.0000000000000000     
          13          19   0.0000000000000000     
          14          19   0.0000000000000000     
          15          19   0.0000000000000000     
          16          19   0.0000000000000000     
          17          19   0.0000000000000000     
          18          19   0.0000000000000000     
          19          19   0.0000000000000000     
          20          19   0.0000000000000000     
          21          19   0.0000000000000000     
          22          19   0.0000000000000000     
          23          19   0.0000000000000000     
          24          19   0.0000000000000000     
          25          19   0.0000000000000000     
          26          19   0.0000000000000000     
          27          19   0.0000000000000000     
          28          19   0.0000000000000000     
          29          19   0.0000000000000000     
          30          19   0.0000000000000000     
          31          19   0.0000000000000000     
          32          19   0.0000000000000000     
          33          19   0.0000000000000000     
          34          19   0.0000000000000000     
          35          19   0.0000000000000000     
          36          19   0.0000000000000000     
          37          19   0.0000000000000000     
          38          19   0.0000000000000000     
          39          19   0.0000000000000000     
          40          19   0.0000000000000000     
          41          19   0.0000000000000000     
          42          19   0.0000000000000000     
          43          19   0.0000000000000000     
          44          19   0.0000000000000000     
          45          19   0.0000000000000000     
          46          19   0.0000000000000000     
          47          19   0.0000000000000000     
          48          19   0.0000000000000000     
          49          19   0.0000000000000000     
           1          20   0.0000000000000000     
           2          20   0.0000000000000000     
           3          20   0.0000000000000000     
           4          20   0.0000000000000000     
           5          20   0.0000000000000000     
           6          20   0.0000000000000000     
           7          20   0.0000000000000000     
           8          20   0.0000000000000000     
           9          20   0.0000000000000000     
          10          20   0.0000000000000000     
          11          20   0.0000000000000000     
          12          20   0.0000000000000000     
          13          20   0.0000000000000000     
          14          20   0.0000000000000000     
          15          20   0.0000000000000000     
          16          20   0.0000000000000000     
          17          20   0.0000000000000000     
          18          20   0.0000000000000000     
          19          20   0.0000000000000000     
          20          20   0.0000000000000000     
          21          20   0.0000000000000000     
          22          20   0.0000000000000000     
          23          20   0.0000000000000000     
          24          20   0.0000000000000000     
          25          20   0.0000000000000000     
          26          20   0.0000000000000000     
          27          20   0.0000000000000000     
          28          20   0.0000000000000000     
          29          20   0.0000000000000000     
          30          20   0.0000000000000000     
          31          20   0.0000000000000000     
          32          20   0.0000000000000000     
          33          20   0.0000000000000000     
          34          20   0.0000000000000000     
          35          20   0.0000000000000000     
          36          20   0.0000000000000000     
          37          20   0.0000000000000000     
          38          20   0.0000000000000000     
          39          20   0.0000000000000000     
          40          20   0.0000000000000000     
          41          20   0.0000000000000000     
          42          20   0.0000000000000000     
          43          20   0.0000000000000000     
          44          20   0.0000000000000000     
          45          20   0.0000000000000000     
          46          20   0.0000000000000000     
          47          20   0.0000000000000000     
          48          20   0.0000000000000000     
          49          20   0.0000000000000000     
           1          21   0.0000000000000000     
           2          21   0.0000000000000000     
           3          21   0.0000000000000000     
           4          21   0.0000000000000000     
           5          21   0.0000000000000000     
           6          21   0.0000000000000000     
           7          21   0.0000000000000000     
           8          21   0.0000000000000000     
           9          21   0.0000000000000000     
          10          21   0.0000000000000000     
          11          21   0.0000000000000000     
          12          21   0.0000000000000000     
          13          21   0.0000000000000000     
          14          21   0.0000000000000000     
          15          21   0.0000000000000000     
          16          21   0.0000000000000000     
          17          21   0.0000000000000000     
          18          21   0.0000000000000000     
          19          21   0.0000000000000000     
          20          21   0.0000000000000000     
          21          21   0.0000000000000000     
          22          21   0.0000000000000000     
          23          21   0.0000000000000000     
          24          21   0.0000000000000000     
          25          21   0.0000000000000000     
          26          21   0.0000000000000000     
          27          21   0.0000000000000000     
          28          21   0.0000000000000000     
          29          21   0.0000000000000000     
          30          21   0.0000000000000000     
          31          21   0.0000000000000000     
          32          21   0.0000000000000000     
          33          21   0.0000000000000000     
          34          21   0.0000000000000000     
          35          21   0.0000000000000000     
          36          21   0.0000000000000000     
          37          21   0.0000000000000000     
          38          21   0.0000000000000000     
          39          21   0.0000000000000000     
          40          21   0.0000000000000000     
          41          21   0.0000000000000000     
          42          21   0.0000000000000000     
          43          21   0.0000000000000000     
          44          21   0.0000000000000000     
          45          21   0.0000000000000000     
          46          21   0.0000000000000000     
          47          21   0.0000000000000000     
          48          21   0.0000000000000000     
          49          21   0.0000000000000000     
