           0           0   0.0000000000000000        0.0000000000000000     
           5           0   0.0000000000000000        0.0000000000000000     
          10           0   0.0000000000000000        0.0000000000000000     
          15           0   0.0000000000000000        0.0000000000000000     
          20           0   0.0000000000000000        0.0000000000000000     
          25           0   0.0000000000000000        0.0000000000000000     
          30           0   0.0000000000000000        0.0000000000000000     
          35           0   0.0000000000000000        0.0000000000000000     
          40           0   0.0000000000000000        0.0000000000000000     
          45           0   0.0000000000000000        0.0000000000000000     
          50           0   0.0000000000000000        0.0000000000000000     
          55           0   0.0000000000000000        0.0000000000000000     
          60           0   0.0000000000000000        0.0000000000000000     
          65           0   0.0000000000000000        0.0000000000000000     
          70           0   0.0000000000000000        0.0000000000000000     
          75           0   0.0000000000000000        0.0000000000000000     
          80           0   0.0000000000000000        0.0000000000000000     
          85           0   0.0000000000000000        0.0000000000000000     
          90           0   0.0000000000000000        0.0000000000000000     
          95           0   0.0000000000000000        0.0000000000000000     
           0           1 -0.48754764821454677       -1.2819668709914549     
           5           1   0.0000000000000000        0.0000000000000000     
          10           1   0.0000000000000000        0.0000000000000000     
          15           1  -2.1298869556471423      -0.51323829495427897     
          20           1   0.0000000000000000        0.0000000000000000     
          25           1   0.0000000000000000        0.0000000000000000     
          30           1   0.0000000000000000        0.0000000000000000     
          35           1  -2.4642181284983966       -1.4119881634616984     
          40           1   0.0000000000000000        0.0000000000000000     
          45           1   0.0000000000000000        0.0000000000000000     
          50           1  -1.5156851777708980       -1.0680585343220832     
          55           1   0.0000000000000000        0.0000000000000000     
          60           1   0.0000000000000000        0.0000000000000000     
          65           1 -0.48788574253055828      -0.71187337262024197     
          70           1   0.0000000000000000        0.0000000000000000     
          75           1   0.0000000000000000        0.0000000000000000     
          80           1   0.0000000000000000        0.0000000000000000     
          85           1  -7.4576747507859587        1.0767932888819733     
          90           1   0.0000000000000000        0.0000000000000000     
          95           1   0.0000000000000000        0.0000000000000000     
           0           2  -3.2583005701167882      -0.69156367902084570     
           5           2  -4.3914109100123140      -0.63949499810554700     
          10           2   0.0000000000000000        0.0000000000000000     
          15           2  -2.9805972828417238       -1.8748208549861090     
          20           2  9.03686805536763060E-002  0.64522497272373469     
          25           2   0.0000000000000000        0.0000000000000000     
          30           2  -3.9462499894582503      -0.60304994565038572     
          35           2  -1.1828273621883323       0.72992661310191520     
          40           2   0.0000000000000000        0.0000000000000000     
          45           2  -2.2944487527909452       -2.6760212092849511     
          50           2  -3.4948250203159503       0.48391793396315719     
          55           2  -1.5267027154486357       -1.9985901319957005     
          60           2   0.0000000000000000        0.0000000000000000     
          65           2   0.0000000000000000        0.0000000000000000     
          70           2  -3.7217502410125114       0.52102123051928073     
          75           2   0.0000000000000000        0.0000000000000000     
          80           2  -2.7666203035292547        1.3725992455032587     
          85           2   0.0000000000000000        0.0000000000000000     
          90           2  -4.4976659707751665      -0.56726940393804492     
          95           2   0.0000000000000000        0.0000000000000000     
           0           3  -3.1418313650748844      -0.32521622262797478     
           5           3   0.0000000000000000        0.0000000000000000     
          10           3  -2.1835813313982042        1.9337752011487630     
          15           3  -3.7732214689356613       3.31716130084341865E-002
          20           3   0.0000000000000000        0.0000000000000000     
          25           3  -2.6162421098463451       0.80273494896553055     
          30           3  -3.4909002658012334      -0.56013573915436599     
          35           3  -1.1267438845363742        1.4712537085530968     
          40           3   0.0000000000000000        0.0000000000000000     
          45           3  -6.6854469699245689       -3.8554426121410397     
          50           3   0.0000000000000000        0.0000000000000000     
          55           3  -4.0950974732023582      -0.49072018713812449     
          60           3  -4.3810482226991354        1.0112638433672909     
          65           3  -3.6142546912332207       0.91872342486427894     
          70           3  -2.1332013813291084       0.69589119260450583     
          75           3  -1.8276428463837036      -0.48487103072376858     
          80           3   0.0000000000000000        0.0000000000000000     
          85           3  -6.7527587598403827       -1.0750737194631377     
          90           3  -2.9218775223349702      -0.62429005154067407     
          95           3  -5.7422542253282582      -0.44199105515820014     
           0           4  -7.0874337778013476       0.18258728500163135     
           5           4  -4.5685232506664093       -1.1332427841388020     
          10           4  -4.9407422699994372      -0.22934471907050391     
          15           4   0.0000000000000000        0.0000000000000000     
          20           4  -4.0492940645558972       0.67168483061715023     
          25           4  -6.0044326826846905       -1.2460961470390357     
          30           4   0.0000000000000000        0.0000000000000000     
          35           4   0.0000000000000000        0.0000000000000000     
          40           4   0.0000000000000000        0.0000000000000000     
          45           4   0.0000000000000000        0.0000000000000000     
          50           4  -5.2381621166097680      -0.40610202375536419     
          55           4  -5.3304837329837262       3.32938915929142931E-002
          60           4   0.0000000000000000        0.0000000000000000     
          65           4   0.0000000000000000        0.0000000000000000     
          70           4   0.0000000000000000        0.0000000000000000     
          75           4   0.0000000000000000        0.0000000000000000     
          80           4   0.0000000000000000        0.0000000000000000     
          85           4  -3.7136090298273139      -0.62693887541855065     
          90           4   0.0000000000000000        0.0000000000000000     
          95           4  -4.0591215464558239      -0.75651453385415512     
           0           5   0.0000000000000000        0.0000000000000000     
           5           5   0.0000000000000000        0.0000000000000000     
          10           5  -5.2397737738128773      -2.97377663736886344E-003
          15           5   0.0000000000000000        0.0000000000000000     
          20           5   0.0000000000000000        0.0000000000000000     
          25           5  -6.4376418756240117      -0.84206360567586069     
          30           5  -4.9899250279872298      -0.93344133279112118     
          35           5   0.0000000000000000        0.0000000000000000     
          40           5   0.0000000000000000        0.0000000000000000     
          45           5  -3.7511229875164531        1.7794652807020388     
          50           5  -6.5094607393634263      -0.34274094722321069     
          55           5   0.0000000000000000        0.0000000000000000     
          60           5  -6.0180509663010362       0.59428944532403938     
          65           5   0.0000000000000000        0.0000000000000000     
          70           5   0.0000000000000000        0.0000000000000000     
          75           5  -4.8745144107931182       9.76719925866592620E-002
          80           5   0.0000000000000000        0.0000000000000000     
          85           5   0.0000000000000000        0.0000000000000000     
          90           5   0.0000000000000000        0.0000000000000000     
          95           5  -5.0475803567873179        2.1220679433327923     
           0           6  -7.8629587833156478       -1.2885786060646414     
           5           6   0.0000000000000000        0.0000000000000000     
          10           6   0.0000000000000000        0.0000000000000000     
          15           6  -7.2982824544742808       0.35205223648721029     
          20           6   0.0000000000000000        0.0000000000000000     
          25           6  -6.1816896343580563      -0.49920332847203097     
          30           6  -6.6786001992968913       0.21239707359260729     
          35           6   0.0000000000000000        0.0000000000000000     
          40           6  -4.7194873967981721       0.65877589122416425     
          45           6  -5.9248568235592547       6.86109541556123581E-002
          50           6  -6.4024749651547808        1.5680817360416710     
          55           6  -6.4746020282480110        2.0078473921306821     
          60           6   0.0000000000000000        0.0000000000000000     
          65           6  -6.8769677822499986       0.99981865055248642     
          70           6   0.0000000000000000        0.0000000000000000     
          75           6   0.0000000000000000        0.0000000000000000     
          80           6  -7.7483438374414959      -0.94261290614988669     
          85           6  -4.3930252363177935      -0.33193166407291530     
          90           6  -5.2680255964521194       0.82746246276063640     
          95           6   0.0000000000000000        0.0000000000000000     
           0           7  -7.9751104516610596      -0.63540842924314500     
           5           7   0.0000000000000000        0.0000000000000000     
          10           7  -7.7113601349702847       0.12264141037360288     
          15           7  -7.3453042850757377        1.0118351118693081     
          20           7   0.0000000000000000        0.0000000000000000     
          25           7   0.0000000000000000        0.0000000000000000     
          30           7   0.0000000000000000        0.0000000000000000     
          35           7   0.0000000000000000        0.0000000000000000     
          40           7  -7.9770556862157616      -0.94167310199899656     
          45           7   0.0000000000000000        0.0000000000000000     
          50           7  -7.1118961406790859       2.05976346459579851E-002
          55           7   0.0000000000000000        0.0000000000000000     
          60           7   0.0000000000000000        0.0000000000000000     
          65           7  -7.2162621301807839       -1.0085556482469782     
          70           7  -6.5850887873430963       -1.4871989709228095     
          75           7  -11.275370577457089      -0.31351182842254133     
          80           7   0.0000000000000000        0.0000000000000000     
          85           7  -6.2121889679311870        1.6276552271307643     
          90           7   0.0000000000000000        0.0000000000000000     
          95           7  -7.1439919338489588      -0.69598665875858501     
           0           8   0.0000000000000000        0.0000000000000000     
           5           8   0.0000000000000000        0.0000000000000000     
          10           8  -7.2177744912861606      -0.80896181668510536     
          15           8  -7.2764601605607160       0.28577375198013399     
          20           8  -6.0310964021642599        1.4552270942971846     
          25           8   0.0000000000000000        0.0000000000000000     
          30           8  -7.2392701759105282        1.1763078660981252     
          35           8  -5.8762155854075182      -0.27921519393500627     
          40           8  -8.0067486131107923      -0.71859764328274789     
          45           8   0.0000000000000000        0.0000000000000000     
          50           8   0.0000000000000000        0.0000000000000000     
          55           8  -13.950667450934873      -0.50799578801191680     
          60           8   0.0000000000000000        0.0000000000000000     
          65           8   0.0000000000000000        0.0000000000000000     
          70           8   0.0000000000000000        0.0000000000000000     
          75           8   0.0000000000000000        0.0000000000000000     
          80           8   0.0000000000000000        0.0000000000000000     
          85           8  -6.4887225471887966       5.02855070708130292E-002
          90           8  -7.6486726531888038       -1.0179271045415716     
          95           8  -3.7508692530963117       0.29277164764501817     
           0           9  -8.5749149327639902      -0.27601344219307933     
           5           9  -7.0359382466961966       0.12295970598874550     
          10           9  -8.1021194281598312       0.51154948605885986     
          15           9   0.0000000000000000        0.0000000000000000     
          20           9  -7.8184391522029273      -1.55352104416750514E-002
          25           9  -8.1397736611910076      -0.21042162751006011     
          30           9  -6.8291091498429157      -0.17584493105821108     
          35           9  -8.5316897247267320      -0.37255327330981691     
          40           9  -8.1837065699619238       0.76948067689291966     
          45           9  -9.1731234031799946       0.68261664648711085     
          50           9  -8.8194522580220536      -0.91044694486730471     
          55           9  -9.3952313218848005      -8.42382183835477250E-002
          60           9   0.0000000000000000        0.0000000000000000     
          65           9  -8.2830863798877274      -0.80807800180715539     
          70           9  -7.5799041475432816      -0.21826549169406961     
          75           9  -6.7251058786688134        1.3966679028606932     
          80           9   0.0000000000000000        0.0000000000000000     
          85           9  -15.888495328830743      -0.26046971516147099     
          90           9  -8.7403976616440282       -1.0393713723194642     
          95           9   0.0000000000000000        0.0000000000000000     
           0          10   0.0000000000000000        0.0000000000000000     
           5          10   0.0000000000000000        0.0000000000000000     
          10          10  -8.3783183578896292      -0.77668116960777356     
          15          10  -8.5616073345551325      -0.11379108640630076     
          20          10  -8.5074731653200786      -0.39665386148662884     
          25          10   0.0000000000000000        0.0000000000000000     
          30          10   0.0000000000000000        0.0000000000000000     
          35          10  -8.5897623563480074      -0.32706313431440925     
          40          10  -8.8505314951858871      -0.56954681655257966     
          45          10  -9.1812778767774716        1.0006288455047252     
          50          10  -8.9898621956141511      -0.52777790314234574     
          55          10   0.0000000000000000        0.0000000000000000     
          60          10  -8.8378524904952904      -0.97184577093345492     
          65          10  -8.8879781763906429      -0.36117158899146018     
          70          10  -8.0776477250332768      -0.27131387242668170     
          75          10  -7.6587247157733351       0.76456029154681193     
          80          10   0.0000000000000000        0.0000000000000000     
          85          10  -9.4924902829762736      -0.50387092319387206     
          90          10   0.0000000000000000        0.0000000000000000     
          95          10  -8.1083284097838160       0.57907038219964790     
           0          11  -8.9663601638667068       0.63480909230390070     
           5          11  -7.9885936828692072       0.41241526582164179     
          10          11  -16.988825604892511      -0.20476016333703662     
          15          11  -8.6249994826920187      -0.22221736628025290     
          20          11  -8.2769636948037952      -0.27002343184534539     
          25          11   0.0000000000000000        0.0000000000000000     
          30          11  -8.6094158315463964      -0.13171369557196666     
          35          11   0.0000000000000000        0.0000000000000000     
          40          11  -9.1500566246660586      -0.61722070467229440     
          45          11  -8.8386724027655905      -3.38492967413839274E-002
          50          11   0.0000000000000000        0.0000000000000000     
          55          11  -9.2359017228504925      -0.43668874692953663     
          60          11  -9.3295792795666799      -6.01557891546922185E-002
          65          11   0.0000000000000000        0.0000000000000000     
          70          11  -8.1300106579540454      -6.24827206252565048E-003
          75          11  -18.596038163949391      -0.55574080600168108     
          80          11  -8.8028669268336301       0.38482530989647490     
          85          11   0.0000000000000000        0.0000000000000000     
          90          11  -16.837880455351506      -0.51299725897319126     
          95          11  -9.2223072728669919      -0.21507869859022088     
           0          12   0.0000000000000000        0.0000000000000000     
           5          12   0.0000000000000000        0.0000000000000000     
          10          12   0.0000000000000000        0.0000000000000000     
          15          12  -9.1706213779602077       0.47147316196261002     
          20          12   0.0000000000000000        0.0000000000000000     
          25          12  -7.8361530606163576       2.40967072362430201E-002
          30          12  -8.7946561467022732       0.16921443220768717     
          35          12   0.0000000000000000        0.0000000000000000     
          40          12  -8.3987031501042697      -0.25487644215532734     
          45          12  -9.5027421040838611      -0.51094662929990209     
          50          12  -8.4115074066826168       4.36802040007511216E-002
          55          12  -8.6881025166696269      -0.55282991934052506     
          60          12  -10.225259713578794      -0.57167123242968243     
          65          12  -17.379267968735679      -0.75228104797875339     
          70          12   0.0000000000000000        0.0000000000000000     
          75          12  -8.8842891716822692       0.54251413232037082     
          80          12   0.0000000000000000        0.0000000000000000     
          85          12  -8.1110962740260639       0.68705310136668585     
          90          12   0.0000000000000000        0.0000000000000000     
          95          12   0.0000000000000000        0.0000000000000000     
           0          13  -18.333520928450461       0.37576083308066277     
           5          13  -8.0872496296092304       0.87162283687075570     
          10          13  -8.7651551239287251       0.45599680941560417     
          15          13   0.0000000000000000        0.0000000000000000     
          20          13   0.0000000000000000        0.0000000000000000     
          25          13  -9.3684541136829225       0.23725421023162996     
          30          13  -8.3959393158183904       0.44691895052489938     
          35          13  -10.059141120946080       0.45327458281035904     
          40          13  -9.3082711415726216      -0.48604170969551719     
          45          13   0.0000000000000000        0.0000000000000000     
          50          13  -8.9169117867593517      -0.28992733936666903     
          55          13   0.0000000000000000        0.0000000000000000     
          60          13  -9.2942047812805129      -0.23171900695145853     
          65          13  -9.3864026532486378      -0.81877075061048687     
          70          13  -9.5322040604073344      -0.26144768428243426     
          75          13   0.0000000000000000        0.0000000000000000     
          80          13   0.0000000000000000        0.0000000000000000     
          85          13  -8.7732696975528768       0.14678994309597071     
          90          13  -8.8518849359653373       0.39260253836742587     
          95          13  -9.2294310843143990       0.47981879304020980     
           0          14   0.0000000000000000        0.0000000000000000     
           5          14  -8.8049320901528034       -1.0988061477609778     
          10          14  -9.5981060937663774       0.22974711322371055     
          15          14   0.0000000000000000        0.0000000000000000     
          20          14  -9.6038334520359694       0.68581235226711224     
          25          14  -9.0894314781209129       0.32407210602630743     
          30          14  -9.2570402058544943       4.46184464233945199E-002
          35          14  -9.6256341579470384       0.16214503799044655     
          40          14  -8.9867591917169865      -5.30430077452792581E-002
          45          14  -9.1962387795319067       0.11952158391143053     
          50          14   0.0000000000000000        0.0000000000000000     
          55          14   0.0000000000000000        0.0000000000000000     
          60          14   0.0000000000000000        0.0000000000000000     
          65          14  -8.3711566703192908      -0.20100980237885979     
          70          14   0.0000000000000000        0.0000000000000000     
          75          14  -9.7043190414125569       7.14017403849465104E-002
          80          14   0.0000000000000000        0.0000000000000000     
          85          14  -9.3028155944541169       0.20844802536751361     
          90          14   0.0000000000000000        0.0000000000000000     
          95          14  -9.7542591230204145       0.44581704412599565     
           0          15  -8.6507067730369087      -0.23749909711684447     
           5          15  -9.6809227317214823      -0.27604759921501243     
          10          15   0.0000000000000000        0.0000000000000000     
          15          15   0.0000000000000000        0.0000000000000000     
          20          15   0.0000000000000000        0.0000000000000000     
          25          15   0.0000000000000000        0.0000000000000000     
          30          15   0.0000000000000000        0.0000000000000000     
          35          15   0.0000000000000000        0.0000000000000000     
          40          15   0.0000000000000000        0.0000000000000000     
          45          15   0.0000000000000000        0.0000000000000000     
          50          15   0.0000000000000000        0.0000000000000000     
          55          15   0.0000000000000000        0.0000000000000000     
          60          15   0.0000000000000000        0.0000000000000000     
          65          15   0.0000000000000000        0.0000000000000000     
          70          15   0.0000000000000000        0.0000000000000000     
          75          15   0.0000000000000000        0.0000000000000000     
          80          15   0.0000000000000000        0.0000000000000000     
          85          15   0.0000000000000000        0.0000000000000000     
          90          15   0.0000000000000000        0.0000000000000000     
          95          15   0.0000000000000000        0.0000000000000000     
           0          16   0.0000000000000000        0.0000000000000000     
           5          16  -8.1194132275484030      -0.35263390487344504     
          10          16   0.0000000000000000        0.0000000000000000     
          15          16   0.0000000000000000        0.0000000000000000     
          20          16   0.0000000000000000        0.0000000000000000     
          25          16  -9.3469718791783230      -0.22064476677324807     
          30          16  -9.6645523409011336      -0.55591893131784476     
          35          16  -9.1915491147054329       0.44328393682707690     
          40          16   0.0000000000000000        0.0000000000000000     
          45          16   0.0000000000000000        0.0000000000000000     
          50          16   0.0000000000000000        0.0000000000000000     
          55          16   0.0000000000000000        0.0000000000000000     
          60          16   0.0000000000000000        0.0000000000000000     
          65          16  -8.3635034490425753      -0.79208316224627096     
          70          16   0.0000000000000000        0.0000000000000000     
          75          16   0.0000000000000000        0.0000000000000000     
          80          16   0.0000000000000000        0.0000000000000000     
          85          16   0.0000000000000000        0.0000000000000000     
          90          16   0.0000000000000000        0.0000000000000000     
          95          16  -9.2329899396603743       0.24996106397306983     
