           0           0   0.0000000000000000        0.0000000000000000     
           5           0   0.0000000000000000        0.0000000000000000     
          10           0   0.0000000000000000        0.0000000000000000     
          15           0   0.0000000000000000        0.0000000000000000     
          20           0   0.0000000000000000        0.0000000000000000     
          25           0   0.0000000000000000        0.0000000000000000     
          30           0   0.0000000000000000        0.0000000000000000     
          35           0   0.0000000000000000        0.0000000000000000     
          40           0   0.0000000000000000        0.0000000000000000     
          45           0   0.0000000000000000        0.0000000000000000     
          50           0   0.0000000000000000        0.0000000000000000     
          55           0   0.0000000000000000        0.0000000000000000     
          60           0   0.0000000000000000        0.0000000000000000     
          65           0   0.0000000000000000        0.0000000000000000     
          70           0   0.0000000000000000        0.0000000000000000     
          75           0   0.0000000000000000        0.0000000000000000     
          80           0   0.0000000000000000        0.0000000000000000     
          85           0   0.0000000000000000        0.0000000000000000     
          90           0   0.0000000000000000        0.0000000000000000     
          95           0   0.0000000000000000        0.0000000000000000     
           0           1   0.0000000000000000        0.0000000000000000     
           5           1 -2.98660346200602111E-002   1.0049691938981975     
          10           1   0.0000000000000000        0.0000000000000000     
          15           1   0.0000000000000000        0.0000000000000000     
          20           1   0.0000000000000000        0.0000000000000000     
          25           1   0.0000000000000000        0.0000000000000000     
          30           1   0.0000000000000000        0.0000000000000000     
          35           1   0.0000000000000000        0.0000000000000000     
          40           1   0.0000000000000000        0.0000000000000000     
          45           1   1.2787655729917802        1.9111337973189320     
          50           1   0.0000000000000000        0.0000000000000000     
          55           1  -3.6859969496494394      -0.19936513046624194     
          60           1   0.0000000000000000        0.0000000000000000     
          65           1  -2.6166801860916244       -1.4762937282940258     
          70           1   0.0000000000000000        0.0000000000000000     
          75           1   0.0000000000000000        0.0000000000000000     
          80           1   0.0000000000000000        0.0000000000000000     
          85           1   0.0000000000000000        0.0000000000000000     
          90           1   0.0000000000000000        0.0000000000000000     
          95           1   0.0000000000000000        0.0000000000000000     
           0           2   0.0000000000000000        0.0000000000000000     
           5           2   0.0000000000000000        0.0000000000000000     
          10           2   0.0000000000000000        0.0000000000000000     
          15           2   0.0000000000000000        0.0000000000000000     
          20           2   0.0000000000000000        0.0000000000000000     
          25           2   0.0000000000000000        0.0000000000000000     
          30           2   0.0000000000000000        0.0000000000000000     
          35           2   0.0000000000000000        0.0000000000000000     
          40           2   0.0000000000000000        0.0000000000000000     
          45           2  -5.1426242478730400       0.55525983684676095     
          50           2   0.0000000000000000        0.0000000000000000     
          55           2  -4.9819807940587602      -0.70818355051786852     
          60           2 -0.95497142125200440       -1.7055144262665549     
          65           2   0.0000000000000000        0.0000000000000000     
          70           2  -4.2493182343394942       0.45836614462321790     
          75           2   0.0000000000000000        0.0000000000000000     
          80           2   0.0000000000000000        0.0000000000000000     
          85           2   0.0000000000000000        0.0000000000000000     
          90           2   0.0000000000000000        0.0000000000000000     
          95           2  -3.1543798345490259      -0.58161402226621084     
           0           3   0.0000000000000000        0.0000000000000000     
           5           3   0.0000000000000000        0.0000000000000000     
          10           3  -4.1476284350740187       8.89157112676092209E-002
          15           3  -5.9674484969257646      -0.45148732080606269     
          20           3   0.0000000000000000        0.0000000000000000     
          25           3   0.0000000000000000        0.0000000000000000     
          30           3  -7.8931098445478298        1.4459345455803545     
          35           3  -10.781454588951744       -2.5882259709384887     
          40           3  -3.3000907036773164        1.0284914174322339     
          45           3  -3.0384339587358200        1.5010705528243489     
          50           3  0.25603374030458426      -0.24902849003721750     
          55           3  -6.0913816539265309       -1.8743025599472078     
          60           3   0.0000000000000000        0.0000000000000000     
          65           3   0.0000000000000000        0.0000000000000000     
          70           3  -4.4002664250752943        2.8915095875265555     
          75           3  -4.8271991577863993       -1.5588197754615867     
          80           3  -2.5966484268269419      -6.65852397942895413E-002
          85           3  -1.4900143891471984        2.0908684286308903     
          90           3   0.0000000000000000        0.0000000000000000     
          95           3   0.0000000000000000        0.0000000000000000     
           0           4  -4.3463484017069138        2.5462391018973154     
           5           4   0.0000000000000000        0.0000000000000000     
          10           4   0.0000000000000000        0.0000000000000000     
          15           4   0.0000000000000000        0.0000000000000000     
          20           4   0.0000000000000000        0.0000000000000000     
          25           4   0.0000000000000000        0.0000000000000000     
          30           4  -3.3856197377923891      -0.79751937439191678     
          35           4   0.0000000000000000        0.0000000000000000     
          40           4   0.0000000000000000        0.0000000000000000     
          45           4  -9.4026625684789913       -2.8649181915525039     
          50           4  -9.9912965114090646       0.77189082512120477     
          55           4  -8.5312651359692460       -2.2937344495826268     
          60           4  -7.5262703550171839        1.6891433781999337     
          65           4   0.0000000000000000        0.0000000000000000     
          70           4   0.0000000000000000        0.0000000000000000     
          75           4  -5.6795941228893199       0.62309875585843388     
          80           4  -5.7761110347787081       -1.5135420902379764     
          85           4   0.0000000000000000        0.0000000000000000     
          90           4  -4.8015644734000773       -1.0148189623140207     
          95           4   0.0000000000000000        0.0000000000000000     
           0           5   0.0000000000000000        0.0000000000000000     
           5           5  -6.7994664302232355      -0.20671879603244292     
          10           5   0.0000000000000000        0.0000000000000000     
          15           5  -7.2680490243232088        1.0657769989897563     
          20           5  -6.7879115413305158       0.15375938136143186     
          25           5   0.0000000000000000        0.0000000000000000     
          30           5   0.0000000000000000        0.0000000000000000     
          35           5  -8.3064783040820434       0.31332046599115426     
          40           5   0.0000000000000000        0.0000000000000000     
          45           5   0.0000000000000000        0.0000000000000000     
          50           5   0.0000000000000000        0.0000000000000000     
          55           5   0.0000000000000000        0.0000000000000000     
          60           5   0.0000000000000000        0.0000000000000000     
          65           5   0.0000000000000000        0.0000000000000000     
          70           5   0.0000000000000000        0.0000000000000000     
          75           5   0.0000000000000000        0.0000000000000000     
          80           5  -4.3940701212963340       -1.2610875259162073     
          85           5   0.0000000000000000        0.0000000000000000     
          90           5   0.0000000000000000        0.0000000000000000     
          95           5   0.0000000000000000        0.0000000000000000     
           0           6   0.0000000000000000        0.0000000000000000     
           5           6   0.0000000000000000        0.0000000000000000     
          10           6   0.0000000000000000        0.0000000000000000     
          15           6   0.0000000000000000        0.0000000000000000     
          20           6  -8.1252681268237374       -1.5487887932182087     
          25           6   0.0000000000000000        0.0000000000000000     
          30           6   0.0000000000000000        0.0000000000000000     
          35           6  -9.7733973150887490       -2.6335811360916894     
          40           6   0.0000000000000000        0.0000000000000000     
          45           6   0.0000000000000000        0.0000000000000000     
          50           6   0.0000000000000000        0.0000000000000000     
          55           6  -7.9908783218263224       0.78939233010083543     
          60           6   0.0000000000000000        0.0000000000000000     
          65           6  -7.2961939256677155      -0.18395610792580619     
          70           6  -4.7560663612178367        1.4835523151437990     
          75           6   0.0000000000000000        0.0000000000000000     
          80           6  -4.5891158063282589       0.80128375649635153     
          85           6   0.0000000000000000        0.0000000000000000     
          90           6  -7.2644420400713727       -1.1113493125120000     
          95           6   0.0000000000000000        0.0000000000000000     
           0           7   0.0000000000000000        0.0000000000000000     
           5           7   0.0000000000000000        0.0000000000000000     
          10           7  -9.7395457333708517      -0.21522798868495174     
          15           7   0.0000000000000000        0.0000000000000000     
          20           7  -6.6793845684748332      -0.70676121899981847     
          25           7   0.0000000000000000        0.0000000000000000     
          30           7  -9.4955499891558048       -1.6565186357508921     
          35           7  -19.544965896273190       -2.7546234492076271     
          40           7   0.0000000000000000        0.0000000000000000     
          45           7  -8.2828994393580047       -2.3348635919692717     
          50           7  -8.7232783415280846       0.56526191458308728     
          55           7   0.0000000000000000        0.0000000000000000     
          60           7   0.0000000000000000        0.0000000000000000     
          65           7  -6.6218116618044220       0.80598678522253442     
          70           7   0.0000000000000000        0.0000000000000000     
          75           7  -7.6190684785570895      -0.99822882581812600     
          80           7  -7.2118664991926984      -0.72943260683799860     
          85           7  -5.2414887059470949      -0.69549716936456729     
          90           7   0.0000000000000000        0.0000000000000000     
          95           7   0.0000000000000000        0.0000000000000000     
           0           8   0.0000000000000000        0.0000000000000000     
           5           8  -7.3246944413920403      -0.37427020339125816     
          10           8  -9.4155594358528987      -6.20343819818236497E-002
          15           8  -7.6448214880198151        1.1012918179553743     
          20           8   0.0000000000000000        0.0000000000000000     
          25           8  -12.283714925139799       -2.2067889410798402     
          30           8   0.0000000000000000        0.0000000000000000     
          35           8   0.0000000000000000        0.0000000000000000     
          40           8  -11.034303786301436      -0.84707817602253099     
          45           8  -7.8578757024816426       0.22779429763392089     
          50           8  -9.9810625128171626      -0.48160019169019019     
          55           8  -10.249709116334493      -6.83441852344923717E-002
          60           8   0.0000000000000000        0.0000000000000000     
          65           8   0.0000000000000000        0.0000000000000000     
          70           8   0.0000000000000000        0.0000000000000000     
          75           8  -8.1026179088650174       0.60018110078080555     
          80           8  -7.3190232067532612      -0.72993624578104876     
          85           8  -8.8766421059682799        1.7589225570291411     
          90           8  -6.0590412497596446       9.64538809739012848E-002
          95           8  -9.6496935728285216      -0.66079580045563802     
           0           9   0.0000000000000000        0.0000000000000000     
           5           9   0.0000000000000000        0.0000000000000000     
          10           9  -8.3859863762549001       0.26489375153510020     
          15           9  -8.4243449509180390       -1.5583558155010668     
          20           9   0.0000000000000000        0.0000000000000000     
          25           9   0.0000000000000000        0.0000000000000000     
          30           9  -10.459435214232871      -0.38638592924744586     
          35           9  -10.946906689474067      -0.97543565664381937     
          40           9   0.0000000000000000        0.0000000000000000     
          45           9  -10.694526005745608        3.8009649578227278     
          50           9  -10.761780610859528      -0.43708227123628873     
          55           9  -9.7949558473242604        1.4609616745991927     
          60           9   0.0000000000000000        0.0000000000000000     
          65           9  -8.6043315335471160      -2.72695841484205115E-002
          70           9  -8.8497600484993555       0.61774218384186286     
          75           9  -8.7199793777492651       0.29368893300990573     
          80           9   0.0000000000000000        0.0000000000000000     
          85           9  -9.6851095772798601       3.72307903961921483E-002
          90           9  -7.8265664447751959       0.83121766748156523     
          95           9   0.0000000000000000        0.0000000000000000     
           0          10  -9.5232901918823085        1.3537983617337157     
           5          10   0.0000000000000000        0.0000000000000000     
          10          10   0.0000000000000000        0.0000000000000000     
          15          10   0.0000000000000000        0.0000000000000000     
          20          10   0.0000000000000000        0.0000000000000000     
          25          10  -9.9295907137708639      -0.43865797152126129     
          30          10   0.0000000000000000        0.0000000000000000     
          35          10   0.0000000000000000        0.0000000000000000     
          40          10  -11.641124850731988      -0.55604837708500554     
          45          10  -10.950122065022105       0.76898576575307187     
          50          10  -10.634624628449441       0.60182401143221709     
          55          10  -9.3501019768549298       0.42477639525612121     
          60          10  -9.8246433977355885        1.2556844840352910     
          65          10  -11.012071317346717       -1.5004687324879362     
          70          10  -7.7711075864717039        2.8168058922900530     
          75          10   0.0000000000000000        0.0000000000000000     
          80          10   0.0000000000000000        0.0000000000000000     
          85          10  -10.610640040287223       -1.4256940168951016     
          90          10  -9.9991038324254156       -1.4704548611244039     
          95          10  -10.525162540113708       0.77097723226116077     
           0          11   0.0000000000000000        0.0000000000000000     
           5          11   0.0000000000000000        0.0000000000000000     
          10          11  -8.4675423921783111       0.70736741986876517     
          15          11   0.0000000000000000        0.0000000000000000     
          20          11   0.0000000000000000        0.0000000000000000     
          25          11  -11.065304112829466      -0.82793355874105634     
          30          11  -11.746069316452834      -0.19137766096577469     
          35          11  -11.870862085577860       -1.3036444143266213     
          40          11  -11.639681742661168      -0.90282756014276044     
          45          11   0.0000000000000000        0.0000000000000000     
          50          11   0.0000000000000000        0.0000000000000000     
          55          11  -11.113473179511502       0.96880723127468205     
          60          11  -11.021025935080697      -0.29814273573930405     
          65          11  -11.102065097743363       0.16985157571092202     
          70          11  -11.623374292937250      -0.37868496816306774     
          75          11  -9.1678427876296098        2.4401920256086895     
          80          11   0.0000000000000000        0.0000000000000000     
          85          11  -9.2652909755341906      -7.93727455732085030E-002
          90          11   0.0000000000000000        0.0000000000000000     
          95          11   0.0000000000000000        0.0000000000000000     
           0          12  -9.3836485568313766      -0.35372640919212328     
           5          12  -8.3799215608217761       0.91101398742993167     
          10          12  -9.7741985507275579      -0.21085184942509771     
          15          12  -11.324056716002783       0.49133651000815570     
          20          12  -10.813524343876168      -0.22050603478429576     
          25          12  -11.318108840181473      -0.34887871025762740     
          30          12  -11.800247324954549      -0.54404215107106690     
          35          12  -12.741691939762712      -0.70063283975685398     
          40          12   0.0000000000000000        0.0000000000000000     
          45          12  -11.720637213532559       0.37801340258269978     
          50          12  -12.225325200285742       0.40322851324714470     
          55          12  -10.977658364537124      -0.14421885583287830     
          60          12   0.0000000000000000        0.0000000000000000     
          65          12  -11.368677267116212       0.19829511622188045     
          70          12  -11.508105670476887       0.12545697613858264     
          75          12  -11.349503705493369      -0.51216699076900296     
          80          12   0.0000000000000000        0.0000000000000000     
          85          12   0.0000000000000000        0.0000000000000000     
          90          12  -10.445874346927120      -0.16094546459705095     
          95          12  -10.962413135653382       -1.7105734466885125     
           0          13   0.0000000000000000        0.0000000000000000     
           5          13   0.0000000000000000        0.0000000000000000     
          10          13   0.0000000000000000        0.0000000000000000     
          15          13  -9.7657375725440634       0.76784604035456949     
          20          13  -10.294353279790558       0.34869982080937278     
          25          13  -10.385268126701375       -1.4081813160124468     
          30          13  -11.999480489740533      -0.63884159050536793     
          35          13   0.0000000000000000        0.0000000000000000     
          40          13  -12.371341812633663      -0.79759542312457521     
          45          13  -12.674281229669848      -1.66252294495072839E-002
          50          13   0.0000000000000000        0.0000000000000000     
          55          13  -11.593007576855552       0.27826681012393939     
          60          13   0.0000000000000000        0.0000000000000000     
          65          13   0.0000000000000000        0.0000000000000000     
          70          13  -11.141726318839584      -0.26241548478272980     
          75          13  -12.322290985702367       0.23534862879454055     
          80          13  -10.962120155026955      -0.15411089240829901     
          85          13  -11.087187252141195      -0.32943206822261262     
          90          13   0.0000000000000000        0.0000000000000000     
          95          13   0.0000000000000000        0.0000000000000000     
           0          14   0.0000000000000000        0.0000000000000000     
           5          14  -9.4799279940010326      -0.43213453566864901     
          10          14  -11.536784567317131       0.60473985781378525     
          15          14  -10.193596334668875       -1.3199776520214646     
          20          14  -12.378153780676637      -0.26342832406350825     
          25          14  -12.734852026545784      -0.68240170560091018     
          30          14   0.0000000000000000        0.0000000000000000     
          35          14  -12.876054226466094      -0.43473128310184128     
          40          14  -24.660282568789160      -0.41807742584776264     
          45          14  -12.244856385745795      -0.15249445443316079     
          50          14  -12.437940704654871        1.1355931476089709     
          55          14  -12.895855788603861      -0.24155608880221946     
          60          14   0.0000000000000000        0.0000000000000000     
          65          14   0.0000000000000000        0.0000000000000000     
          70          14  -12.398051610578165       4.31425090705039871E-002
          75          14   0.0000000000000000        0.0000000000000000     
          80          14   0.0000000000000000        0.0000000000000000     
          85          14  -10.439645757556182       0.29575860032687862     
          90          14  -10.506774810479236       0.64546889532696161     
          95          14  -19.659595356253945        1.0602277919519176     
           0          15   0.0000000000000000        0.0000000000000000     
           5          15  -9.2617510619964065       0.13762379698717409     
          10          15  -8.7969765159880140       8.17455539905975748E-002
          15          15  -11.312503373160920       0.48239626322804652     
          20          15  -11.137670340704009        1.1446253291383379     
          25          15   0.0000000000000000        0.0000000000000000     
          30          15  -24.861759954386553      -0.47103271576087735     
          35          15  -24.070310749412791       -1.2414586056186394     
          40          15  -12.690743499728097      -0.22323291827136549     
          45          15  -25.149825195970863      -0.59761873863362069     
          50          15  -13.275684472187077      -0.15828102810394595     
          55          15  -11.790272834938387       0.17004606185810900     
          60          15  -12.119257175109421      -0.16598709089404862     
          65          15  -12.767548623464631      -0.58588843887791286     
          70          15   0.0000000000000000        0.0000000000000000     
          75          15  -11.642194609438050       0.38705231413888042     
          80          15  -11.961387883312469      -0.44966744283420068     
          85          15   0.0000000000000000        0.0000000000000000     
          90          15   0.0000000000000000        0.0000000000000000     
          95          15   0.0000000000000000        0.0000000000000000     
           0          16   0.0000000000000000        0.0000000000000000     
           5          16  -11.775841220703700        1.9174654620282561     
          10          16   0.0000000000000000        0.0000000000000000     
          15          16   0.0000000000000000        0.0000000000000000     
          20          16  -13.008672542506039      -6.96873487335269992E-002
          25          16   0.0000000000000000        0.0000000000000000     
          30          16  -12.220102056754722      -0.21914972072267780     
          35          16  -12.998285651296682      -0.55032624076717385     
          40          16  -12.413746516719559      -0.29763507443020254     
          45          16  -12.592810155466760      -0.52664225017567956     
          50          16   0.0000000000000000        0.0000000000000000     
          55          16   0.0000000000000000        0.0000000000000000     
          60          16   0.0000000000000000        0.0000000000000000     
          65          16  -12.962180197848561       0.28624312999686596     
          70          16  -12.447462094125061       0.11485644305614384     
          75          16   0.0000000000000000        0.0000000000000000     
          80          16   0.0000000000000000        0.0000000000000000     
          85          16   0.0000000000000000        0.0000000000000000     
          90          16   0.0000000000000000        0.0000000000000000     
          95          16  -12.021440712173259      -0.24743333336268991     
           0          17   0.0000000000000000        0.0000000000000000     
           5          17   0.0000000000000000        0.0000000000000000     
          10          17   0.0000000000000000        0.0000000000000000     
          15          17   0.0000000000000000        0.0000000000000000     
          20          17  -11.577993083585202       -1.0764100542839938     
          25          17  -12.713111061629645      -0.48388856949549419     
          30          17  -12.169310303147274       3.19037204279948305E-002
          35          17  -12.106673536300683      -0.98375998738436943     
          40          17  -12.776792207027654      -0.35996777801111657     
          45          17  -13.078175188176999       0.15952256802037601     
          50          17  -13.458909760761806       0.39399931021172341     
          55          17  -13.276908011008448       0.56486962726226553     
          60          17  -25.421287345803734        1.5783742819613922     
          65          17  -12.897973163392695       3.75217608955535908E-003
          70          17  -12.668495746228636      -0.45365966109961464     
          75          17   0.0000000000000000        0.0000000000000000     
          80          17  -12.862818822432232      -0.54749142004012485     
          85          17  -12.025782977913568       0.10098248722140157     
          90          17   0.0000000000000000        0.0000000000000000     
          95          17  -10.292938622114001       0.24104341672354090     
           0          18  -11.059574388902881       0.60288729063856517     
           5          18   0.0000000000000000        0.0000000000000000     
          10          18   0.0000000000000000        0.0000000000000000     
          15          18   0.0000000000000000        0.0000000000000000     
          20          18   0.0000000000000000        0.0000000000000000     
          25          18  -12.439417532814634       0.40161480877265454     
          30          18   0.0000000000000000        0.0000000000000000     
          35          18  -12.378378510965460      -0.40352915304880943     
          40          18  -12.562370961372027      -0.26802558488275841     
          45          18   0.0000000000000000        0.0000000000000000     
          50          18   0.0000000000000000        0.0000000000000000     
          55          18   0.0000000000000000        0.0000000000000000     
          60          18   0.0000000000000000        0.0000000000000000     
          65          18   0.0000000000000000        0.0000000000000000     
          70          18   0.0000000000000000        0.0000000000000000     
          75          18  -12.866261979389559       0.29861536547298728     
          80          18   0.0000000000000000        0.0000000000000000     
          85          18   0.0000000000000000        0.0000000000000000     
          90          18   0.0000000000000000        0.0000000000000000     
          95          18   0.0000000000000000        0.0000000000000000     
           0          19  -10.489358127339845       0.39890263469816167     
           5          19  -11.491660460751993      -3.09218036723124534E-002
          10          19   0.0000000000000000        0.0000000000000000     
          15          19   0.0000000000000000        0.0000000000000000     
          20          19  -12.098342843686050       0.65341450537409473     
          25          19  -10.114051129925805       0.29020390893169656     
          30          19  -12.673159509000165      -0.20295071180370661     
          35          19  -12.070197911024927       7.43636464070607239E-002
          40          19  -13.005198015645369      -0.25865985358336507     
          45          19   0.0000000000000000        0.0000000000000000     
          50          19   0.0000000000000000        0.0000000000000000     
          55          19  -13.384377732192920      -0.17140861430980925     
          60          19  -13.586134269256700      -0.27462420399110288     
          65          19  -13.120139371745054      -0.73298608003175003     
          70          19   0.0000000000000000        0.0000000000000000     
          75          19   0.0000000000000000        0.0000000000000000     
          80          19   0.0000000000000000        0.0000000000000000     
          85          19   0.0000000000000000        0.0000000000000000     
          90          19  -12.921422536291693       0.42127095008587245     
          95          19   0.0000000000000000        0.0000000000000000     
           0          20   0.0000000000000000        0.0000000000000000     
           5          20  -11.479545629552515        1.1670978702063572     
          10          20   0.0000000000000000        0.0000000000000000     
          15          20   0.0000000000000000        0.0000000000000000     
          20          20   0.0000000000000000        0.0000000000000000     
          25          20   0.0000000000000000        0.0000000000000000     
          30          20  -11.562310726844771      -0.53830760777501263     
          35          20  -10.809916203137204       -1.3679681935982457     
          40          20  -11.905594290773092      -0.60957752208906646     
          45          20   0.0000000000000000        0.0000000000000000     
          50          20   0.0000000000000000        0.0000000000000000     
          55          20   0.0000000000000000        0.0000000000000000     
          60          20   0.0000000000000000        0.0000000000000000     
          65          20  -12.854292741626416      -0.36324563917305985     
          70          20   0.0000000000000000        0.0000000000000000     
          75          20   0.0000000000000000        0.0000000000000000     
          80          20   0.0000000000000000        0.0000000000000000     
          85          20   0.0000000000000000        0.0000000000000000     
          90          20   0.0000000000000000        0.0000000000000000     
          95          20  -12.767502422323940      -0.49030305170089106     
           0          21   0.0000000000000000        0.0000000000000000     
           5          21   0.0000000000000000        0.0000000000000000     
          10          21   0.0000000000000000        0.0000000000000000     
          15          21   0.0000000000000000        0.0000000000000000     
          20          21   0.0000000000000000        0.0000000000000000     
          25          21   0.0000000000000000        0.0000000000000000     
          30          21   0.0000000000000000        0.0000000000000000     
          35          21  -10.697586603395370      -0.38292642723397607     
          40          21  -12.219355984279812       0.14528717789757950     
          45          21   0.0000000000000000        0.0000000000000000     
          50          21   0.0000000000000000        0.0000000000000000     
          55          21   0.0000000000000000        0.0000000000000000     
          60          21   0.0000000000000000        0.0000000000000000     
          65          21   0.0000000000000000        0.0000000000000000     
          70          21  -13.801318352513192       0.16212994939118763     
          75          21   0.0000000000000000        0.0000000000000000     
          80          21   0.0000000000000000        0.0000000000000000     
          85          21   0.0000000000000000        0.0000000000000000     
          90          21   0.0000000000000000        0.0000000000000000     
          95          21   0.0000000000000000        0.0000000000000000     
