           1           1   0.0000000000000000     
           2           1   0.0000000000000000     
           3           1   0.0000000000000000     
           4           1   0.0000000000000000     
           5           1   0.0000000000000000     
           6           1   0.0000000000000000     
           7           1   0.0000000000000000     
           8           1   0.0000000000000000     
           9           1   0.0000000000000000     
          10           1   0.0000000000000000     
          11           1   0.0000000000000000     
          12           1   0.0000000000000000     
          13           1   0.0000000000000000     
          14           1   0.0000000000000000     
          15           1   0.0000000000000000     
          16           1   0.0000000000000000     
          17           1   0.0000000000000000     
          18           1   0.0000000000000000     
          19           1   0.0000000000000000     
          20           1   0.0000000000000000     
          21           1   0.0000000000000000     
          22           1   0.0000000000000000     
          23           1   0.0000000000000000     
          24           1   0.0000000000000000     
          25           1   0.0000000000000000     
          26           1   0.0000000000000000     
          27           1   0.0000000000000000     
          28           1   0.0000000000000000     
          29           1   0.0000000000000000     
          30           1   0.0000000000000000     
          31           1   0.0000000000000000     
          32           1   0.0000000000000000     
          33           1   0.0000000000000000     
          34           1   0.0000000000000000     
          35           1   0.0000000000000000     
          36           1   0.0000000000000000     
          37           1   0.0000000000000000     
          38           1   0.0000000000000000     
          39           1   0.0000000000000000     
          40           1   0.0000000000000000     
          41           1   0.0000000000000000     
          42           1   0.0000000000000000     
          43           1   0.0000000000000000     
          44           1   0.0000000000000000     
          45           1   0.0000000000000000     
          46           1   0.0000000000000000     
          47           1   0.0000000000000000     
          48           1   0.0000000000000000     
          49           1   0.0000000000000000     
           1           2   0.0000000000000000     
           2           2   0.0000000000000000     
           3           2   0.0000000000000000     
           4           2   0.0000000000000000     
           5           2   0.0000000000000000     
           6           2   0.0000000000000000     
           7           2   0.0000000000000000     
           8           2   0.0000000000000000     
           9           2   0.0000000000000000     
          10           2   0.0000000000000000     
          11           2   0.0000000000000000     
          12           2   0.0000000000000000     
          13           2   0.0000000000000000     
          14           2   0.0000000000000000     
          15           2   0.0000000000000000     
          16           2   0.0000000000000000     
          17           2   0.0000000000000000     
          18           2   0.0000000000000000     
          19           2   0.0000000000000000     
          20           2   0.0000000000000000     
          21           2   0.0000000000000000     
          22           2   0.0000000000000000     
          23           2   0.0000000000000000     
          24           2   0.0000000000000000     
          25           2   0.0000000000000000     
          26           2   0.0000000000000000     
          27           2   0.0000000000000000     
          28           2   0.0000000000000000     
          29           2   0.0000000000000000     
          30           2   0.0000000000000000     
          31           2   0.0000000000000000     
          32           2   0.0000000000000000     
          33           2   0.0000000000000000     
          34           2   0.0000000000000000     
          35           2   0.0000000000000000     
          36           2   0.0000000000000000     
          37           2   0.0000000000000000     
          38           2   0.0000000000000000     
          39           2   0.0000000000000000     
          40           2   0.0000000000000000     
          41           2   0.0000000000000000     
          42           2   0.0000000000000000     
          43           2   0.0000000000000000     
          44           2   0.0000000000000000     
          45           2   0.0000000000000000     
          46           2   0.0000000000000000     
          47           2   0.0000000000000000     
          48           2   0.0000000000000000     
          49           2   0.0000000000000000     
           1           3   0.0000000000000000     
           2           3   0.0000000000000000     
           3           3  0.59663512547487374     
           4           3  0.61528780590072196     
           5           3  0.64335241391254805     
           6           3  0.64216803417629653     
           7           3  0.61576931650727729     
           8           3  0.61147460865438485     
           9           3  0.63922111914997459     
          10           3  0.62007252762366294     
          11           3  0.61991608060874481     
          12           3  0.65201691681930651     
          13           3  0.64641481004683243     
          14           3  0.64562000575738188     
          15           3  0.63472086342643042     
          16           3  0.66392137717631527     
          17           3  0.62871079098020211     
          18           3  0.63092382926672541     
          19           3  0.57693735382141664     
          20           3  0.61207313585939516     
          21           3  0.61417896806704941     
          22           3  0.63548695082241602     
          23           3  0.61784959996679933     
          24           3  0.64755612086389869     
          25           3  0.63796173265734335     
          26           3  0.63331345610774104     
          27           3  0.63208515488461514     
          28           3  0.65941072656806399     
          29           3  0.63047413943376507     
          30           3  0.63176788304551934     
          31           3  0.62701708887437857     
          32           3  0.63543424709132090     
          33           3  0.62635246828369040     
          34           3  0.62382365642986537     
          35           3  0.63228984988808823     
          36           3  0.64208954250833083     
          37           3  0.58970340630611040     
          38           3  0.61943808814765000     
          39           3  0.64616131894847095     
          40           3  0.61932664992539932     
          41           3  0.61676557409662325     
          42           3  0.66690110355829058     
          43           3  0.64144052966605991     
          44           3  0.67004167004690851     
          45           3  0.66802216242989998     
          46           3  0.64911029585747237     
          47           3   0.0000000000000000     
          48           3   0.0000000000000000     
          49           3   0.0000000000000000     
           1           4   0.0000000000000000     
           2           4   0.0000000000000000     
           3           4  0.57527410130449208     
           4           4  0.59026130388075670     
           5           4  0.61716230981877396     
           6           4  0.62066515717370008     
           7           4  0.59309778006028013     
           8           4  0.61474293008067404     
           9           4  0.61703847926056754     
          10           4  0.59909345723685226     
          11           4  0.64536489705101374     
          12           4  0.62486714418574008     
          13           4  0.64189278462878330     
          14           4  0.64310549144991236     
          15           4  0.63044883213296199     
          16           4  0.65522943899499175     
          17           4  0.60087306715849398     
          18           4  0.59969077551695704     
          19           4  0.59735428801763568     
          20           4  0.60725261540005626     
          21           4  0.58527254244652682     
          22           4  0.60809697655835526     
          23           4  0.61536747171689465     
          24           4  0.64547021089201961     
          25           4  0.66348904332614989     
          26           4  0.62909614529951807     
          27           4  0.62455109883452620     
          28           4  0.62598716311841385     
          29           4  0.64813511934603474     
          30           4  0.65284425033262172     
          31           4  0.63481201136335563     
          32           4  0.64020598219229852     
          33           4  0.60536993911486725     
          34           4  0.60616247179221594     
          35           4  0.60583316460991599     
          36           4  0.60704418614689404     
          37           4  0.58417218258476544     
          38           4  0.61809366587728376     
          39           4  0.59539458318368754     
          40           4  0.59975746911993943     
          41           4  0.62668760943408830     
          42           4  0.62574811421922638     
          43           4  0.64439455464537088     
          44           4  0.65123066508453109     
          45           4  0.64870587881400510     
          46           4  0.67327994883498565     
          47           4   0.0000000000000000     
          48           4   0.0000000000000000     
          49           4   0.0000000000000000     
           1           5   0.0000000000000000     
           2           5   0.0000000000000000     
           3           5  0.58039944582439562     
           4           5  0.56750502070506237     
           5           5  0.62255988493658243     
           6           5  0.62641478456512678     
           7           5  0.60010397489111611     
           8           5  0.62350022216178147     
           9           5  0.60390735957909303     
          10           5  0.63224275322715684     
          11           5  0.59625907882711882     
          12           5  0.62567790107394528     
          13           5  0.61773736251918465     
          14           5  0.63886427917402366     
          15           5  0.65024820747148282     
          16           5  0.63164983310529887     
          17           5  0.60508344051053564     
          18           5  0.60524761470641586     
          19           5  0.63464787500950537     
          20           5  0.61749294020481094     
          21           5  0.61459463668194725     
          22           5  0.63756983381575971     
          23           5  0.63911017608615783     
          24           5  0.64269729136112408     
          25           5  0.63495320015321144     
          26           5  0.65244217126310411     
          27           5  0.62007653323813339     
          28           5  0.62517799249491302     
          29           5  0.62262612637557413     
          30           5  0.62778097654760023     
          31           5  0.64041581545495141     
          32           5  0.64433838876861360     
          33           5  0.63517046145292189     
          34           5  0.60892986527301929     
          35           5  0.60652852174531968     
          36           5  0.60489401151057742     
          37           5  0.60712387633670606     
          38           5  0.66649246995154288     
          39           5  0.61894874721991033     
          40           5  0.62516683461270661     
          41           5  0.62281546598623139     
          42           5  0.62270991055705527     
          43           5  0.61921855218828170     
          44           5  0.65049101624229522     
          45           5  0.65054342937688336     
          46           5  0.65308287635559159     
          47           5   0.0000000000000000     
          48           5   0.0000000000000000     
          49           5   0.0000000000000000     
           1           6   0.0000000000000000     
           2           6   0.0000000000000000     
           3           6  0.57290554317055287     
           4           6  0.58194480326948661     
           5           6  0.58716476857168387     
           6           6  0.62052931986449023     
           7           6  0.59571998280676497     
           8           6  0.62006550827578921     
           9           6  0.65311528697130472     
          10           6  0.60107945057468826     
          11           6  0.59812354062947637     
          12           6  0.62312115425937875     
          13           6  0.61662734698096211     
          14           6  0.63792377686313806     
          15           6  0.62769366607289312     
          16           6  0.65412484177808394     
          17           6  0.62964997110025001     
          18           6  0.62983441962815656     
          19           6  0.63532661766590193     
          20           6  0.64584650012532530     
          21           6  0.64090172029748271     
          22           6  0.64335583440504596     
          23           6  0.64784885019225469     
          24           6  0.67481353473669314     
          25           6  0.64450581886488623     
          26           6  0.63786055571275424     
          27           6  0.63282261485771596     
          28           6  0.63081583612554559     
          29           6  0.62652547140550841     
          30           6  0.62826998078778606     
          31           6  0.64105636192123994     
          32           6  0.67099934140011086     
          33           6  0.61285024012074474     
          34           6  0.61243623071643993     
          35           6  0.63458014345052538     
          36           6  0.60605505055394293     
          37           6  0.60633341266394225     
          38           6  0.63704205656784429     
          39           6  0.61911685846785725     
          40           6  0.65496867536895687     
          41           6  0.62840978395563352     
          42           6  0.62829574798982535     
          43           6  0.62938468468850250     
          44           6  0.65850043551581883     
          45           6  0.63162624812603008     
          46           6  0.63685988856348363     
          47           6   0.0000000000000000     
          48           6   0.0000000000000000     
          49           6   0.0000000000000000     
           1           7   0.0000000000000000     
           2           7   0.0000000000000000     
           3           7  0.57212519834336673     
           4           7  0.55956840500668592     
           5           7  0.58191888799001945     
           6           7  0.63789520381837361     
           7           7  0.58584535151652450     
           8           7  0.60979779657980393     
           9           7  0.58770047855221541     
          10           7  0.58967386754786000     
          11           7  0.58605004606096089     
          12           7  0.61596277538715005     
          13           7  0.60834149722101094     
          14           7  0.63000205707710755     
          15           7  0.62318368885996800     
          16           7  0.62463759735936486     
          17           7  0.62400510888403116     
          18           7  0.62991343424936430     
          19           7  0.65794733376477343     
          20           7  0.64273301987738374     
          21           7  0.64115819697294607     
          22           7  0.61849888121141094     
          23           7  0.64482907869683936     
          24           7  0.61942561503702254     
          25           7  0.61661698853782998     
          26           7  0.61603475045980494     
          27           7  0.63597689696321158     
          28           7  0.63690217335614630     
          29           7  0.64160026828485350     
          30           7  0.63860734559790888     
          31           7  0.67437940058684209     
          32           7  0.62823465621657726     
          33           7  0.59582246280784612     
          34           7  0.59201220720847059     
          35           7  0.59376246682647971     
          36           7  0.58831572683349942     
          37           7  0.61079691357317956     
          38           7  0.64074177539800026     
          39           7  0.62313717197156238     
          40           7  0.63020519844803846     
          41           7  0.63127032617411261     
          42           7  0.63244820710404326     
          43           7  0.63328050913160649     
          44           7  0.65627590837809013     
          45           7  0.62681916832422546     
          46           7  0.60116799346354788     
          47           7   0.0000000000000000     
          48           7   0.0000000000000000     
          49           7   0.0000000000000000     
           1           8   0.0000000000000000     
           2           8   0.0000000000000000     
           3           8  0.59457832447743553     
           4           8  0.58773557985067215     
           5           8  0.60865552776527310     
           6           8  0.66127051139944248     
           7           8  0.61396564426183786     
           8           8  0.63947116353998379     
           9           8  0.61798887655906620     
          10           8  0.62307016218042144     
          11           8  0.62044943087337923     
          12           8  0.62465508979173856     
          13           8  0.61851554586097213     
          14           8  0.63771268762407207     
          15           8  0.62885257181227494     
          16           8  0.62821495455578980     
          17           8  0.62515460397895739     
          18           8  0.63191459823179419     
          19           8  0.64023383466538852     
          20           8  0.64462837704327003     
          21           8  0.63927897003885148     
          22           8  0.67190433295365537     
          23           8  0.61427636121504914     
          24           8  0.60888534241940795     
          25           8  0.63593888805737386     
          26           8  0.64273434459389678     
          27           8  0.66159255873345668     
          28           8  0.66564446210955430     
          29           8  0.67026349593825962     
          30           8  0.66675770311465488     
          31           8  0.67584917176870341     
          32           8  0.62176669117760208     
          33           8  0.61313893370296668     
          34           8  0.60945482399775452     
          35           8  0.64012899229917530     
          36           8  0.63254052754624313     
          37           8  0.66029287980347340     
          38           8  0.64192575690186915     
          39           8  0.62145339029294000     
          40           8  0.64872063191014329     
          41           8  0.62594294408220996     
          42           8  0.65724829982073363     
          43           8  0.65212202336880376     
          44           8  0.65297525243148347     
          45           8  0.64640942880030983     
          46           8  0.59617773463794388     
          47           8   0.0000000000000000     
          48           8   0.0000000000000000     
          49           8   0.0000000000000000     
           1           9   0.0000000000000000     
           2           9   0.0000000000000000     
           3           9  0.63861325334802443     
           4           9  0.63985075655483858     
           5           9  0.60822559225955763     
           6           9  0.64033788602452280     
           7           9  0.64018493740448712     
           8           9  0.66754426746014495     
           9           9  0.64106136172515693     
          10           9  0.64521105475154394     
          11           9  0.64460811835177600     
          12           9  0.67642995152057683     
          13           9  0.66674986081475252     
          14           9  0.64308516903711421     
          15           9  0.63235039443428032     
          16           9  0.65435770772654134     
          17           9  0.62813633937977797     
          18           9  0.63552274000504083     
          19           9  0.64099959572713017     
          20           9  0.64724306076314275     
          21           9  0.66533968952241795     
          22           9  0.61104094984583734     
          23           9  0.60854932203883727     
          24           9  0.59899199582049689     
          25           9  0.60388115708886714     
          26           9  0.61418562491573414     
          27           9  0.63949477919505349     
          28           9  0.64147400354257711     
          29           9  0.64901347879634874     
          30           9  0.63829290213771861     
          31           9  0.63920005985920580     
          32           9  0.61426618114280529     
          33           9  0.60570145952014642     
          34           9  0.60404339618028158     
          35           9  0.61136692610526355     
          36           9  0.63819023503078165     
          37           9  0.63737299821509008     
          38           9  0.66975644956614566     
          39           9  0.65150243470945945     
          40           9  0.65246154470531859     
          41           9  0.67528704574560494     
          42           9  0.64970520825146350     
          43           9  0.64935988906245545     
          44           9  0.67320688252537519     
          45           9  0.61682738394588066     
          46           9  0.61979977431293265     
          47           9   0.0000000000000000     
          48           9   0.0000000000000000     
          49           9   0.0000000000000000     
           1          10   0.0000000000000000     
           2          10   0.0000000000000000     
           3          10  0.63718682205975374     
           4          10  0.66203182282895523     
           5          10  0.63210602829879314     
           6          10  0.63950371936794481     
           7          10  0.64359859577933953     
           8          10  0.64265940525331267     
           9          10  0.64159060735459439     
          10          10  0.65056967402262855     
          11          10  0.67506846058163406     
          12          10  0.62671107687061722     
          13          10  0.62468928121841338     
          14          10  0.64585708332832870     
          15          10  0.63292276277673920     
          16          10  0.65343968908063632     
          17          10  0.64876440395540724     
          18          10  0.65488561436674630     
          19          10  0.65436345197142098     
          20          10  0.66079256798950337     
          21          10  0.62739804198059435     
          22          10  0.60093457824946983     
          23          10  0.59914206213380594     
          24          10  0.59254077945929828     
          25          10  0.59801624344780668     
          26          10  0.61157026097240408     
          27          10  0.63608896088020506     
          28          10  0.63670018068175527     
          29          10  0.67139875286576678     
          30          10  0.63458926272078897     
          31          10  0.62784572060961452     
          32          10  0.61023911627986527     
          33          10  0.60129953569088901     
          34          10  0.62353119783010957     
          35          10  0.60901732505614636     
          36          10  0.58540437404922396     
          37          10  0.60742276814358220     
          38          10  0.61847018786386065     
          39          10  0.62565980111316810     
          40          10  0.64938253362846288     
          41          10  0.65270846952321337     
          42          10  0.65098059966672117     
          43          10  0.64968321902649995     
          44          10  0.67565201833336008     
          45          10  0.61626079605569517     
          46          10  0.58791588852492838     
          47          10   0.0000000000000000     
          48          10   0.0000000000000000     
          49          10   0.0000000000000000     
           1          11   0.0000000000000000     
           2          11   0.0000000000000000     
           3          11  0.62446923037099644     
           4          11  0.60671219904517271     
           5          11  0.60229085292427753     
           6          11  0.61402092472798264     
           7          11  0.62154248375294896     
           8          11  0.62197047570795683     
           9          11  0.64143745490863724     
          10          11  0.67362582775383362     
          11          11  0.62127475326782988     
          12          11  0.59690279010611802     
          13          11  0.59926367060418262     
          14          11  0.59961051592908099     
          15          11  0.58956896349351751     
          16          11  0.60824218651338335     
          17          11  0.62916699019025157     
          18          11  0.63324917414288484     
          19          11  0.63337028729517242     
          20          11  0.63447406510773841     
          21          11  0.63232195419184467     
          22          11  0.60288891665859079     
          23          11  0.60169202955804146     
          24          11  0.59622365975073777     
          25          11  0.64621020779364702     
          26          11  0.60898855876708902     
          27          11  0.63373721301869013     
          28          11  0.63321192888683342     
          29          11  0.64304616697366934     
          30          11  0.66727352112517102     
          31          11  0.63245020542504438     
          32          11  0.60977005505309978     
          33          11  0.60171188403762899     
          34          11  0.59980684879817425     
          35          11  0.60612056977527484     
          36          11  0.58436043789344549     
          37          11  0.60681201768249926     
          38          11  0.61834676600134464     
          39          11  0.62008997888760231     
          40          11  0.64124464452984375     
          41          11  0.61807831836166205     
          42          11  0.66800914866981620     
          43          11  0.64409293496789577     
          44          11  0.61971819417172347     
          45          11  0.61217084682255585     
          46          11  0.61003845077430552     
          47          11   0.0000000000000000     
          48          11   0.0000000000000000     
          49          11   0.0000000000000000     
           1          12   0.0000000000000000     
           2          12   0.0000000000000000     
           3          12  0.62010329086937965     
           4          12  0.60424327040170223     
           5          12  0.60506855588442232     
           6          12  0.63839333483871830     
           7          12  0.65086839919501471     
           8          12  0.62505093817160184     
           9          12  0.64281725018664326     
          10          12  0.64738918828562153     
          11          12  0.62303191788099932     
          12          12  0.59362551160367105     
          13          12  0.59937968123519603     
          14          12  0.60368043870336174     
          15          12  0.62329096956974273     
          16          12  0.61125402153471553     
          17          12  0.63337176021393948     
          18          12  0.63417481423910915     
          19          12  0.63498424495109773     
          20          12  0.63237002034144074     
          21          12  0.63196074548856629     
          22          12  0.65296552096864013     
          23          12  0.65194357489375887     
          24          12  0.65017052288288868     
          25          12  0.65026552985185404     
          26          12  0.63342393292345955     
          27          12  0.63417646670340033     
          28          12  0.63163630363597223     
          29          12  0.63378239216417653     
          30          12  0.63271019470166912     
          31          12  0.62509111391076932     
          32          12  0.62520487125447821     
          33          12  0.64779920670977398     
          34          12  0.62500015749785287     
          35          12  0.60981582815496904     
          36          12  0.60940310771454154     
          37          12  0.58232029526312423     
          38          12  0.59279821195041460     
          39          12  0.61812298605329274     
          40          12  0.61405164601053264     
          41          12  0.59137600289367465     
          42          12  0.61507626700968454     
          43          12  0.61624505570376098     
          44          12  0.62044570168356994     
          45          12  0.61517968489487340     
          46          12  0.63941136725811498     
          47          12   0.0000000000000000     
          48          12   0.0000000000000000     
          49          12   0.0000000000000000     
           1          13   0.0000000000000000     
           2          13   0.0000000000000000     
           3          13  0.61871477508822670     
           4          13  0.63182335577503379     
           5          13  0.60656227648238037     
           6          13  0.61604529436489253     
           7          13  0.65529271222990226     
           8          13  0.62648090669142331     
           9          13  0.64588263917329991     
          10          13  0.64752871421258995     
          11          13  0.59570051182071004     
          12          13  0.58575252918027565     
          13          13  0.56796594731642558     
          14          13  0.57118194422614921     
          15          13  0.57088957323014866     
          16          13  0.61385942686428174     
          17          13  0.64053769944063998     
          18          13  0.63539588867645258     
          19          13  0.63106008802730351     
          20          13  0.62877420964241348     
          21          13  0.65423386826513141     
          22          13  0.62948468767953014     
          23          13  0.63117345129608560     
          24          13  0.63034221733202167     
          25          13  0.62821699980021939     
          26          13  0.61212737423990882     
          27          13  0.63456920801038463     
          28          13  0.60683701060126249     
          29          13  0.60779715527003930     
          30          13  0.60692521203166183     
          31          13  0.62464461777890734     
          32          13  0.60098579898802651     
          33          13  0.62765698568294981     
          34          13  0.60265445455872857     
          35          13  0.58555849992442310     
          36          13  0.58736176626790781     
          37          13  0.58370741934040304     
          38          13  0.61782857404644143     
          39          13  0.59568754885875808     
          40          13  0.61807789769906862     
          41          13  0.59362616477910468     
          42          13  0.64421225973239848     
          43          13  0.61981146689931743     
          44          13  0.62508926060665537     
          45          13  0.62133633750949635     
          46          13  0.64359025756788579     
          47          13   0.0000000000000000     
          48          13   0.0000000000000000     
          49          13   0.0000000000000000     
           1          14   0.0000000000000000     
           2          14   0.0000000000000000     
           3          14  0.64114709513475021     
           4          14  0.60244598041186570     
           5          14  0.60950971190251779     
           6          14  0.64681332420153137     
           7          14  0.63141673692365230     
           8          14  0.62907102487240307     
           9          14  0.65156265396513902     
          10          14  0.67533952308679723     
          11          14  0.59302560898452350     
          12          14  0.55778003949624533     
          13          14  0.59224522019770831     
          14          14  0.58848357151927411     
          15          14  0.54099455024841048     
          16          14  0.61803122055617821     
          17          14  0.61569730860510530     
          18          14  0.60897942588665477     
          19          14  0.63574013022361608     
          20          14  0.61313801304516191     
          21          14  0.61033093038363562     
          22          14  0.61518726960205927     
          23          14  0.63735668538438417     
          24          14  0.63734359858891254     
          25          14  0.63375644752642890     
          26          14  0.61439184957658455     
          27          14  0.61166097353355187     
          28          14  0.61269783821956969     
          29          14  0.60877753741949547     
          30          14  0.63056944062686082     
          31          14  0.65120513936754287     
          32          14  0.60379734399902263     
          33          14  0.60825339525080890     
          34          14  0.60801235280351340     
          35          14  0.59270612586890015     
          36          14  0.59040326638987717     
          37          14  0.61308579692300980     
          38          14  0.58832303293329702     
          39          14  0.59273818302247161     
          40          14  0.61583501869844970     
          41          14  0.59464146048962885     
          42          14  0.62464939509238493     
          43          14  0.62842115009206412     
          44          14  0.65270607671548808     
          45          14  0.62339139130318233     
          46          14  0.64567486563177234     
          47          14   0.0000000000000000     
          48          14   0.0000000000000000     
          49          14   0.0000000000000000     
           1          15   0.0000000000000000     
           2          15   0.0000000000000000     
           3          15  0.62770818282894214     
           4          15  0.60954035098107395     
           5          15  0.61534401619623469     
           6          15  0.62069415263592331     
           7          15  0.62922589679969176     
           8          15  0.62298718269428199     
           9          15  0.64428616939446670     
          10          15  0.63636883441222702     
          11          15  0.58466145580986439     
          12          15  0.60206036220667825     
          13          15  0.58739121224637203     
          14          15  0.58688902068444859     
          15          15  0.57265967512260230     
          16          15  0.61914052221313642     
          17          15  0.62016428835340154     
          18          15  0.58316004590188864     
          19          15  0.61023242659713006     
          20          15  0.63756481557003553     
          21          15  0.61094037768896103     
          22          15  0.61776016430566794     
          23          15  0.66872249127780481     
          24          15  0.64542656349611682     
          25          15  0.64076955511211464     
          26          15  0.61757537120632622     
          27          15  0.61362982381235898     
          28          15  0.61575876767123683     
          29          15  0.63618627684137874     
          30          15  0.61099701245702498     
          31          15  0.63978220421754295     
          32          15  0.61379246433589263     
          33          15  0.61272989905698960     
          34          15  0.61246342697987777     
          35          15  0.64688303634922828     
          36          15  0.61487368669569364     
          37          15  0.61227656530401708     
          38          15  0.61448342542089418     
          39          15  0.64228065290057046     
          40          15  0.60937544858541837     
          41          15  0.58607241049411229     
          42          15  0.61465230224077816     
          43          15  0.61985600903226445     
          44          15  0.61960246744650438     
          45          15  0.61790771981993986     
          46          15  0.64541439362400521     
          47          15   0.0000000000000000     
          48          15   0.0000000000000000     
          49          15   0.0000000000000000     
           1          16   0.0000000000000000     
           2          16   0.0000000000000000     
           3          16  0.64119057582854766     
           4          16  0.64615294901966958     
           5          16  0.67302654699687692     
           6          16  0.65032432034266496     
           7          16  0.68017006158223825     
           8          16  0.64924996669292911     
           9          16  0.67382222152364024     
          10          16  0.63931522459624435     
          11          16  0.61319917966060755     
          12          16  0.59838326565302880     
          13          16  0.60589642365391849     
          14          16  0.57762543450965154     
          15          16  0.63986768455576692     
          16          16  0.60593012132175939     
          17          16  0.66601965395155271     
          18          16  0.57658238434135900     
          19          16  0.60261672244385867     
          20          16  0.60420868296580488     
          21          16  0.60429230428193803     
          22          16  0.60677891268573358     
          23          16  0.65834880571865062     
          24          16  0.63586330164402172     
          25          16  0.63845682559631134     
          26          16  0.61134115334978223     
          27          16  0.61090658926545549     
          28          16  0.64001381549077507     
          29          16  0.61127369942332732     
          30          16  0.60605566330598515     
          31          16  0.61394467336275993     
          32          16  0.59049926449915258     
          33          16  0.59143644292997044     
          34          16  0.58830985980083572     
          35          16  0.57035910827016334     
          36          16  0.58978871080317674     
          37          16  0.60931811093459987     
          38          16  0.61109560287180620     
          39          16  0.61485830820748977     
          40          16  0.63294797253236690     
          41          16  0.61280216745197336     
          42          16  0.64062483073998733     
          43          16  0.64449705031425797     
          44          16  0.64166673047652167     
          45          16  0.64802856754075844     
          46          16  0.64649639407338921     
          47          16   0.0000000000000000     
          48          16   0.0000000000000000     
          49          16   0.0000000000000000     
           1          17   0.0000000000000000     
           2          17   0.0000000000000000     
           3          17  0.64403740082925165     
           4          17  0.64643677374983999     
           5          17  0.65171864425169790     
           6          17  0.65700110656403587     
           7          17  0.65873816541437369     
           8          17  0.67806573956856042     
           9          17  0.65522871222104784     
          10          17  0.64517240221363936     
          11          17  0.61354787681863399     
          12          17  0.59800297821160342     
          13          17  0.60346065923966508     
          14          17  0.57374319599353130     
          15          17  0.57824751900601989     
          16          17  0.65308822205500028     
          17          17  0.60963912235851003     
          18          17  0.57558487955681459     
          19          17  0.59815008768206124     
          20          17  0.59959261685935994     
          21          17  0.59851874936648031     
          22          17  0.59934785303857108     
          23          17  0.62781841112167747     
          24          17  0.65763857810120407     
          25          17  0.63726515197839340     
          26          17  0.61317213103240109     
          27          17  0.60895279003734626     
          28          17  0.64390491658455007     
          29          17  0.61432878000831315     
          30          17  0.61145773394642000     
          31          17  0.63954174777297212     
          32          17  0.61730247781770287     
          33          17  0.56102512128632220     
          34          17  0.55942088007127699     
          35          17  0.58938945144225263     
          36          17  0.58860537593298545     
          37          17  0.61254959660203911     
          38          17  0.63306950555887176     
          39          17  0.63647919910169692     
          40          17  0.63182887068971039     
          41          17  0.63271706015283447     
          42          17  0.66043232588089829     
          43          17  0.61922017528006623     
          44          17  0.64446763631618864     
          45          17  0.62109095430935191     
          46          17  0.64841384701880611     
          47          17   0.0000000000000000     
          48          17   0.0000000000000000     
          49          17   0.0000000000000000     
           1          18   0.0000000000000000     
           2          18   0.0000000000000000     
           3          18  0.66948983934559947     
           4          18  0.64430581047840529     
           5          18  0.67410377165068369     
           6          18  0.68098732547021956     
           7          18  0.65693584229750468     
           8          18  0.65290527466665127     
           9          18  0.65484539288334398     
          10          18  0.64139265692082947     
          11          18  0.63690355727412962     
          12          18  0.65239149617530767     
          13          18  0.63294529738665839     
          14          18  0.60049368871332331     
          15          18  0.60442110432511409     
          16          18  0.59893328774129662     
          17          18  0.60181422949215713     
          18          18  0.57055225783090691     
          19          18  0.59935115970451103     
          20          18  0.60104766229768480     
          21          18  0.65937095967503367     
          22          18  0.60708754229461148     
          23          18  0.65790372748055070     
          24          18  0.66023026073183078     
          25          18  0.63890754245476644     
          26          18  0.66532608800087034     
          27          18  0.63063649301348090     
          28          18  0.66258932565669881     
          29          18  0.63635929210569775     
          30          18  0.66346737601404548     
          31          18  0.61521257040185695     
          32          18  0.61922897938415888     
          33          18  0.59002436398989022     
          34          18  0.61404563103794285     
          35          18  0.58937664407895762     
          36          18  0.61677802883218891     
          37          18  0.62262223210741252     
          38          18  0.63770246174596923     
          39          18  0.64104434097160834     
          40          18  0.63494400430394704     
          41          18  0.60812467668423842     
          42          18  0.60106843688389622     
          43          18  0.61092945075569760     
          44          18  0.60555058274071694     
          45          18  0.60824315983896726     
          46          18  0.64090318487464681     
          47          18   0.0000000000000000     
          48          18   0.0000000000000000     
          49          18   0.0000000000000000     
           1          19   0.0000000000000000     
           2          19   0.0000000000000000     
           3          19  0.64764020457464933     
           4          19  0.64486124776783604     
           5          19  0.65133023828758563     
           6          19  0.65417374014748952     
           7          19  0.65666881264481103     
           8          19  0.65344615683658913     
           9          19  0.65395815479739494     
          10          19  0.68790619649155749     
          11          19  0.63842142896990883     
          12          19  0.62785799695805400     
          13          19  0.63217389449437800     
          14          19  0.63006172747437073     
          15          19  0.63603205005711716     
          16          19  0.62385433677208391     
          17          19  0.65169915867559713     
          18          19  0.62354688547669579     
          19          19  0.61985745253443214     
          20          19  0.61426870599770955     
          21          19  0.62258753038675374     
          22          19  0.65012881327901828     
          23          19  0.63126144131398410     
          24          19  0.63772335362321209     
          25          19  0.64449142153178807     
          26          19  0.64270287528165027     
          27          19  0.63071349967516044     
          28          19  0.63621573593596503     
          29          19  0.63743667775914281     
          30          19  0.63976040906222154     
          31          19  0.61378544636667531     
          32          19  0.61602264293839704     
          33          19  0.60843895493055378     
          34          19  0.58024557633160501     
          35          19  0.58418055542539149     
          36          19  0.64330096405011916     
          37          19  0.65180461035406800     
          38          19  0.64229225598275175     
          39          19  0.64622955182180808     
          40          19  0.63508820334372118     
          41          19  0.60598794266968814     
          42          19  0.62618836165253700     
          43          19  0.60704936265078957     
          44          19  0.60617951256023295     
          45          19  0.63706681995726056     
          46          19  0.61016848448900596     
          47          19   0.0000000000000000     
          48          19   0.0000000000000000     
          49          19   0.0000000000000000     
           1          20   0.0000000000000000     
           2          20   0.0000000000000000     
           3          20  0.62983589713928656     
           4          20  0.62856457350187456     
           5          20  0.63602253772706208     
           6          20  0.64453895381039261     
           7          20  0.64863873151345997     
           8          20  0.64960702396309433     
           9          20  0.65242064820928258     
          10          20  0.64147553216987918     
          11          20  0.63676383022446437     
          12          20  0.65549373072503592     
          13          20  0.62802177477804200     
          14          20  0.62891386262829496     
          15          20  0.63153229135092381     
          16          20  0.62123414317269476     
          17          20  0.65581957847294237     
          18          20  0.63261388944201347     
          19          20  0.64831117266255367     
          20          20  0.61782847981625255     
          21          20  0.62375605773225296     
          22          20  0.62370001251303775     
          23          20  0.62374451563857236     
          24          20  0.62887026644432220     
          25          20  0.64064774333932850     
          26          20  0.64311920568063830     
          27          20  0.65483794525974315     
          28          20  0.63664337830442730     
          29          20  0.64187741156287415     
          30          20  0.63648690497004823     
          31          20  0.61001893202311019     
          32          20  0.61448097689226278     
          33          20  0.58656384306117382     
          34          20  0.58226289522325070     
          35          20  0.58709773613566052     
          36          20  0.62175415620025498     
          37          20  0.62517969828450648     
          38          20  0.64177440072634651     
          39          20  0.65013867593665509     
          40          20  0.64676214818940514     
          41          20  0.61736606151101825     
          42          20  0.59076720678046990     
          43          20  0.59252570951419337     
          44          20  0.58940954096542097     
          45          20  0.56215192707976902     
          46          20  0.55786328633722804     
          47          20   0.0000000000000000     
          48          20   0.0000000000000000     
          49          20   0.0000000000000000     
           1          21   0.0000000000000000     
           2          21   0.0000000000000000     
           3          21  0.59785704641515391     
           4          21  0.60016424023264392     
           5          21  0.61190748085547997     
           6          21  0.64409882842400057     
           7          21  0.64793563000801135     
           8          21  0.64946488438967886     
           9          21  0.64583951560835384     
          10          21  0.65619189524332944     
          11          21  0.65923755183714372     
          12          21  0.62904501075759889     
          13          21  0.65714144995638490     
          14          21  0.63393486948958044     
          15          21  0.64078518288376374     
          16          21  0.63416438712935763     
          17          21  0.63580974005061375     
          18          21  0.66049938754638604     
          19          21  0.62913595962217495     
          20          21  0.62408519543822194     
          21          21  0.62417581973710567     
          22          21  0.62845725709088973     
          23          21  0.62530474216773868     
          24          21  0.62841896094625527     
          25          21  0.63601698206946566     
          26          21  0.64297714832902697     
          27          21  0.62591544672852484     
          28          21  0.66118293455199295     
          29          21  0.64113134220187684     
          30          21  0.63652403751682030     
          31          21  0.63553755101504372     
          32          21  0.64511024494911773     
          33          21  0.61275596404515087     
          34          21  0.61048391746899366     
          35          21  0.61166124977776115     
          36          21  0.61401794922884878     
          37          21  0.64558246355064819     
          38          21  0.64229937787476254     
          39          21  0.66917774779022010     
          40          21  0.67304149102343347     
          41          21  0.62250101037103733     
          42          21  0.62208884399451025     
          43          21  0.59225759235128772     
          44          21  0.56562552265528099     
          45          21  0.55779995725936027     
          46          21  0.55255363934305446     
          47          21   0.0000000000000000     
          48          21   0.0000000000000000     
          49          21   0.0000000000000000     
           1          22   0.0000000000000000     
           2          22   0.0000000000000000     
           3          22  0.59401129070740466     
           4          22  0.57329900110636500     
           5          22  0.63365148598665233     
           6          22  0.61263238734693271     
           7          22  0.66808343996957453     
           8          22  0.64074793538114871     
           9          22  0.66425545851292589     
          10          22  0.63309665973730689     
          11          22  0.63620697544066862     
          12          22  0.61076223990707768     
          13          22  0.61597988078224564     
          14          22  0.61863686032113752     
          15          22  0.65113350995443120     
          16          22  0.61646109181253650     
          17          22  0.63900450431711653     
          18          22  0.63470331334537000     
          19          22  0.63255629628419008     
          20          22  0.62687903203430251     
          21          22  0.62714075252239887     
          22          22  0.63334214708173653     
          23          22  0.62995598282719001     
          24          22  0.62441979328241715     
          25          22  0.60707081971701782     
          26          22  0.63546109963721120     
          27          22  0.57256778946508169     
          28          22  0.55501604483277289     
          29          22  0.56329724034227069     
          30          22  0.58355530419158830     
          31          22  0.60990566210095387     
          32          22  0.59298594147266936     
          33          22  0.63936500162977916     
          34          22  0.63914298309421536     
          35          22  0.61565145874763139     
          36          22  0.61445483973459081     
          37          22  0.64250398129619746     
          38          22  0.66733944448751403     
          39          22  0.64298690933404345     
          40          22  0.64250952670636197     
          41          22  0.61967345199409285     
          42          22  0.59163572936679032     
          43          22  0.58702133765278741     
          44          22  0.55978204732992509     
          45          22  0.55253379073640718     
          46          22  0.52039802055085826     
          47          22   0.0000000000000000     
          48          22   0.0000000000000000     
          49          22   0.0000000000000000     
           1          23   0.0000000000000000     
           2          23   0.0000000000000000     
           3          23  0.56858365295781044     
           4          23  0.57237853499494418     
           5          23  0.62528211187014526     
           6          23  0.58275309461136038     
           7          23  0.61187344445208125     
           8          23  0.61263208357305565     
           9          23  0.60955359154948063     
          10          23  0.58138060762628463     
          11          23  0.61010315717383512     
          12          23  0.58208458007209241     
          13          23  0.58749920232076913     
          14          23  0.62057961254007787     
          15          23  0.60186857428952067     
          16          23  0.59269379785677390     
          17          23  0.61982788556905655     
          18          23  0.58697130703070388     
          19          23  0.55441759948689939     
          20          23  0.57232770195234184     
          21          23  0.61839216369679617     
          22          23  0.60311847448027978     
          23          23  0.59871764952779660     
          24          23  0.61870452171726620     
          25          23  0.62990700686151169     
          26          23  0.58365761774358771     
          27          23  0.59724266081731303     
          28          23  0.50616741225359441     
          29          23  0.51499442793280081     
          30          23  0.55505423883759097     
          31          23  0.55723465862739419     
          32          23  0.56289353870179870     
          33          23  0.58451528706869538     
          34          23  0.58631162554645089     
          35          23  0.56618640466967562     
          36          23  0.56416923857017465     
          37          23  0.61264569098848642     
          38          23  0.61513237704955537     
          39          23  0.61573371133811394     
          40          23  0.64506211095380472     
          41          23  0.59942756104518224     
          42          23  0.57613817689263724     
          43          23  0.60076837066434041     
          44          23  0.54693097901629040     
          45          23  0.54182907199340458     
          46          23  0.55495921687876981     
          47          23   0.0000000000000000     
          48          23   0.0000000000000000     
          49          23   0.0000000000000000     
           1          24   0.0000000000000000     
           2          24   0.0000000000000000     
           3          24  0.46528591566714289     
           4          24  0.46698525020431192     
           5          24  0.49343282389401899     
           6          24  0.45131854382724523     
           7          24  0.48022880104807997     
           8          24  0.48081697157899106     
           9          24  0.47948194833775826     
          10          24  0.45352119107538008     
          11          24  0.50557824737519541     
          12          24  0.50317046969248747     
          13          24  0.48183730085301030     
          14          24  0.48817894946647977     
          15          24  0.52023004873544942     
          16          24  0.48802390270582491     
          17          24  0.49207420703947924     
          18          24  0.48544226190645740     
          19          24  0.48218487428047835     
          20          24  0.47838164490216034     
          21          24  0.47655235228757176     
          22          24  0.47911133999905298     
          23          24  0.47499570857771672     
          24          24  0.49044080528246153     
          25          24  0.47085755206767826     
          26          24  0.47706586779125276     
          27          24  0.44408597060078736     
          28          24  0.42797028232968626     
          29          24  0.41249616600203803     
          30          24  0.43136500597160515     
          31          24  0.45991635280119458     
          32          24  0.44331178944272548     
          33          24  0.49094885509509884     
          34          24  0.49632251750914652     
          35          24  0.47092928461831551     
          36          24  0.46134668735650480     
          37          24  0.50903189397548310     
          38          24  0.51026214753985721     
          39          24  0.50725559399405273     
          40          24  0.51218691789739157     
          41          24  0.49818890976714514     
          42          24  0.46719688644361529     
          43          24  0.49232154236585868     
          44          24  0.46597049725428835     
          45          24  0.48812926461117062     
          46          24  0.53200851453327691     
          47          24   0.0000000000000000     
          48          24   0.0000000000000000     
          49          24   0.0000000000000000     
           1          25   0.0000000000000000     
           2          25   0.0000000000000000     
           3          25   0.0000000000000000     
           4          25   0.0000000000000000     
           5          25   0.0000000000000000     
           6          25   0.0000000000000000     
           7          25   0.0000000000000000     
           8          25   0.0000000000000000     
           9          25   0.0000000000000000     
          10          25   0.0000000000000000     
          11          25   0.0000000000000000     
          12          25   0.0000000000000000     
          13          25   0.0000000000000000     
          14          25   0.0000000000000000     
          15          25   0.0000000000000000     
          16          25   0.0000000000000000     
          17          25   0.0000000000000000     
          18          25   0.0000000000000000     
          19          25   0.0000000000000000     
          20          25   0.0000000000000000     
          21          25   0.0000000000000000     
          22          25   0.0000000000000000     
          23          25   0.0000000000000000     
          24          25   0.0000000000000000     
          25          25   0.0000000000000000     
          26          25   0.0000000000000000     
          27          25   0.0000000000000000     
          28          25   0.0000000000000000     
          29          25   0.0000000000000000     
          30          25   0.0000000000000000     
          31          25   0.0000000000000000     
          32          25   0.0000000000000000     
          33          25   0.0000000000000000     
          34          25   0.0000000000000000     
          35          25   0.0000000000000000     
          36          25   0.0000000000000000     
          37          25   0.0000000000000000     
          38          25   0.0000000000000000     
          39          25   0.0000000000000000     
          40          25   0.0000000000000000     
          41          25   0.0000000000000000     
          42          25   0.0000000000000000     
          43          25   0.0000000000000000     
          44          25   0.0000000000000000     
          45          25   0.0000000000000000     
          46          25   0.0000000000000000     
          47          25   0.0000000000000000     
          48          25   0.0000000000000000     
          49          25   0.0000000000000000     
           1          26   0.0000000000000000     
           2          26   0.0000000000000000     
           3          26   0.0000000000000000     
           4          26   0.0000000000000000     
           5          26   0.0000000000000000     
           6          26   0.0000000000000000     
           7          26   0.0000000000000000     
           8          26   0.0000000000000000     
           9          26   0.0000000000000000     
          10          26   0.0000000000000000     
          11          26   0.0000000000000000     
          12          26   0.0000000000000000     
          13          26   0.0000000000000000     
          14          26   0.0000000000000000     
          15          26   0.0000000000000000     
          16          26   0.0000000000000000     
          17          26   0.0000000000000000     
          18          26   0.0000000000000000     
          19          26   0.0000000000000000     
          20          26   0.0000000000000000     
          21          26   0.0000000000000000     
          22          26   0.0000000000000000     
          23          26   0.0000000000000000     
          24          26   0.0000000000000000     
          25          26   0.0000000000000000     
          26          26   0.0000000000000000     
          27          26   0.0000000000000000     
          28          26   0.0000000000000000     
          29          26   0.0000000000000000     
          30          26   0.0000000000000000     
          31          26   0.0000000000000000     
          32          26   0.0000000000000000     
          33          26   0.0000000000000000     
          34          26   0.0000000000000000     
          35          26   0.0000000000000000     
          36          26   0.0000000000000000     
          37          26   0.0000000000000000     
          38          26   0.0000000000000000     
          39          26   0.0000000000000000     
          40          26   0.0000000000000000     
          41          26   0.0000000000000000     
          42          26   0.0000000000000000     
          43          26   0.0000000000000000     
          44          26   0.0000000000000000     
          45          26   0.0000000000000000     
          46          26   0.0000000000000000     
          47          26   0.0000000000000000     
          48          26   0.0000000000000000     
          49          26   0.0000000000000000     
           1          27   0.0000000000000000     
           2          27   0.0000000000000000     
           3          27   0.0000000000000000     
           4          27   0.0000000000000000     
           5          27   0.0000000000000000     
           6          27   0.0000000000000000     
           7          27   0.0000000000000000     
           8          27   0.0000000000000000     
           9          27   0.0000000000000000     
          10          27   0.0000000000000000     
          11          27   0.0000000000000000     
          12          27   0.0000000000000000     
          13          27   0.0000000000000000     
          14          27   0.0000000000000000     
          15          27   0.0000000000000000     
          16          27   0.0000000000000000     
          17          27   0.0000000000000000     
          18          27   0.0000000000000000     
          19          27   0.0000000000000000     
          20          27   0.0000000000000000     
          21          27   0.0000000000000000     
          22          27   0.0000000000000000     
          23          27   0.0000000000000000     
          24          27   0.0000000000000000     
          25          27   0.0000000000000000     
          26          27   0.0000000000000000     
          27          27   0.0000000000000000     
          28          27   0.0000000000000000     
          29          27   0.0000000000000000     
          30          27   0.0000000000000000     
          31          27   0.0000000000000000     
          32          27   0.0000000000000000     
          33          27   0.0000000000000000     
          34          27   0.0000000000000000     
          35          27   0.0000000000000000     
          36          27   0.0000000000000000     
          37          27   0.0000000000000000     
          38          27   0.0000000000000000     
          39          27   0.0000000000000000     
          40          27   0.0000000000000000     
          41          27   0.0000000000000000     
          42          27   0.0000000000000000     
          43          27   0.0000000000000000     
          44          27   0.0000000000000000     
          45          27   0.0000000000000000     
          46          27   0.0000000000000000     
          47          27   0.0000000000000000     
          48          27   0.0000000000000000     
          49          27   0.0000000000000000     
           1          28   0.0000000000000000     
           2          28   0.0000000000000000     
           3          28   0.0000000000000000     
           4          28   0.0000000000000000     
           5          28   0.0000000000000000     
           6          28   0.0000000000000000     
           7          28   0.0000000000000000     
           8          28   0.0000000000000000     
           9          28   0.0000000000000000     
          10          28   0.0000000000000000     
          11          28   0.0000000000000000     
          12          28   0.0000000000000000     
          13          28   0.0000000000000000     
          14          28   0.0000000000000000     
          15          28   0.0000000000000000     
          16          28   0.0000000000000000     
          17          28   0.0000000000000000     
          18          28   0.0000000000000000     
          19          28   0.0000000000000000     
          20          28   0.0000000000000000     
          21          28   0.0000000000000000     
          22          28   0.0000000000000000     
          23          28   0.0000000000000000     
          24          28   0.0000000000000000     
          25          28   0.0000000000000000     
          26          28   0.0000000000000000     
          27          28   0.0000000000000000     
          28          28   0.0000000000000000     
          29          28   0.0000000000000000     
          30          28   0.0000000000000000     
          31          28   0.0000000000000000     
          32          28   0.0000000000000000     
          33          28   0.0000000000000000     
          34          28   0.0000000000000000     
          35          28   0.0000000000000000     
          36          28   0.0000000000000000     
          37          28   0.0000000000000000     
          38          28   0.0000000000000000     
          39          28   0.0000000000000000     
          40          28   0.0000000000000000     
          41          28   0.0000000000000000     
          42          28   0.0000000000000000     
          43          28   0.0000000000000000     
          44          28   0.0000000000000000     
          45          28   0.0000000000000000     
          46          28   0.0000000000000000     
          47          28   0.0000000000000000     
          48          28   0.0000000000000000     
          49          28   0.0000000000000000     
           1          29   0.0000000000000000     
           2          29   0.0000000000000000     
           3          29   0.0000000000000000     
           4          29   0.0000000000000000     
           5          29   0.0000000000000000     
           6          29   0.0000000000000000     
           7          29   0.0000000000000000     
           8          29   0.0000000000000000     
           9          29   0.0000000000000000     
          10          29   0.0000000000000000     
          11          29   0.0000000000000000     
          12          29   0.0000000000000000     
          13          29   0.0000000000000000     
          14          29   0.0000000000000000     
          15          29   0.0000000000000000     
          16          29   0.0000000000000000     
          17          29   0.0000000000000000     
          18          29   0.0000000000000000     
          19          29   0.0000000000000000     
          20          29   0.0000000000000000     
          21          29   0.0000000000000000     
          22          29   0.0000000000000000     
          23          29   0.0000000000000000     
          24          29   0.0000000000000000     
          25          29   0.0000000000000000     
          26          29   0.0000000000000000     
          27          29   0.0000000000000000     
          28          29   0.0000000000000000     
          29          29   0.0000000000000000     
          30          29   0.0000000000000000     
          31          29   0.0000000000000000     
          32          29   0.0000000000000000     
          33          29   0.0000000000000000     
          34          29   0.0000000000000000     
          35          29   0.0000000000000000     
          36          29   0.0000000000000000     
          37          29   0.0000000000000000     
          38          29   0.0000000000000000     
          39          29   0.0000000000000000     
          40          29   0.0000000000000000     
          41          29   0.0000000000000000     
          42          29   0.0000000000000000     
          43          29   0.0000000000000000     
          44          29   0.0000000000000000     
          45          29   0.0000000000000000     
          46          29   0.0000000000000000     
          47          29   0.0000000000000000     
          48          29   0.0000000000000000     
          49          29   0.0000000000000000     
           1          30   0.0000000000000000     
           2          30   0.0000000000000000     
           3          30   0.0000000000000000     
           4          30   0.0000000000000000     
           5          30   0.0000000000000000     
           6          30   0.0000000000000000     
           7          30   0.0000000000000000     
           8          30   0.0000000000000000     
           9          30   0.0000000000000000     
          10          30   0.0000000000000000     
          11          30   0.0000000000000000     
          12          30   0.0000000000000000     
          13          30   0.0000000000000000     
          14          30   0.0000000000000000     
          15          30   0.0000000000000000     
          16          30   0.0000000000000000     
          17          30   0.0000000000000000     
          18          30   0.0000000000000000     
          19          30   0.0000000000000000     
          20          30   0.0000000000000000     
          21          30   0.0000000000000000     
          22          30   0.0000000000000000     
          23          30   0.0000000000000000     
          24          30   0.0000000000000000     
          25          30   0.0000000000000000     
          26          30   0.0000000000000000     
          27          30   0.0000000000000000     
          28          30   0.0000000000000000     
          29          30   0.0000000000000000     
          30          30   0.0000000000000000     
          31          30   0.0000000000000000     
          32          30   0.0000000000000000     
          33          30   0.0000000000000000     
          34          30   0.0000000000000000     
          35          30   0.0000000000000000     
          36          30   0.0000000000000000     
          37          30   0.0000000000000000     
          38          30   0.0000000000000000     
          39          30   0.0000000000000000     
          40          30   0.0000000000000000     
          41          30   0.0000000000000000     
          42          30   0.0000000000000000     
          43          30   0.0000000000000000     
          44          30   0.0000000000000000     
          45          30   0.0000000000000000     
          46          30   0.0000000000000000     
          47          30   0.0000000000000000     
          48          30   0.0000000000000000     
          49          30   0.0000000000000000     
           1          31   0.0000000000000000     
           2          31   0.0000000000000000     
           3          31   0.0000000000000000     
           4          31   0.0000000000000000     
           5          31   0.0000000000000000     
           6          31   0.0000000000000000     
           7          31   0.0000000000000000     
           8          31   0.0000000000000000     
           9          31   0.0000000000000000     
          10          31   0.0000000000000000     
          11          31   0.0000000000000000     
          12          31   0.0000000000000000     
          13          31   0.0000000000000000     
          14          31   0.0000000000000000     
          15          31   0.0000000000000000     
          16          31   0.0000000000000000     
          17          31   0.0000000000000000     
          18          31   0.0000000000000000     
          19          31   0.0000000000000000     
          20          31   0.0000000000000000     
          21          31   0.0000000000000000     
          22          31   0.0000000000000000     
          23          31   0.0000000000000000     
          24          31   0.0000000000000000     
          25          31   0.0000000000000000     
          26          31   0.0000000000000000     
          27          31   0.0000000000000000     
          28          31   0.0000000000000000     
          29          31   0.0000000000000000     
          30          31   0.0000000000000000     
          31          31   0.0000000000000000     
          32          31   0.0000000000000000     
          33          31   0.0000000000000000     
          34          31   0.0000000000000000     
          35          31   0.0000000000000000     
          36          31   0.0000000000000000     
          37          31   0.0000000000000000     
          38          31   0.0000000000000000     
          39          31   0.0000000000000000     
          40          31   0.0000000000000000     
          41          31   0.0000000000000000     
          42          31   0.0000000000000000     
          43          31   0.0000000000000000     
          44          31   0.0000000000000000     
          45          31   0.0000000000000000     
          46          31   0.0000000000000000     
          47          31   0.0000000000000000     
          48          31   0.0000000000000000     
          49          31   0.0000000000000000     
