           1           1   0.0000000000000000     
           2           1   0.0000000000000000     
           3           1   0.0000000000000000     
           4           1   0.0000000000000000     
           5           1   0.0000000000000000     
           6           1   0.0000000000000000     
           7           1   0.0000000000000000     
           8           1   0.0000000000000000     
           9           1   0.0000000000000000     
          10           1   0.0000000000000000     
          11           1   0.0000000000000000     
          12           1   0.0000000000000000     
          13           1   0.0000000000000000     
          14           1   0.0000000000000000     
          15           1   0.0000000000000000     
          16           1   0.0000000000000000     
          17           1   0.0000000000000000     
          18           1   0.0000000000000000     
          19           1   0.0000000000000000     
          20           1   0.0000000000000000     
          21           1   0.0000000000000000     
          22           1   0.0000000000000000     
          23           1   0.0000000000000000     
          24           1   0.0000000000000000     
          25           1   0.0000000000000000     
          26           1   0.0000000000000000     
          27           1   0.0000000000000000     
          28           1   0.0000000000000000     
          29           1   0.0000000000000000     
          30           1   0.0000000000000000     
          31           1   0.0000000000000000     
          32           1   0.0000000000000000     
          33           1   0.0000000000000000     
          34           1   0.0000000000000000     
          35           1   0.0000000000000000     
          36           1   0.0000000000000000     
          37           1   0.0000000000000000     
          38           1   0.0000000000000000     
          39           1   0.0000000000000000     
          40           1   0.0000000000000000     
          41           1   0.0000000000000000     
          42           1   0.0000000000000000     
          43           1   0.0000000000000000     
          44           1   0.0000000000000000     
          45           1   0.0000000000000000     
          46           1   0.0000000000000000     
          47           1   0.0000000000000000     
          48           1   0.0000000000000000     
          49           1   0.0000000000000000     
           1           2   0.0000000000000000     
           2           2   0.0000000000000000     
           3           2   0.0000000000000000     
           4           2   0.0000000000000000     
           5           2   0.0000000000000000     
           6           2   0.0000000000000000     
           7           2   0.0000000000000000     
           8           2   0.0000000000000000     
           9           2   0.0000000000000000     
          10           2   0.0000000000000000     
          11           2   0.0000000000000000     
          12           2   0.0000000000000000     
          13           2   0.0000000000000000     
          14           2   0.0000000000000000     
          15           2   0.0000000000000000     
          16           2   0.0000000000000000     
          17           2   0.0000000000000000     
          18           2   0.0000000000000000     
          19           2   0.0000000000000000     
          20           2   0.0000000000000000     
          21           2   0.0000000000000000     
          22           2   0.0000000000000000     
          23           2   0.0000000000000000     
          24           2   0.0000000000000000     
          25           2   0.0000000000000000     
          26           2   0.0000000000000000     
          27           2   0.0000000000000000     
          28           2   0.0000000000000000     
          29           2   0.0000000000000000     
          30           2   0.0000000000000000     
          31           2   0.0000000000000000     
          32           2   0.0000000000000000     
          33           2   0.0000000000000000     
          34           2   0.0000000000000000     
          35           2   0.0000000000000000     
          36           2   0.0000000000000000     
          37           2   0.0000000000000000     
          38           2   0.0000000000000000     
          39           2   0.0000000000000000     
          40           2   0.0000000000000000     
          41           2   0.0000000000000000     
          42           2   0.0000000000000000     
          43           2   0.0000000000000000     
          44           2   0.0000000000000000     
          45           2   0.0000000000000000     
          46           2   0.0000000000000000     
          47           2   0.0000000000000000     
          48           2   0.0000000000000000     
          49           2   0.0000000000000000     
           1           3   0.0000000000000000     
           2           3   0.0000000000000000     
           3           3  0.67233218230748260     
           4           3  0.67324192530601379     
           5           3  0.67371478955897512     
           6           3  0.66583291350577622     
           7           3  0.63930029590977722     
           8           3  0.63368957528622649     
           9           3  0.66110198278223398     
          10           3  0.63660277856293790     
          11           3  0.66869613810923045     
          12           3  0.64294915159113608     
          13           3  0.66764763418067763     
          14           3  0.66699548446921497     
          15           3  0.64417633229370397     
          16           3  0.64298052251943494     
          17           3  0.68906818999873343     
          18           3  0.66590230830792263     
          19           3  0.66491677592762133     
          20           3  0.63648013556570560     
          21           3  0.69160086103971918     
          22           3  0.67445517306293845     
          23           3  0.64776034076554312     
          24           3  0.64473472074727312     
          25           3  0.64537951965484552     
          26           3  0.66591551976204033     
          27           3  0.66216072796536873     
          28           3  0.63870571007520560     
          29           3  0.64476321725268104     
          30           3  0.64419026298830240     
          31           3  0.64711271199830300     
          32           3  0.67342266579132015     
          33           3  0.64269803624957955     
          34           3  0.63894521925598058     
          35           3  0.63751400994510976     
          36           3  0.68995977236071226     
          37           3  0.66571938684196630     
          38           3  0.66836848022068596     
          39           3  0.66491641438338478     
          40           3  0.63782373493832001     
          41           3  0.65961047137669238     
          42           3  0.63442537401078736     
          43           3  0.63164833560490308     
          44           3  0.64057258130191752     
          45           3  0.70007541504475057     
          46           3  0.67430604921650772     
          47           3   0.0000000000000000     
          48           3   0.0000000000000000     
          49           3   0.0000000000000000     
           1           4   0.0000000000000000     
           2           4   0.0000000000000000     
           3           4  0.64648297516224829     
           4           4  0.65164297590338294     
           5           4  0.65360576149754823     
           6           4  0.67160682162148311     
           7           4  0.64463884811891603     
           8           4  0.63797158744203342     
           9           4  0.63643608800245544     
          10           4  0.63914794771702710     
          11           4  0.64370927292456737     
          12           4  0.64712467047877964     
          13           4  0.64677722425862416     
          14           4  0.65009645022292573     
          15           4  0.67329579824108543     
          16           4  0.64810717240970295     
          17           4  0.63583251721064626     
          18           4  0.63579650138108723     
          19           4  0.63387910877578202     
          20           4  0.62797189048150381     
          21           4  0.63110718696237822     
          22           4  0.63774856791682577     
          23           4  0.63891719834112093     
          24           4  0.63724205083200980     
          25           4  0.66475930714666898     
          26           4  0.63717004683006606     
          27           4  0.63743839449531003     
          28           4  0.64111698082490176     
          29           4  0.64803593474007781     
          30           4  0.64922875901073862     
          31           4  0.65329404387838652     
          32           4  0.65424091691548425     
          33           4  0.64943220839499860     
          34           4  0.64038648763561257     
          35           4  0.63802245193380369     
          36           4  0.66329490924334245     
          37           4  0.63599501421104288     
          38           4  0.63764548821580913     
          39           4  0.63934248598124876     
          40           4  0.63493002909962670     
          41           4  0.63592471857657029     
          42           4  0.64020010092192836     
          43           4  0.63948954925644730     
          44           4  0.64756815624177311     
          45           4  0.67887490881847401     
          46           4  0.65434755529640232     
          47           4   0.0000000000000000     
          48           4   0.0000000000000000     
          49           4   0.0000000000000000     
           1           5   0.0000000000000000     
           2           5   0.0000000000000000     
           3           5  0.64435083003819749     
           4           5  0.64141421679847299     
           5           5  0.64623721504321019     
           6           5  0.64212886186159435     
           7           5  0.64612461793287690     
           8           5  0.64378232714570549     
           9           5  0.64886072538245898     
          10           5  0.67830226386815085     
          11           5  0.64992670072747616     
          12           5  0.64798664379012527     
          13           5  0.64537073003571732     
          14           5  0.64655034290979618     
          15           5  0.64313191926621960     
          16           5  0.64292825554034994     
          17           5  0.63165866100729262     
          18           5  0.63216181175513186     
          19           5  0.66087959628165183     
          20           5  0.62952906713726975     
          21           5  0.63218002962022801     
          22           5  0.63964005775530186     
          23           5  0.64343983402596872     
          24           5  0.63991204033251758     
          25           5  0.64574105893271017     
          26           5  0.64495500905602188     
          27           5  0.64124823546889864     
          28           5  0.64215782194544857     
          29           5  0.64877779948197301     
          30           5  0.68011269603128233     
          31           5  0.65452342804899455     
          32           5  0.65733238431318797     
          33           5  0.65349433288391456     
          34           5  0.64336139948042703     
          35           5  0.63693531048695773     
          36           5  0.63829816174894027     
          37           5  0.63638534493921495     
          38           5  0.63794854322481920     
          39           5  0.63914423581975421     
          40           5  0.65487725807589614     
          41           5  0.62695641726935103     
          42           5  0.63579798186568326     
          43           5  0.63581637911438693     
          44           5  0.64487396094943517     
          45           5  0.65316300434000152     
          46           5  0.65318278204950109     
          47           5   0.0000000000000000     
          48           5   0.0000000000000000     
          49           5   0.0000000000000000     
           1           6   0.0000000000000000     
           2           6   0.0000000000000000     
           3           6  0.64860855194460354     
           4           6  0.63922687863316952     
           5           6  0.66383157119315217     
           6           6  0.63828897009248065     
           7           6  0.64478062671559699     
           8           6  0.66999719094868559     
           9           6  0.64624068304513616     
          10           6  0.65115353625205907     
          11           6  0.64931831166884446     
          12           6  0.66695789725357091     
          13           6  0.66365479261378146     
          14           6  0.66356926037041442     
          15           6  0.65433054992564688     
          16           6  0.63174784846527721     
          17           6  0.62865389805118510     
          18           6  0.63104411806789285     
          19           6  0.64125521601569058     
          20           6  0.64335435716439426     
          21           6  0.64355023164510872     
          22           6  0.64559392395981141     
          23           6  0.64881568006060697     
          24           6  0.65917793412396153     
          25           6  0.68428725223010234     
          26           6  0.65588436263067096     
          27           6  0.65587875902862847     
          28           6  0.65850893204707717     
          29           6  0.66538423242776734     
          30           6  0.66801855096211848     
          31           6  0.65272749666878893     
          32           6  0.65095891428978492     
          33           6  0.65109462416508201     
          34           6  0.66760525977908913     
          35           6  0.68761016954238552     
          36           6  0.66305402099319588     
          37           6  0.63826980324408411     
          38           6  0.63060880854034917     
          39           6  0.65354222594834055     
          40           6  0.62455269630526022     
          41           6  0.62453538715975376     
          42           6  0.62487147658210918     
          43           6  0.63251216231410956     
          44           6  0.63759409219465846     
          45           6  0.64624430936124921     
          46           6  0.64306674427549215     
          47           6   0.0000000000000000     
          48           6   0.0000000000000000     
          49           6   0.0000000000000000     
           1           7   0.0000000000000000     
           2           7   0.0000000000000000     
           3           7  0.69687527788530301     
           4           7  0.66655800551021460     
           5           7  0.67193350697658949     
           6           7  0.67270056101656672     
           7           7  0.67322533209892921     
           8           7  0.64501207851241116     
           9           7  0.69791390913138374     
          10           7  0.67024147748871099     
          11           7  0.66898324138977994     
          12           7  0.63872786726977759     
          13           7  0.63214006532313161     
          14           7  0.65919586589820856     
          15           7  0.65146678916764678     
          16           7  0.65088471856291419     
          17           7  0.65315144502952716     
          18           7  0.65568668533282981     
          19           7  0.66474351513916563     
          20           7  0.69580807893384244     
          21           7  0.67243734561215063     
          22           7  0.67071469947589002     
          23           7  0.67486977648218616     
          24           7  0.64264534026797837     
          25           7  0.66573180742605376     
          26           7  0.63052798217045469     
          27           7  0.62824193951253005     
          28           7  0.63407122052988096     
          29           7  0.63551591423415643     
          30           7  0.66517824890928401     
          31           7  0.64557321875398432     
          32           7  0.67530669809988686     
          33           7  0.66889358780441577     
          34           7  0.66351873019886365     
          35           7  0.63840125831793504     
          36           7  0.63638975400316478     
          37           7  0.66216346347508315     
          38           7  0.65411902350647333     
          39           7  0.65451462980748865     
          40           7  0.59939973092410170     
          41           7  0.60382212259122159     
          42           7  0.61196508808230032     
          43           7  0.64021362896863143     
          44           7  0.64399172653468562     
          45           7  0.67449527218845218     
          46           7  0.66492358333193036     
          47           7   0.0000000000000000     
          48           7   0.0000000000000000     
          49           7   0.0000000000000000     
           1           8   0.0000000000000000     
           2           8   0.0000000000000000     
           3           8  0.64849682683147147     
           4           8  0.64808065524717184     
           5           8  0.64547973812164572     
           6           8  0.64229079195176375     
           7           8  0.64176075441202163     
           8           8  0.64160425185884218     
           9           8  0.66689583197487812     
          10           8  0.64163608025960439     
          11           8  0.64549553863449294     
          12           8  0.64371393471454486     
          13           8  0.63387119632166145     
          14           8  0.62932376232895115     
          15           8  0.63385608779361580     
          16           8  0.63260650512193228     
          17           8  0.62938825406149901     
          18           8  0.63914398348522750     
          19           8  0.67204924171865632     
          20           8  0.63994322574903229     
          21           8  0.64382162066746218     
          22           8  0.64403774444255546     
          23           8  0.64040187667918513     
          24           8  0.64180955530498074     
          25           8  0.64264823885104960     
          26           8  0.63108498739875019     
          27           8  0.62818934669936222     
          28           8  0.63168623904444998     
          29           8  0.62947088980084098     
          30           8  0.65584792207790465     
          31           8  0.63814257626258386     
          32           8  0.63931585029601468     
          33           8  0.63787433761043311     
          34           8  0.63327022051582416     
          35           8  0.63054888638416506     
          36           8  0.63107670302477192     
          37           8  0.62760752724415236     
          38           8  0.62414970441531858     
          39           8  0.65261461742899884     
          40           8  0.59637462013472242     
          41           8  0.60024460705360849     
          42           8  0.60936042845284266     
          43           8  0.61282841752139827     
          44           8  0.61752686107721422     
          45           8  0.64947717082232559     
          46           8  0.63944243337052264     
          47           8   0.0000000000000000     
          48           8   0.0000000000000000     
          49           8   0.0000000000000000     
           1           9   0.0000000000000000     
           2           9   0.0000000000000000     
           3           9  0.67566468808878521     
           4           9  0.64714172241616441     
           5           9  0.64349801513739868     
           6           9  0.64358283054995247     
           7           9  0.64109256568461781     
           8           9  0.63859015176478295     
           9           9  0.64197379608795146     
          10           9  0.64075429292964592     
          11           9  0.64143013016435568     
          12           9  0.63876733288870080     
          13           9  0.63113491307583724     
          14           9  0.65029448215659380     
          15           9  0.62859849714894256     
          16           9  0.62640563410824313     
          17           9  0.62597908066213548     
          18           9  0.63724241020434191     
          19           9  0.64130067514545663     
          20           9  0.64023827181721749     
          21           9  0.64696401057526820     
          22           9  0.64910863886646974     
          23           9  0.64761108887380547     
          24           9  0.67391138660429839     
          25           9  0.65094413929138684     
          26           9  0.64122649141241883     
          27           9  0.63914788102643894     
          28           9  0.64092496387541842     
          29           9  0.63908667951934039     
          30           9  0.63576244559828088     
          31           9  0.63687083185196047     
          32           9  0.63866206117693403     
          33           9  0.63837848552290410     
          34           9  0.66188758697178496     
          35           9  0.63664228186918936     
          36           9  0.63687239244507821     
          37           9  0.63449494176965604     
          38           9  0.63084570608897184     
          39           9  0.63257966552901446     
          40           9  0.60361604472513519     
          41           9  0.60580804232132768     
          42           9  0.61094815616103371     
          43           9  0.64093479377844054     
          44           9  0.61482996625728037     
          45           9  0.64722088159383884     
          46           9  0.63820200076504352     
          47           9   0.0000000000000000     
          48           9   0.0000000000000000     
          49           9   0.0000000000000000     
           1          10   0.0000000000000000     
           2          10   0.0000000000000000     
           3          10  0.65259474835180964     
           4          10  0.65564916737520096     
           5          10  0.64541666567386669     
           6          10  0.63886894412379447     
           7          10  0.63504160646574515     
           8          10  0.68306098888997169     
           9          10  0.65634974586153327     
          10          10  0.65533668178326787     
          11          10  0.63476926910076303     
          12          10  0.66159453654069023     
          13          10  0.65270681488618454     
          14          10  0.65493546216610532     
          15          10  0.66593629578890357     
          16          10  0.65790165404364465     
          17          10  0.65692557757701864     
          18          10  0.69255633149761442     
          19          10  0.66666266743830749     
          20          10  0.65959485675034246     
          21          10  0.64602488439657757     
          22          10  0.65050984103767673     
          23          10  0.64445838703707947     
          24          10  0.64650492248980962     
          25          10  0.67173912548418446     
          26          10  0.66815430799798625     
          27          10  0.66249681765341306     
          28          10  0.66294518450603834     
          29          10  0.69418091720054831     
          30          10  0.65510708639050330     
          31          10  0.62835352591550087     
          32          10  0.62667045371430419     
          33          10  0.62786994161713106     
          34          10  0.62701196994910990     
          35          10  0.65971239306715745     
          36          10  0.65763652719464516     
          37          10  0.63681871560631609     
          38          10  0.68352279422050588     
          39          10  0.63293140134726333     
          40          10  0.60543282238325491     
          41          10  0.63135377044911278     
          42          10  0.63963969722934610     
          43          10  0.66979874467806577     
          44          10  0.64297108352516297     
          45          10  0.67336798225156080     
          46          10  0.64021247114804936     
          47          10   0.0000000000000000     
          48          10   0.0000000000000000     
          49          10   0.0000000000000000     
           1          11   0.0000000000000000     
           2          11   0.0000000000000000     
           3          11  0.66872295840546592     
           4          11  0.67056112948772029     
           5          11  0.66431538674642054     
           6          11  0.66071185016117695     
           7          11  0.65936210241605542     
           8          11  0.66268631642483866     
           9          11  0.63813957441010671     
          10          11  0.63518491144290479     
          11          11  0.66907113340252622     
          12          11  0.67289912527410367     
          13          11  0.64079135824959099     
          14          11  0.63904955522349571     
          15          11  0.64699355334057396     
          16          11  0.64053177240332471     
          17          11  0.62987416378287597     
          18          11  0.66387615040310655     
          19          11  0.63379402821644815     
          20          11  0.62810262714836484     
          21          11  0.65900847321963330     
          22          11  0.66022881988475268     
          23          11  0.65498981324943073     
          24          11  0.68938258330088509     
          25          11  0.64609933534172992     
          26          11  0.64422178868351876     
          27          11  0.64244549898237191     
          28          11  0.63984647966852692     
          29          11  0.66509897806262563     
          30          11  0.63027569579693099     
          31          11  0.64861334347035815     
          32          11  0.65474961293333156     
          33          11  0.67797335143285975     
          34          11  0.65232446713670811     
          35          11  0.62865175569220233     
          36          11  0.63685637708333276     
          37          11  0.65925318626593876     
          38          11  0.65675093454757227     
          39          11  0.65954264077291902     
          40          11  0.66556559015302108     
          41          11  0.63375992840533601     
          42          11  0.64224308786671980     
          43          11  0.64879823711784046     
          44          11  0.64663497690619165     
          45          11  0.64996668069437202     
          46          11  0.67247737001165997     
          47          11   0.0000000000000000     
          48          11   0.0000000000000000     
          49          11   0.0000000000000000     
           1          12   0.0000000000000000     
           2          12   0.0000000000000000     
           3          12  0.65895228208832879     
           4          12  0.64137111442683792     
           5          12  0.63397197209679990     
           6          12  0.63503832394118953     
           7          12  0.63841121898555409     
           8          12  0.64222110396379783     
           9          12  0.64321373911581614     
          10          12  0.64721602526396937     
          11          12  0.65144394124959792     
          12          12  0.65245539825515209     
          13          12  0.66535621236430842     
          14          12  0.63724352643249071     
          15          12  0.64311284877524766     
          16          12  0.63981856477388188     
          17          12  0.63362847354444007     
          18          12  0.64010323154034121     
          19          12  0.63968267648059618     
          20          12  0.63554157448387238     
          21          12  0.63613056552874947     
          22          12  0.64103581873651005     
          23          12  0.66295319287603149     
          24          12  0.63884616975303454     
          25          12  0.64056037506855834     
          26          12  0.63884717431850579     
          27          12  0.63401360264974915     
          28          12  0.63294773961871931     
          29          12  0.63440324890496280     
          30          12  0.62897654422365967     
          31          12  0.59780874426887232     
          32          12  0.57727786229532563     
          33          12  0.58115589834760284     
          34          12  0.52582745354374250     
          35          12  0.52698044750291018     
          36          12  0.56378688287876666     
          37          12  0.58623438165736386     
          38          12  0.61333427313177802     
          39          12  0.63862186922980679     
          40          12  0.64139584443015307     
          41          12  0.63096674579390299     
          42          12  0.66261607129359146     
          43          12  0.64594028038011841     
          44          12  0.64831006162671490     
          45          12  0.65214265695897067     
          46          12  0.65032097901468877     
          47          12   0.0000000000000000     
          48          12   0.0000000000000000     
          49          12   0.0000000000000000     
           1          13   0.0000000000000000     
           2          13   0.0000000000000000     
           3          13  0.60904453779300149     
           4          13  0.61002395732829473     
           5          13  0.60787040465386599     
           6          13  0.61282658666578094     
           7          13  0.66560858558910796     
           8          13  0.64279520564856640     
           9          13  0.64717197374642343     
          10          13  0.65111368300504990     
          11          13  0.65373704811978872     
          12          13  0.65412294989777564     
          13          13  0.64431524455483269     
          14          13  0.63813280989061794     
          15          13  0.64050068250417980     
          16          13  0.63718990651233987     
          17          13  0.66109847846889702     
          18          13  0.64236526991453557     
          19          13  0.64574789075491090     
          20          13  0.64262366724011277     
          21          13  0.61573217573930539     
          22          13  0.59167631253964981     
          23          13  0.56095161663826087     
          24          13  0.56140403125625871     
          25          13  0.56478600062187201     
          26          13  0.56724733240124758     
          27          13  0.56467569602062750     
          28          13  0.58785036868818219     
          29          13  0.56381839817331381     
          30          13  0.55540914234422412     
          31          13  0.52362924172213010     
          32          13  0.50161668558452288     
          33          13  0.47759770123567169     
          34          13  0.42396712324167651     
          35          13  0.40235009994057186     
          36          13  0.46543382526474864     
          37          13  0.46208946255807976     
          38          13  0.48579939830885227     
          39          13  0.53873116360768858     
          40          13  0.56610258392210622     
          41          13  0.58233245324682548     
          42          13  0.58637069945318043     
          43          13  0.61950116913071995     
          44          13  0.59365162696794349     
          45          13  0.59739545553364293     
          46          13  0.61796103304501937     
          47          13   0.0000000000000000     
          48          13   0.0000000000000000     
          49          13   0.0000000000000000     
           1          14   0.0000000000000000     
           2          14   0.0000000000000000     
           3          14  0.47984794614555670     
           4          14  0.50330925844466001     
           5          14  0.47651669744705943     
           6          14  0.50438983068184995     
           7          14  0.53821236048713061     
           8          14  0.51542714412368917     
           9          14  0.52012146467462339     
          10          14  0.52260462522398243     
          11          14  0.55029795064185383     
          12          14  0.60103798575679246     
          13          14  0.56562809089717803     
          14          14  0.58436361494937727     
          15          14  0.61308884947450637     
          16          14  0.63790453181721174     
          17          14  0.66556935417183583     
          18          14  0.64556380581070649     
          19          14  0.62361664909785797     
          20          14  0.59747367783493144     
          21          14  0.53873232103614266     
          22          14  0.46190209036999608     
          23          14  0.47962748125481103     
          24          14  0.45915543377249574     
          25          14  0.43930819509205632     
          26          14  0.43854390298192825     
          27          14  0.45768531957811448     
          28          14  0.48168703891561010     
          29          14  0.43272909169029539     
          30          14  0.45123513520223191     
          31          14  0.39792290168104671     
          32          14  0.40156524707001667     
          33          14  0.34844732014889207     
          34          14  0.29227205679907703     
          35          14  0.26980440782491139     
          36          14  0.30481202350404618     
          37          14  0.32763604837778632     
          38          14  0.35311891419557051     
          39          14  0.40601402546608684     
          40          14  0.46218492431451363     
          41          14  0.48204691985751608     
          42          14  0.45768367577091051     
          43          14  0.48855621141378036     
          44          14  0.48781671958708805     
          45          14  0.49125977511261371     
          46          14  0.49027536836887070     
          47          14   0.0000000000000000     
          48          14   0.0000000000000000     
          49          14   0.0000000000000000     
           1          15   0.0000000000000000     
           2          15   0.0000000000000000     
           3          15  0.35084681647321575     
           4          15  0.34889826628951387     
           5          15  0.37492189462028480     
           6          15  0.38488423093403179     
           7          15  0.38913060512099606     
           8          15  0.41292354441097229     
           9          15  0.39501277524164063     
          10          15  0.39748421138960277     
          11          15  0.39884796342745948     
          12          15  0.44695364784954583     
          13          15  0.41569507968552988     
          14          15  0.43011793711268509     
          15          15  0.45363009220315331     
          16          15  0.48392096171357818     
          17          15  0.51063085702847855     
          18          15  0.51197573063448165     
          19          15  0.49293994463302643     
          20          15  0.46485310590821027     
          21          15  0.40618990393798837     
          22          15  0.32962895068481340     
          23          15  0.30410208988653736     
          24          15  0.30580901380378084     
          25          15  0.30977539555961875     
          26          15  0.30847848221197255     
          27          15  0.30843674244724756     
          28          15  0.30711119726021374     
          29          15  0.30563587002290377     
          30          15  0.30185723884193472     
          31          15  0.27523755660903243     
          32          15  0.25163461019462807     
          33          15  0.22623212375714361     
          34          15  0.17319123678449450     
          35          15  0.14728268542059769     
          36          15  0.17855581203539014     
          37          15  0.20014384226448953     
          38          15  0.22533797824709922     
          39          15  0.27772396388443626     
          40          15  0.30759821402930115     
          41          15  0.32814182024569183     
          42          15  0.32910780872754908     
          43          15  0.35793615620667585     
          44          15  0.33237783707208368     
          45          15  0.33430344019689101     
          46          15  0.33321189878643975     
          47          15   0.0000000000000000     
          48          15   0.0000000000000000     
          49          15   0.0000000000000000     
           1          16   0.0000000000000000     
           2          16   0.0000000000000000     
           3          16   0.0000000000000000     
           4          16   0.0000000000000000     
           5          16   0.0000000000000000     
           6          16   0.0000000000000000     
           7          16   0.0000000000000000     
           8          16   0.0000000000000000     
           9          16   0.0000000000000000     
          10          16   0.0000000000000000     
          11          16   0.0000000000000000     
          12          16   0.0000000000000000     
          13          16   0.0000000000000000     
          14          16   0.0000000000000000     
          15          16   0.0000000000000000     
          16          16   0.0000000000000000     
          17          16   0.0000000000000000     
          18          16   0.0000000000000000     
          19          16   0.0000000000000000     
          20          16   0.0000000000000000     
          21          16   0.0000000000000000     
          22          16   0.0000000000000000     
          23          16   0.0000000000000000     
          24          16   0.0000000000000000     
          25          16   0.0000000000000000     
          26          16   0.0000000000000000     
          27          16   0.0000000000000000     
          28          16   0.0000000000000000     
          29          16   0.0000000000000000     
          30          16   0.0000000000000000     
          31          16   0.0000000000000000     
          32          16   0.0000000000000000     
          33          16   0.0000000000000000     
          34          16   0.0000000000000000     
          35          16   0.0000000000000000     
          36          16   0.0000000000000000     
          37          16   0.0000000000000000     
          38          16   0.0000000000000000     
          39          16   0.0000000000000000     
          40          16   0.0000000000000000     
          41          16   0.0000000000000000     
          42          16   0.0000000000000000     
          43          16   0.0000000000000000     
          44          16   0.0000000000000000     
          45          16   0.0000000000000000     
          46          16   0.0000000000000000     
          47          16   0.0000000000000000     
          48          16   0.0000000000000000     
          49          16   0.0000000000000000     
           1          17   0.0000000000000000     
           2          17   0.0000000000000000     
           3          17   0.0000000000000000     
           4          17   0.0000000000000000     
           5          17   0.0000000000000000     
           6          17   0.0000000000000000     
           7          17   0.0000000000000000     
           8          17   0.0000000000000000     
           9          17   0.0000000000000000     
          10          17   0.0000000000000000     
          11          17   0.0000000000000000     
          12          17   0.0000000000000000     
          13          17   0.0000000000000000     
          14          17   0.0000000000000000     
          15          17   0.0000000000000000     
          16          17   0.0000000000000000     
          17          17   0.0000000000000000     
          18          17   0.0000000000000000     
          19          17   0.0000000000000000     
          20          17   0.0000000000000000     
          21          17   0.0000000000000000     
          22          17   0.0000000000000000     
          23          17   0.0000000000000000     
          24          17   0.0000000000000000     
          25          17   0.0000000000000000     
          26          17   0.0000000000000000     
          27          17   0.0000000000000000     
          28          17   0.0000000000000000     
          29          17   0.0000000000000000     
          30          17   0.0000000000000000     
          31          17   0.0000000000000000     
          32          17   0.0000000000000000     
          33          17   0.0000000000000000     
          34          17   0.0000000000000000     
          35          17   0.0000000000000000     
          36          17   0.0000000000000000     
          37          17   0.0000000000000000     
          38          17   0.0000000000000000     
          39          17   0.0000000000000000     
          40          17   0.0000000000000000     
          41          17   0.0000000000000000     
          42          17   0.0000000000000000     
          43          17   0.0000000000000000     
          44          17   0.0000000000000000     
          45          17   0.0000000000000000     
          46          17   0.0000000000000000     
          47          17   0.0000000000000000     
          48          17   0.0000000000000000     
          49          17   0.0000000000000000     
           1          18   0.0000000000000000     
           2          18   0.0000000000000000     
           3          18   0.0000000000000000     
           4          18   0.0000000000000000     
           5          18   0.0000000000000000     
           6          18   0.0000000000000000     
           7          18   0.0000000000000000     
           8          18   0.0000000000000000     
           9          18   0.0000000000000000     
          10          18   0.0000000000000000     
          11          18   0.0000000000000000     
          12          18   0.0000000000000000     
          13          18   0.0000000000000000     
          14          18   0.0000000000000000     
          15          18   0.0000000000000000     
          16          18   0.0000000000000000     
          17          18   0.0000000000000000     
          18          18   0.0000000000000000     
          19          18   0.0000000000000000     
          20          18   0.0000000000000000     
          21          18   0.0000000000000000     
          22          18   0.0000000000000000     
          23          18   0.0000000000000000     
          24          18   0.0000000000000000     
          25          18   0.0000000000000000     
          26          18   0.0000000000000000     
          27          18   0.0000000000000000     
          28          18   0.0000000000000000     
          29          18   0.0000000000000000     
          30          18   0.0000000000000000     
          31          18   0.0000000000000000     
          32          18   0.0000000000000000     
          33          18   0.0000000000000000     
          34          18   0.0000000000000000     
          35          18   0.0000000000000000     
          36          18   0.0000000000000000     
          37          18   0.0000000000000000     
          38          18   0.0000000000000000     
          39          18   0.0000000000000000     
          40          18   0.0000000000000000     
          41          18   0.0000000000000000     
          42          18   0.0000000000000000     
          43          18   0.0000000000000000     
          44          18   0.0000000000000000     
          45          18   0.0000000000000000     
          46          18   0.0000000000000000     
          47          18   0.0000000000000000     
          48          18   0.0000000000000000     
          49          18   0.0000000000000000     
           1          19   0.0000000000000000     
           2          19   0.0000000000000000     
           3          19   0.0000000000000000     
           4          19   0.0000000000000000     
           5          19   0.0000000000000000     
           6          19   0.0000000000000000     
           7          19   0.0000000000000000     
           8          19   0.0000000000000000     
           9          19   0.0000000000000000     
          10          19   0.0000000000000000     
          11          19   0.0000000000000000     
          12          19   0.0000000000000000     
          13          19   0.0000000000000000     
          14          19   0.0000000000000000     
          15          19   0.0000000000000000     
          16          19   0.0000000000000000     
          17          19   0.0000000000000000     
          18          19   0.0000000000000000     
          19          19   0.0000000000000000     
          20          19   0.0000000000000000     
          21          19   0.0000000000000000     
          22          19   0.0000000000000000     
          23          19   0.0000000000000000     
          24          19   0.0000000000000000     
          25          19   0.0000000000000000     
          26          19   0.0000000000000000     
          27          19   0.0000000000000000     
          28          19   0.0000000000000000     
          29          19   0.0000000000000000     
          30          19   0.0000000000000000     
          31          19   0.0000000000000000     
          32          19   0.0000000000000000     
          33          19   0.0000000000000000     
          34          19   0.0000000000000000     
          35          19   0.0000000000000000     
          36          19   0.0000000000000000     
          37          19   0.0000000000000000     
          38          19   0.0000000000000000     
          39          19   0.0000000000000000     
          40          19   0.0000000000000000     
          41          19   0.0000000000000000     
          42          19   0.0000000000000000     
          43          19   0.0000000000000000     
          44          19   0.0000000000000000     
          45          19   0.0000000000000000     
          46          19   0.0000000000000000     
          47          19   0.0000000000000000     
          48          19   0.0000000000000000     
          49          19   0.0000000000000000     
           1          20   0.0000000000000000     
           2          20   0.0000000000000000     
           3          20   0.0000000000000000     
           4          20   0.0000000000000000     
           5          20   0.0000000000000000     
           6          20   0.0000000000000000     
           7          20   0.0000000000000000     
           8          20   0.0000000000000000     
           9          20   0.0000000000000000     
          10          20   0.0000000000000000     
          11          20   0.0000000000000000     
          12          20   0.0000000000000000     
          13          20   0.0000000000000000     
          14          20   0.0000000000000000     
          15          20   0.0000000000000000     
          16          20   0.0000000000000000     
          17          20   0.0000000000000000     
          18          20   0.0000000000000000     
          19          20   0.0000000000000000     
          20          20   0.0000000000000000     
          21          20   0.0000000000000000     
          22          20   0.0000000000000000     
          23          20   0.0000000000000000     
          24          20   0.0000000000000000     
          25          20   0.0000000000000000     
          26          20   0.0000000000000000     
          27          20   0.0000000000000000     
          28          20   0.0000000000000000     
          29          20   0.0000000000000000     
          30          20   0.0000000000000000     
          31          20   0.0000000000000000     
          32          20   0.0000000000000000     
          33          20   0.0000000000000000     
          34          20   0.0000000000000000     
          35          20   0.0000000000000000     
          36          20   0.0000000000000000     
          37          20   0.0000000000000000     
          38          20   0.0000000000000000     
          39          20   0.0000000000000000     
          40          20   0.0000000000000000     
          41          20   0.0000000000000000     
          42          20   0.0000000000000000     
          43          20   0.0000000000000000     
          44          20   0.0000000000000000     
          45          20   0.0000000000000000     
          46          20   0.0000000000000000     
          47          20   0.0000000000000000     
          48          20   0.0000000000000000     
          49          20   0.0000000000000000     
           1          21   0.0000000000000000     
           2          21   0.0000000000000000     
           3          21   0.0000000000000000     
           4          21   0.0000000000000000     
           5          21   0.0000000000000000     
           6          21   0.0000000000000000     
           7          21   0.0000000000000000     
           8          21   0.0000000000000000     
           9          21   0.0000000000000000     
          10          21   0.0000000000000000     
          11          21   0.0000000000000000     
          12          21   0.0000000000000000     
          13          21   0.0000000000000000     
          14          21   0.0000000000000000     
          15          21   0.0000000000000000     
          16          21   0.0000000000000000     
          17          21   0.0000000000000000     
          18          21   0.0000000000000000     
          19          21   0.0000000000000000     
          20          21   0.0000000000000000     
          21          21   0.0000000000000000     
          22          21   0.0000000000000000     
          23          21   0.0000000000000000     
          24          21   0.0000000000000000     
          25          21   0.0000000000000000     
          26          21   0.0000000000000000     
          27          21   0.0000000000000000     
          28          21   0.0000000000000000     
          29          21   0.0000000000000000     
          30          21   0.0000000000000000     
          31          21   0.0000000000000000     
          32          21   0.0000000000000000     
          33          21   0.0000000000000000     
          34          21   0.0000000000000000     
          35          21   0.0000000000000000     
          36          21   0.0000000000000000     
          37          21   0.0000000000000000     
          38          21   0.0000000000000000     
          39          21   0.0000000000000000     
          40          21   0.0000000000000000     
          41          21   0.0000000000000000     
          42          21   0.0000000000000000     
          43          21   0.0000000000000000     
          44          21   0.0000000000000000     
          45          21   0.0000000000000000     
          46          21   0.0000000000000000     
          47          21   0.0000000000000000     
          48          21   0.0000000000000000     
          49          21   0.0000000000000000     
