           0           0   0.0000000000000000        0.0000000000000000     
           5           0   0.0000000000000000        0.0000000000000000     
          10           0   0.0000000000000000        0.0000000000000000     
          15           0   0.0000000000000000        0.0000000000000000     
          20           0   0.0000000000000000        0.0000000000000000     
          25           0   0.0000000000000000        0.0000000000000000     
          30           0   0.0000000000000000        0.0000000000000000     
          35           0   0.0000000000000000        0.0000000000000000     
          40           0   0.0000000000000000        0.0000000000000000     
          45           0   0.0000000000000000        0.0000000000000000     
          50           0   0.0000000000000000        0.0000000000000000     
          55           0   0.0000000000000000        0.0000000000000000     
          60           0   0.0000000000000000        0.0000000000000000     
          65           0   0.0000000000000000        0.0000000000000000     
          70           0   0.0000000000000000        0.0000000000000000     
          75           0   0.0000000000000000        0.0000000000000000     
          80           0   0.0000000000000000        0.0000000000000000     
          85           0   0.0000000000000000        0.0000000000000000     
          90           0   0.0000000000000000        0.0000000000000000     
          95           0   0.0000000000000000        0.0000000000000000     
           0           1  -11.849711273857430        5.0174363737620631     
           5           1  -2.7464962446765995        1.2099037092250242     
          10           1 -0.95855922546128625       -3.5397918215029911     
          15           1  -2.1361155504351359        3.6702284583745026     
          20           1  0.68986121966929659       -1.0079880477098513     
          25           1  -7.7762718796492436      -0.99213404496589774     
          30           1  -3.0853433303157374       -2.0033409046915640     
          35           1  0.78575760245058746        1.3210849674683001     
          40           1  -1.3376013544075249        2.7563662377927400     
          45           1  -6.9572814774332414        2.3702724767826755     
          50           1  -7.2193016422161804       -5.3172787867061810     
          55           1  -5.1122537522729772        1.3510369996017069     
          60           1  -1.9435219270036441       -2.4530941669653750     
          65           1  -2.2664202437994163        1.7069762365817809     
          70           1  -1.7838165197758826       -2.7247182332579278     
          75           1   1.2758310111138371      -0.23523532762470545     
          80           1  -5.1252616801633621      -0.72965233575139621     
          85           1  -2.4451574961403821        1.5322483463786618     
          90           1  -3.6605432125469406       -3.5818989128155732     
          95           1  0.37569164703654678        2.1485324724457300     
           0           2   0.0000000000000000        0.0000000000000000     
           5           2  -6.6524709042825592       -3.4340660546661184     
          10           2  -9.1286773039200853       -1.6907678730015974     
          15           2   0.0000000000000000        0.0000000000000000     
          20           2  -11.322022237365559        2.2462628801145357     
          25           2  -3.9622406402628485       -2.6213102795491494     
          30           2  -5.9923636703018701       -1.3424828504016162     
          35           2  -4.0218154623872238        2.3532719009833336     
          40           2   0.0000000000000000        0.0000000000000000     
          45           2  -8.8312595726591780      -0.52683381734031087     
          50           2   0.0000000000000000        0.0000000000000000     
          55           2  -5.1620209187319688        1.8597840137468680     
          60           2  -11.919704488789762       -3.8301344998004083     
          65           2   0.0000000000000000        0.0000000000000000     
          70           2  -8.6884332191772273       -6.4597631053153748E-002
          75           2   0.0000000000000000        0.0000000000000000     
          80           2  -5.4837349306779970        1.0532473267277354     
          85           2  -14.559226696988503      -0.32796850455651949     
          90           2  -9.8622786316582278       -2.8142956205323699     
          95           2  -5.6509274437388513        6.0659446535815675     
           0           3  -13.365566090302316       0.95526247953836574     
           5           3   0.0000000000000000        0.0000000000000000     
          10           3  -13.706209985011597       0.87727270605908458     
          15           3  -10.512407528775469       -2.3143065250419426     
          20           3  -6.4510262538064467        4.3110514727096039     
          25           3  -7.8204886287025488       -2.2038687029590776     
          30           3  -8.8657237380829201       0.36182435112497302     
          35           3  -6.4051626384298288       -1.5072609797517345     
          40           3  -8.5334379116375203       -3.1046969478198960     
          45           3   0.0000000000000000        0.0000000000000000     
          50           3  -6.3307505432774747       -4.1101669083687398     
          55           3   0.0000000000000000        0.0000000000000000     
          60           3  -11.364965580611397      -0.30239173783641604     
          65           3  -10.371604339596274        1.6739830031253788     
          70           3  -9.5441120206629648        1.2181465716665230     
          75           3  -9.7753193774963165       -1.2960731004985071     
          80           3  -8.4642408940993619        1.4558742335601949     
          85           3   0.0000000000000000        0.0000000000000000     
          90           3   0.0000000000000000        0.0000000000000000     
          95           3   0.0000000000000000        0.0000000000000000     
           0           4   0.0000000000000000        0.0000000000000000     
           5           4  -16.461640649358955        3.9252530743594249     
          10           4  -11.992013504382726       -1.6078471239344694     
          15           4  -16.636439140675918       0.14541284331759385     
          20           4  -12.929662773970563       -1.3518451344785021     
          25           4  -12.332765878610985        1.4474750510062862     
          30           4  -13.732029045563365      -0.58089927368332184     
          35           4   0.0000000000000000        0.0000000000000000     
          40           4  -25.601514118065438       -2.5263882243464764     
          45           4  -12.570598306389513       -1.9011426127457653     
          50           4  -7.8099751337035173       -1.3213702983660980     
          55           4  -13.634443072483293        3.3299296672462120     
          60           4  -13.886311229107662       -2.1657830288246416     
          65           4  -28.082165637783874       -3.9637131076553089     
          70           4  -12.167007189916035       0.91969704360206350     
          75           4  -13.412715578127177       -3.1614975036609039     
          80           4  -18.855319606174703      -0.51280672177522746     
          85           4  -11.241457055817250       -5.2678255402227592E-003
          90           4  -11.169759264006984       0.40077904670088316     
          95           4  -10.098514464758068      -0.37540908094602088     
           0           5  -15.216790598390761      -0.52238910169588593     
           5           5  -11.934144714103034        6.2645727341825719     
          10           5  -19.709435673176401      -0.13358946521435655     
          15           5   0.0000000000000000        0.0000000000000000     
          20           5   0.0000000000000000        0.0000000000000000     
          25           5  -16.715532253783749       -2.2509480190890940E-003
          30           5  -13.916254289654262       -3.0758551648935040     
          35           5  -15.949947762585737       0.55513345058599839     
          40           5  -22.832514958821548       -2.4726007062136901     
          45           5  -18.017257760618577       -3.9913418125925304     
          50           5  -36.534843089697233       -3.3872720286343139     
          55           5   0.0000000000000000        0.0000000000000000     
          60           5  -15.150078535910438       -1.8007978914758027     
          65           5  -20.252861561189661       -1.3227361477374799     
          70           5  -32.240079753478312        5.8286899585624496     
          75           5  -15.103203291104705       0.65515132395166376     
          80           5  -15.297885878950979       -2.1890665494295192     
          85           5   0.0000000000000000        0.0000000000000000     
          90           5  -13.441556806981225        8.2061314632397853E-003
          95           5  -12.940820505633610        1.2918109129378408     
           0           6  -16.267007945426904        1.2201070889750198     
           5           6  -13.937261052094918        6.8733771958262579     
          10           6  -22.098068888745104       -3.0942554057400429     
          15           6  -13.217460572825246      -0.43544874805956368     
          20           6  -18.396261367534805       -1.1659870438007758     
          25           6  -16.570442807299912      -0.64748847905082840     
          30           6  -18.160101415638508       -2.2539923507691739     
          35           6  -15.539198698135692        1.2139830858037826     
          40           6  -18.678146598780643       0.77873888076673836     
          45           6   0.0000000000000000        0.0000000000000000     
          50           6   0.0000000000000000        0.0000000000000000     
          55           6  -18.597873256638309        1.3335493211297234     
          60           6  -15.759574987512792      -0.12849697286210215     
          65           6   0.0000000000000000        0.0000000000000000     
          70           6  -19.366367191295808      -0.91551475052131792     
          75           6  -14.751328671636088      -0.15777679551742807     
          80           6  -23.152969556079483        2.9785479229493816     
          85           6  -19.915667555281402        1.3804490419122573     
          90           6  -20.805800259395824       -2.3675740024264869     
          95           6  -17.673659967627486        1.6358977978425671     
           0           7  -19.092112136935288      -0.19038705992624472     
           5           7   0.0000000000000000        0.0000000000000000     
          10           7  -21.523894646922059      -0.28798060413226523     
          15           7  -38.804500701132838       -3.1519159633042193     
          20           7  -42.560271609897171        3.2353236119542217     
          25           7  -19.176199337778144        4.6410103544447523     
          30           7  -18.877349917971742       0.98925291915907820     
          35           7  -23.273426813545939       0.37183252194150640     
          40           7  -16.256760983424101       -1.6039997156314101     
          45           7  -17.648502158493784        6.0723410764706998     
          50           7  -18.690018544020859       -2.9337216879232741     
          55           7  -36.492830227814466        4.5247649954793800     
          60           7  -22.151796671323609       -3.3530794214309267     
          65           7  -42.066346472324767       -1.9311846005543032     
          70           7  -19.695310765399654      -0.25285117870588181     
          75           7  -21.265810051787071       0.99081775153830876     
          80           7   0.0000000000000000        0.0000000000000000     
          85           7  -23.102624388329218       -9.3541285206555358E-003
          90           7  -19.064005490818658       0.38614322462660056     
          95           7  -22.636554180550661       -1.2829116953794184     
           0           8   0.0000000000000000        0.0000000000000000     
           5           8  -20.420100281257625      -0.71238928286199155     
          10           8  -24.596014161915036        2.8207911701993993     
          15           8   0.0000000000000000        0.0000000000000000     
          20           8   0.0000000000000000        0.0000000000000000     
          25           8  -20.527256217199863      -0.29927466852264217     
          30           8  -24.272416008237485       -2.0465116047585497     
          35           8  -23.926289007434320        2.7742209722436684     
          40           8  -20.818860609495005      -0.62490861247432861     
          45           8   0.0000000000000000        0.0000000000000000     
          50           8   0.0000000000000000        0.0000000000000000     
          55           8  -21.005596712839747      -0.76458523039057980     
          60           8   0.0000000000000000        0.0000000000000000     
          65           8  -21.847901385356749       -2.2893732217799112     
          70           8  -20.664880959984089       0.73770191261424145     
          75           8  -22.139919568999744        2.4568367843524896     
          80           8  -19.303752679249442       -1.7247043886392532     
          85           8  -24.961584486291599       -2.9699095096358263     
          90           8   0.0000000000000000        0.0000000000000000     
          95           8   0.0000000000000000        0.0000000000000000     
           0           9  -22.451831612272930        2.7766048355903905     
           5           9  -24.069528688435149      -0.45417797092106582     
          10           9   0.0000000000000000        0.0000000000000000     
          15           9  -22.405562784690858        2.1602757289063135     
          20           9  -25.915947703296638       0.69824434150156378     
          25           9   0.0000000000000000        0.0000000000000000     
          30           9  -22.616429881203715        1.3615941178013458     
          35           9  -24.360354686265850       -2.0396024035118643     
          40           9  -23.152506060739597        2.1308905418404578     
          45           9  -26.153516193332393       -3.4656815133349284     
          50           9  -20.647578568748770        1.4647229810904605     
          55           9   0.0000000000000000        0.0000000000000000     
          60           9  -23.359001164564575      -0.75657466266143558     
          65           9  -22.641115905273068       0.97385348127865257     
          70           9  -21.619870952847009        2.6589588517555995     
          75           9  -25.086630551882649       -3.0112327021214469     
          80           9   0.0000000000000000        0.0000000000000000     
          85           9  -24.436882645701985       -1.4350231588533546     
          90           9  -19.552589080618077        5.4109248859735004     
          95           9  -24.659000415923060      -0.33826740293285695     
           0          10  -26.659480879246964       -2.9232860751005063     
           5          10  -25.605157155781377       -1.8847148686429449     
          10          10  -25.583256471044535        1.8714762169036447     
          15          10  -28.363984795625186       0.20191131905100690     
          20          10   0.0000000000000000        0.0000000000000000     
          25          10  -26.039294364039733       -5.0095747332168372     
          30          10  -26.514327172577623       0.10923397055329076     
          35          10   0.0000000000000000        0.0000000000000000     
          40          10   0.0000000000000000        0.0000000000000000     
          45          10  -25.886308591083207       -1.8450708871853294     
          50          10   0.0000000000000000        0.0000000000000000     
          55          10   0.0000000000000000        0.0000000000000000     
          60          10   0.0000000000000000        0.0000000000000000     
          65          10  -26.372275961747960      -0.84381006019818017     
          70          10  -27.450506466024649        1.2484405900092810     
          75          10  -23.761306122409565       -1.7473359480479900     
          80          10   0.0000000000000000        0.0000000000000000     
          85          10  -22.630203040066021      -0.88626738565800167     
          90          10  -26.097552863362239        1.8292610630954442     
          95          10  -24.963470201058158       0.55062166901542753     
           0          11  -27.973167751126901       -2.8758017723173879     
           5          11  -27.425338599535998        2.0841940526583613     
          10          11  -27.351969221367511       -2.8633076291928461     
          15          11   0.0000000000000000        0.0000000000000000     
          20          11  -24.612303893150056        6.0487509795148497     
          25          11  -29.980114684384773       -2.4480480475741473     
          30          11  -25.781512217690761      -0.85280623754790952     
          35          11  -52.577678302263564      -0.76694519830056151     
          40          11   0.0000000000000000        0.0000000000000000     
          45          11  -27.446716882764122        2.9745590523067023     
          50          11  -27.241848467554064        2.6790400716425466     
          55          11   0.0000000000000000        0.0000000000000000     
          60          11  -29.688166810757366        2.4658781677278085     
          65          11  -25.804572756911170        1.8424322271126670     
          70          11   0.0000000000000000        0.0000000000000000     
          75          11  -28.889263961744405      -0.91077765353553275     
          80          11  -29.786671470830584       -2.1836667344654614     
          85          11   0.0000000000000000        0.0000000000000000     
          90          11  -24.721406032952586       -5.0058209833014899     
          95          11   0.0000000000000000        0.0000000000000000     
           0          12  -28.098996795258845       -1.5026435084397605     
           5          12  -28.593111196522081        1.1169497178808996     
          10          12  -27.557983456247825       -1.9888534093492893     
          15          12   0.0000000000000000        0.0000000000000000     
          20          12   0.0000000000000000        0.0000000000000000     
          25          12  -28.669544936086311       0.56772304868779599     
          30          12   0.0000000000000000        0.0000000000000000     
          35          12   0.0000000000000000        0.0000000000000000     
          40          12  -28.140940013159366        1.2771127854716013     
          45          12   0.0000000000000000        0.0000000000000000     
          50          12  -27.668196761823083      -0.43403091408045213     
          55          12  -28.844375862249194       -3.5547331278085181     
          60          12  -26.115952138567877        2.4992932317235983     
          65          12   0.0000000000000000        0.0000000000000000     
          70          12  -29.115935566963458       -1.2984953937777988     
          75          12   0.0000000000000000        0.0000000000000000     
          80          12   0.0000000000000000        0.0000000000000000     
          85          12   0.0000000000000000        0.0000000000000000     
          90          12   0.0000000000000000        0.0000000000000000     
          95          12  -33.054194361525902       -3.4381170836628172     
           0          13   0.0000000000000000        0.0000000000000000     
           5          13  -28.024559273309713       0.38156677685030616     
          10          13   0.0000000000000000        0.0000000000000000     
          15          13  -31.449685481561573        1.0133701490833147     
          20          13   0.0000000000000000        0.0000000000000000     
          25          13   0.0000000000000000        0.0000000000000000     
          30          13  -31.068239669806985      -0.50731549730009817     
          35          13   0.0000000000000000        0.0000000000000000     
          40          13  -28.741098410307586        2.8151044573565542     
          45          13   0.0000000000000000        0.0000000000000000     
          50          13   0.0000000000000000        0.0000000000000000     
          55          13   0.0000000000000000        0.0000000000000000     
          60          13   0.0000000000000000        0.0000000000000000     
          65          13   0.0000000000000000        0.0000000000000000     
          70          13  -34.599993453738875      -0.14601992808671582     
          75          13   0.0000000000000000        0.0000000000000000     
          80          13   0.0000000000000000        0.0000000000000000     
          85          13  -26.391940816310466        2.8728563471158708     
          90          13   0.0000000000000000        0.0000000000000000     
          95          13   0.0000000000000000        0.0000000000000000     
           0          14   0.0000000000000000        0.0000000000000000     
           5          14   0.0000000000000000        0.0000000000000000     
          10          14   0.0000000000000000        0.0000000000000000     
          15          14   0.0000000000000000        0.0000000000000000     
          20          14   0.0000000000000000        0.0000000000000000     
          25          14   0.0000000000000000        0.0000000000000000     
          30          14   0.0000000000000000        0.0000000000000000     
          35          14   0.0000000000000000        0.0000000000000000     
          40          14   0.0000000000000000        0.0000000000000000     
          45          14   0.0000000000000000        0.0000000000000000     
          50          14   0.0000000000000000        0.0000000000000000     
          55          14   0.0000000000000000        0.0000000000000000     
          60          14   0.0000000000000000        0.0000000000000000     
          65          14  -33.259578048117078       -1.3159680895480363     
          70          14   0.0000000000000000        0.0000000000000000     
          75          14   0.0000000000000000        0.0000000000000000     
          80          14   0.0000000000000000        0.0000000000000000     
          85          14   0.0000000000000000        0.0000000000000000     
          90          14   0.0000000000000000        0.0000000000000000     
          95          14  -28.976391980748417      -0.43836730719171157     
           0          15   0.0000000000000000        0.0000000000000000     
           5          15   0.0000000000000000        0.0000000000000000     
          10          15   0.0000000000000000        0.0000000000000000     
          15          15   0.0000000000000000        0.0000000000000000     
          20          15   0.0000000000000000        0.0000000000000000     
          25          15   0.0000000000000000        0.0000000000000000     
          30          15   0.0000000000000000        0.0000000000000000     
          35          15   0.0000000000000000        0.0000000000000000     
          40          15   0.0000000000000000        0.0000000000000000     
          45          15   0.0000000000000000        0.0000000000000000     
          50          15   0.0000000000000000        0.0000000000000000     
          55          15   0.0000000000000000        0.0000000000000000     
          60          15   0.0000000000000000        0.0000000000000000     
          65          15   0.0000000000000000        0.0000000000000000     
          70          15   0.0000000000000000        0.0000000000000000     
          75          15   0.0000000000000000        0.0000000000000000     
          80          15   0.0000000000000000        0.0000000000000000     
          85          15   0.0000000000000000        0.0000000000000000     
          90          15   0.0000000000000000        0.0000000000000000     
          95          15   0.0000000000000000        0.0000000000000000     
           0          16   0.0000000000000000        0.0000000000000000     
           5          16   0.0000000000000000        0.0000000000000000     
          10          16   0.0000000000000000        0.0000000000000000     
          15          16   0.0000000000000000        0.0000000000000000     
          20          16   0.0000000000000000        0.0000000000000000     
          25          16   0.0000000000000000        0.0000000000000000     
          30          16   0.0000000000000000        0.0000000000000000     
          35          16   0.0000000000000000        0.0000000000000000     
          40          16   0.0000000000000000        0.0000000000000000     
          45          16   0.0000000000000000        0.0000000000000000     
          50          16   0.0000000000000000        0.0000000000000000     
          55          16   0.0000000000000000        0.0000000000000000     
          60          16   0.0000000000000000        0.0000000000000000     
          65          16   0.0000000000000000        0.0000000000000000     
          70          16   0.0000000000000000        0.0000000000000000     
          75          16   0.0000000000000000        0.0000000000000000     
          80          16   0.0000000000000000        0.0000000000000000     
          85          16   0.0000000000000000        0.0000000000000000     
          90          16   0.0000000000000000        0.0000000000000000     
          95          16   0.0000000000000000        0.0000000000000000     
