           0           0   0.0000000000000000        0.0000000000000000     
           5           0   0.0000000000000000        0.0000000000000000     
          10           0   0.0000000000000000        0.0000000000000000     
          15           0   0.0000000000000000        0.0000000000000000     
          20           0   0.0000000000000000        0.0000000000000000     
          25           0   0.0000000000000000        0.0000000000000000     
          30           0   0.0000000000000000        0.0000000000000000     
          35           0   0.0000000000000000        0.0000000000000000     
          40           0   0.0000000000000000        0.0000000000000000     
          45           0   0.0000000000000000        0.0000000000000000     
          50           0   0.0000000000000000        0.0000000000000000     
          55           0   0.0000000000000000        0.0000000000000000     
          60           0   0.0000000000000000        0.0000000000000000     
          65           0   0.0000000000000000        0.0000000000000000     
          70           0   0.0000000000000000        0.0000000000000000     
          75           0   0.0000000000000000        0.0000000000000000     
          80           0   0.0000000000000000        0.0000000000000000     
          85           0   0.0000000000000000        0.0000000000000000     
          90           0   0.0000000000000000        0.0000000000000000     
          95           0   0.0000000000000000        0.0000000000000000     
           0           1  -13.723232306345617       -1.8843839711402133     
           5           1  -1.0646433905359132        5.9494506312041118     
          10           1  -3.2441702684948837        2.2484286563151379     
          15           1  -4.0100525814779076        2.3114090075293525     
          20           1  -7.0714299203089581       -1.8241878742752959     
          25           1 -0.52486947890173496       -5.0605030381989380     
          30           1  -5.9731137183405281       0.80241386156476580     
          35           1  -6.2498361455709528        4.6112692575062120     
          40           1  -14.293172594079806       -3.3980814285783367     
          45           1  -12.372849505482009       -4.3843631384365978     
          50           1  -1.2788184253764712       0.57776394255970587     
          55           1   0.0000000000000000        0.0000000000000000     
          60           1  -7.4766812851123632       -3.4629850165235343     
          65           1  -17.515362521223210       -2.9389869321216899     
          70           1  -14.724398290937302      -0.84796345114934724     
          75           1  -8.4849255775054644        5.6112572276079131     
          80           1  -8.3002192369718841       -9.0156697296994714     
          85           1  -3.3847782584217612        14.555435249461457     
          90           1   0.0000000000000000        0.0000000000000000     
          95           1 -0.84498240731534224        10.723372105816420     
           0           2   0.0000000000000000        0.0000000000000000     
           5           2  -15.613305904884633        1.0677975571682374     
          10           2  -11.464879119564841        3.4314376209110264     
          15           2  -25.938936283473879       -12.568834401300855     
          20           2   0.0000000000000000        0.0000000000000000     
          25           2  -14.739307391771206        2.7777490390157311     
          30           2   0.0000000000000000        0.0000000000000000     
          35           2  -16.283987572336400        1.2404469600424406     
          40           2  -4.2906870702097422        13.886887815282023     
          45           2  -10.850049111397198       -1.4813169513194779     
          50           2   0.0000000000000000        0.0000000000000000     
          55           2  -8.1453550185983659       -2.2795877336601045     
          60           2   0.0000000000000000        0.0000000000000000     
          65           2  -1.7558486438673526        1.2822116199129319     
          70           2  -12.573460444471607        1.1281205989144283     
          75           2  -13.993645719452275       -2.4315166443678038     
          80           2  -16.317734649575755       -10.036550501149044     
          85           2  -10.830709131113281       -1.1391348501077481     
          90           2   0.0000000000000000        0.0000000000000000     
          95           2   0.0000000000000000        0.0000000000000000     
           0           3   0.0000000000000000        0.0000000000000000     
           5           3  -22.668421078266832      -0.80571483318303549     
          10           3   0.0000000000000000        0.0000000000000000     
          15           3  -19.180548781427831      -0.81718593387680727     
          20           3  -27.074690597146400       -7.1799625562851688     
          25           3   0.0000000000000000        0.0000000000000000     
          30           3  -15.316664014939363       -4.4271960223030149     
          35           3   0.0000000000000000        0.0000000000000000     
          40           3  -26.670596400748536        5.4426833419540799     
          45           3  -28.764008433839194       0.68737679630004322     
          50           3  -25.403855282775112       -2.9394940641891409     
          55           3  -21.901346468524707        5.1609961218335165     
          60           3  -15.245945380044645        3.2285223574346489     
          65           3  -23.488964401892076       -2.6541938198576531     
          70           3   0.0000000000000000        0.0000000000000000     
          75           3  -17.296864659286371        5.3176935785437252     
          80           3   0.0000000000000000        0.0000000000000000     
          85           3  -16.037373205364247        4.6973010136253102     
          90           3   0.0000000000000000        0.0000000000000000     
          95           3  -17.588782722341989       -2.3398550783815253     
           0           4  -22.404018614743947       0.37113327785665007     
           5           4  -26.883772905192949       -3.4029848252847827     
          10           4  -26.779419117621828       -1.6643364111068593     
          15           4   0.0000000000000000        0.0000000000000000     
          20           4   0.0000000000000000        0.0000000000000000     
          25           4  -20.000081601363462       -2.5028792958270429     
          30           4  -22.967047542614694       -4.5971961434565500     
          35           4  -18.041206090941841       -2.7123015185148702     
          40           4   0.0000000000000000        0.0000000000000000     
          45           4  -27.766457604059269       -2.2399034252407191     
          50           4  -23.191796008816823        3.3741879396975705     
          55           4  -21.458706342016853        4.5441127728507169     
          60           4  -28.543324379484147        2.5115619451065996     
          65           4  -26.984168558925603      -0.75117332928531511     
          70           4  -14.599834286954660       -2.1799226898044921     
          75           4  -17.161705415205120       0.46114164504285071     
          80           4  -29.286770829273223      -0.54717362563572181     
          85           4   0.0000000000000000        0.0000000000000000     
          90           4  -25.444551671611748       -3.7178202016141526     
          95           4   0.0000000000000000        0.0000000000000000     
           0           5  -23.732124545135513        2.9422204674167673     
           5           5   0.0000000000000000        0.0000000000000000     
          10           5  -30.648621277471477      -0.14993609929181417     
          15           5  -64.819330522984941        11.409916989468805     
          20           5  -26.855946784003493       -1.8257099329010984     
          25           5  -28.279823087604683        1.8739629106345745     
          30           5  -21.382485445631261        4.6155195034547347     
          35           5  -24.851022872454109       -7.4206392736231308     
          40           5  -25.053444851010909        3.5635225991503816     
          45           5  -23.348747611677823       -7.1683893060159320     
          50           5   0.0000000000000000        0.0000000000000000     
          55           5  -30.580291319850517       -4.0247642956758867     
          60           5  -24.295162681156057        6.9884681863419118     
          65           5  -30.112345482606884       -8.8678274043907379E-002
          70           5   0.0000000000000000        0.0000000000000000     
          75           5  -17.873724709787098       -2.8235523617903269     
          80           5  -33.647966628009840        1.8679837338408944     
          85           5   0.0000000000000000        0.0000000000000000     
          90           5  -20.856855700444044        12.028072645491328     
          95           5  -59.179340453567875       -7.9123297471284104     
           0           6   0.0000000000000000        0.0000000000000000     
           5           6  -31.170442900294582        2.0311407942097404     
          10           6   0.0000000000000000        0.0000000000000000     
          15           6   0.0000000000000000        0.0000000000000000     
          20           6  -27.383787502479606       -2.3925849176231750     
          25           6  -37.578107360491941       -9.2723277342399157     
          30           6  -35.401044931084868        3.5941968338670804     
          35           6  -33.074995563033838        1.7117911266151253     
          40           6  -34.257256069452069        3.8491299496667963     
          45           6   0.0000000000000000        0.0000000000000000     
          50           6  -32.626829218358466       -2.8917057398425428     
          55           6  -34.598428054266606        2.7322482503544521     
          60           6   0.0000000000000000        0.0000000000000000     
          65           6   0.0000000000000000        0.0000000000000000     
          70           6   0.0000000000000000        0.0000000000000000     
          75           6  -21.815675867955520        2.1633067068949074     
          80           6  -31.952706243387752       -2.9769713223481986     
          85           6  -22.239115203959159       -1.9678626673202970     
          90           6  -36.282644931517893      -0.74738347592084864     
          95           6   0.0000000000000000        0.0000000000000000     
           0           7  -33.741824566603796        1.3438402441989794     
           5           7  -30.268335572531946       -1.0910528507190875     
          10           7   0.0000000000000000        0.0000000000000000     
          15           7  -35.968557793104594       -3.8285793066306084     
          20           7  -36.590357540120522       -2.9575449619612115     
          25           7  -37.089536628194253       -4.1338037143789919     
          30           7  -39.424519534492219        9.5723740159447956     
          35           7  -38.332050942280205       -4.8100057986300016     
          40           7  -33.447241282686946       -6.2628163176059459     
          45           7  -36.309561192879869        1.3045161591618282     
          50           7  -36.450794296811750       -5.0983176283159182     
          55           7  -39.962986181336646       -1.2087875948330051     
          60           7  -36.479216748688259       0.64532337499034753     
          65           7   0.0000000000000000        0.0000000000000000     
          70           7  -34.226849283314209      -0.12718302845105001     
          75           7   0.0000000000000000        0.0000000000000000     
          80           7   0.0000000000000000        0.0000000000000000     
          85           7  -35.144461385598902        7.9181746270995390     
          90           7   0.0000000000000000        0.0000000000000000     
          95           7  -27.059395214834581       0.60159523408209736     
           0           8  -40.387502912979656       -5.4545820287632552     
           5           8  -36.964994081221114       0.25626643105347569     
          10           8  -38.531710830564947      -0.52921919105664017     
          15           8  -40.117728942359321       -3.3862154181374393     
          20           8   0.0000000000000000        0.0000000000000000     
          25           8  -43.450022805249233      -0.98019247407599153     
          30           8  -44.254313205520646       -3.6809790319658475     
          35           8   0.0000000000000000        0.0000000000000000     
          40           8   0.0000000000000000        0.0000000000000000     
          45           8   0.0000000000000000        0.0000000000000000     
          50           8  -42.362108429827572       -3.6796929603344353     
          55           8  -41.598194755465556       -4.9821458725762824     
          60           8  -38.607808123387599       -2.1045931032848131     
          65           8  -37.695558114663186      -0.55038231185911002     
          70           8  -39.243284707666248        9.4274281450257291     
          75           8  -42.305539688456406       -2.9052954255703867E-002
          80           8  -79.670604433914605       -1.0046550161124657     
          85           8  -40.574280648471017        3.0735727892849951     
          90           8  -38.676097387693176       -1.1940332319948510     
          95           8   0.0000000000000000        0.0000000000000000     
           0           9  -38.403270746575899       -4.1541098694874989     
           5           9   0.0000000000000000        0.0000000000000000     
          10           9  -73.487346123641828        5.1604956723494411     
          15           9  -36.530556190337293       0.68749879968521554     
          20           9  -34.873334245375531        4.1203386646504470     
          25           9   0.0000000000000000        0.0000000000000000     
          30           9  -43.248926561982870        4.7772684496294460     
          35           9  -37.590801834141985        2.5528138461350380     
          40           9  -44.690050247950808       -1.5811195691295410     
          45           9  -42.578165424913550       0.72455961970696592     
          50           9   0.0000000000000000        0.0000000000000000     
          55           9  -41.478262981442526        6.3313341358917086     
          60           9  -42.749297403616993      -0.74518103256870916     
          65           9  -40.260022001419316       -3.4548148027280234     
          70           9  -36.949516873008292        6.3474380553696363     
          75           9   0.0000000000000000        0.0000000000000000     
          80           9  -42.534365191428947       -2.1071555044915868     
          85           9  -51.677005258454756        1.1393025278660929     
          90           9  -42.625046832611702       -1.5882953028256708     
          95           9  -34.869551518212916        5.0766248103162326     
           0          10  -39.996218688760905        5.3451384646319156     
           5          10  -41.698252913016098      -0.81514156815565286     
          10          10  -43.937215744307423       0.83320830314370653     
          15          10  -43.259362683727431        5.0400573015441097     
          20          10   0.0000000000000000        0.0000000000000000     
          25          10   0.0000000000000000        0.0000000000000000     
          30          10  -44.933561092825869       -1.2669910707696630     
          35          10  -43.432639787539529        1.2605899985640434     
          40          10   0.0000000000000000        0.0000000000000000     
          45          10  -91.603154707726731        1.5606124192757420     
          50          10   0.0000000000000000        0.0000000000000000     
          55          10  -46.318996133081214      -0.39394075910692550     
          60          10  -45.481370523319242        2.5293950106419771     
          65          10  -44.055930208983796        1.3017223187450355     
          70          10  -41.825073421435377        6.9062072351666615     
          75          10  -42.975264405455960        1.6620635477782031     
          80          10   0.0000000000000000        0.0000000000000000     
          85          10   0.0000000000000000        0.0000000000000000     
          90          10   0.0000000000000000        0.0000000000000000     
          95          10   0.0000000000000000        0.0000000000000000     
           0          11   0.0000000000000000        0.0000000000000000     
           5          11   0.0000000000000000        0.0000000000000000     
          10          11  -47.682043584114098       -3.2796900292719755     
          15          11  -48.147617856031388       0.32655242656609573     
          20          11  -48.525901448677189       -3.9121606562186884     
          25          11  -47.714238456606495       -3.4515096537912626     
          30          11  -42.959256872272533       -1.6364015479286564     
          35          11  -48.320897844291721       -6.4428848882069900     
          40          11  -50.819608412879802      -0.85878718636855922     
          45          11  -45.467142284962847       -1.3004016198880919     
          50          11  -93.613168934645330        5.3160005723018600     
          55          11  -45.179173759066771        3.6233126664075854     
          60          11   0.0000000000000000        0.0000000000000000     
          65          11  -47.354744979628549      -0.85101934312881156     
          70          11  -45.814175015905789       -1.9390810835151484     
          75          11  -45.691372139984310       -2.4179849583472190     
          80          11  -51.699510516343139       -3.1370525420815198     
          85          11  -49.834517938265321       -5.0310634345418492     
          90          11  -47.819168475413676       -1.6016564851906168     
          95          11  -45.574583150980175       -1.7118311376673745     
           0          12   0.0000000000000000        0.0000000000000000     
           5          12  -43.883228845937872       -1.7808333189872627     
          10          12   0.0000000000000000        0.0000000000000000     
          15          12  -50.627190994987359      -0.46541654650233966     
          20          12  -45.923741973403764       0.11162798934982732     
          25          12   0.0000000000000000        0.0000000000000000     
          30          12  -53.343022294853881      -0.17120140848980725     
          35          12  -99.091397543418225       -1.3943376091063442     
          40          12   0.0000000000000000        0.0000000000000000     
          45          12  -52.205733683550193       -1.3829334827875073     
          50          12  -51.707039259447640       -2.8042885464785172     
          55          12  -50.337214709337275       -1.6513437294829458     
          60          12  -48.941457714519743       -5.6865776958670011     
          65          12   0.0000000000000000        0.0000000000000000     
          70          12  -45.892803859004516        5.9604912431598933     
          75          12   0.0000000000000000        0.0000000000000000     
          80          12  -44.776677816500410        5.2915214863080706     
          85          12  -46.371614860660770       -1.1765957554832340     
          90          12  -52.154793411389733       -2.7135028807645512     
          95          12   0.0000000000000000        0.0000000000000000     
           0          13  -51.137098932924616       -1.4078207729983916     
           5          13  -47.482794151005869        4.4434717626717912     
          10          13  -50.172375556005733       -1.5474972016615851     
          15          13   0.0000000000000000        0.0000000000000000     
          20          13  -52.350194735097944        1.6678364076216923     
          25          13   0.0000000000000000        0.0000000000000000     
          30          13  -48.307409221735043       0.39105192272792522     
          35          13  -53.260009845743639        2.0315430831185921     
          40          13  -49.916667947158544       -1.2454297054542707     
          45          13  -53.333238623842760        1.8447192365567133     
          50          13  -51.806937967953104        2.7822795188559013     
          55          13  -53.194402208127656      -0.65368694460943289     
          60          13  -50.238176438952564       0.82869922873207713     
          65          13  -97.546813318203363       -1.3648324122783606     
          70          13   0.0000000000000000        0.0000000000000000     
          75          13  -51.173680995120208       -2.9330369054481054     
          80          13  -51.793871874181718       -1.9648960656670766     
          85          13  -53.934976391829537       -3.6555076409694465     
          90          13   0.0000000000000000        0.0000000000000000     
          95          13  -45.516991904932524        4.1724633269257794     
           0          14   0.0000000000000000        0.0000000000000000     
           5          14  -52.279252811415766        2.9482956671600391E-002
          10          14   0.0000000000000000        0.0000000000000000     
          15          14  -53.008871246369438       -4.1825585046684211     
          20          14   0.0000000000000000        0.0000000000000000     
          25          14   0.0000000000000000        0.0000000000000000     
          30          14   0.0000000000000000        0.0000000000000000     
          35          14   0.0000000000000000        0.0000000000000000     
          40          14  -51.120973239164869      -0.59064189383839505     
          45          14   0.0000000000000000        0.0000000000000000     
          50          14   0.0000000000000000        0.0000000000000000     
          55          14  -52.180567038675463        1.1671160806248082     
          60          14   0.0000000000000000        0.0000000000000000     
          65          14   0.0000000000000000        0.0000000000000000     
          70          14  -54.558612419342012       -2.2045235689827081     
          75          14   0.0000000000000000        0.0000000000000000     
          80          14  -53.406197585488258       -1.6464496504031700     
          85          14  -52.039550629459086      -0.82845021593946910     
          90          14  -50.611783952732026        2.8449177464384690     
          95          14   0.0000000000000000        0.0000000000000000     
           0          15   0.0000000000000000        0.0000000000000000     
           5          15   0.0000000000000000        0.0000000000000000     
          10          15   0.0000000000000000        0.0000000000000000     
          15          15   0.0000000000000000        0.0000000000000000     
          20          15  -50.005994426918221       -1.4889584933897027E-002
          25          15  -49.809818586936672       -2.0266113076505832     
          30          15   0.0000000000000000        0.0000000000000000     
          35          15  -51.689303509974138        3.4941993998582888     
          40          15   0.0000000000000000        0.0000000000000000     
          45          15   0.0000000000000000        0.0000000000000000     
          50          15  -53.319511644431827       -1.3811116903195142     
          55          15  -49.708403350905428       -4.1069073931776501     
          60          15   0.0000000000000000        0.0000000000000000     
          65          15  -52.701065377434020       -6.2838203687309857     
          70          15   0.0000000000000000        0.0000000000000000     
          75          15   0.0000000000000000        0.0000000000000000     
          80          15   0.0000000000000000        0.0000000000000000     
          85          15   0.0000000000000000        0.0000000000000000     
          90          15   0.0000000000000000        0.0000000000000000     
          95          15   0.0000000000000000        0.0000000000000000     
           0          16  -53.310138139482376      -0.92140286868769294     
           5          16  -51.412070901020179        1.5738437056178611     
          10          16   0.0000000000000000        0.0000000000000000     
          15          16   0.0000000000000000        0.0000000000000000     
          20          16   0.0000000000000000        0.0000000000000000     
          25          16   0.0000000000000000        0.0000000000000000     
          30          16   0.0000000000000000        0.0000000000000000     
          35          16   0.0000000000000000        0.0000000000000000     
          40          16  -56.570861718157062       -1.6716730849886119     
          45          16   0.0000000000000000        0.0000000000000000     
          50          16   0.0000000000000000        0.0000000000000000     
          55          16   0.0000000000000000        0.0000000000000000     
          60          16   0.0000000000000000        0.0000000000000000     
          65          16   0.0000000000000000        0.0000000000000000     
          70          16   0.0000000000000000        0.0000000000000000     
          75          16   0.0000000000000000        0.0000000000000000     
          80          16   0.0000000000000000        0.0000000000000000     
          85          16  -55.795478387707931       -1.1986674242159268     
          90          16   0.0000000000000000        0.0000000000000000     
          95          16   0.0000000000000000        0.0000000000000000     
