           0           0   0.0000000000000000        0.0000000000000000     
           5           0   0.0000000000000000        0.0000000000000000     
          10           0   0.0000000000000000        0.0000000000000000     
          15           0   0.0000000000000000        0.0000000000000000     
          20           0   0.0000000000000000        0.0000000000000000     
          25           0   0.0000000000000000        0.0000000000000000     
          30           0   0.0000000000000000        0.0000000000000000     
          35           0   0.0000000000000000        0.0000000000000000     
          40           0   0.0000000000000000        0.0000000000000000     
          45           0   0.0000000000000000        0.0000000000000000     
          50           0   0.0000000000000000        0.0000000000000000     
          55           0   0.0000000000000000        0.0000000000000000     
          60           0   0.0000000000000000        0.0000000000000000     
          65           0   0.0000000000000000        0.0000000000000000     
          70           0   0.0000000000000000        0.0000000000000000     
          75           0   0.0000000000000000        0.0000000000000000     
          80           0   0.0000000000000000        0.0000000000000000     
          85           0   0.0000000000000000        0.0000000000000000     
          90           0   0.0000000000000000        0.0000000000000000     
          95           0   0.0000000000000000        0.0000000000000000     
           0           1   0.0000000000000000        0.0000000000000000     
           5           1  -4.1949512156991275       -8.1959937176545594     
          10           1   0.0000000000000000        0.0000000000000000     
          15           1 -0.69984767866237974        12.604548210262134     
          20           1   0.0000000000000000        0.0000000000000000     
          25           1   0.0000000000000000        0.0000000000000000     
          30           1  -1.4462744975674013       -1.4941982155880495     
          35           1   0.0000000000000000        0.0000000000000000     
          40           1   0.0000000000000000        0.0000000000000000     
          45           1   1.8984433175717186        2.7295237868918409     
          50           1   6.9686414490632842        9.9504622609924986     
          55           1  -1.7074299898922618       -3.9640076008740088     
          60           1   0.0000000000000000        0.0000000000000000     
          65           1  -5.1661113336365361      -0.23860620604221339     
          70           1  -8.1618506133196433       -5.0381401065391351     
          75           1  -13.954094559167629       -1.4121797898614119     
          80           1  -9.1016561604817525       -9.5462043450056377     
          85           1  -4.3268604911617103       -5.5163474083674835     
          90           1 -0.23486138033490533       -3.8831306864361981     
          95           1  -2.0896020458138764        3.9817595991853416     
           0           2  -7.0353696790864673        7.8201100015506952     
           5           2   0.0000000000000000        0.0000000000000000     
          10           2   0.0000000000000000        0.0000000000000000     
          15           2  -11.680383567007624       -3.2187844086761785     
          20           2   0.0000000000000000        0.0000000000000000     
          25           2  -9.9320642319256081       -6.7433749471601523     
          30           2  -9.8233267945602165        1.7368023205222016     
          35           2   0.0000000000000000        0.0000000000000000     
          40           2  -5.7067308393499161       -2.1230275578965063     
          45           2   0.0000000000000000        0.0000000000000000     
          50           2   0.0000000000000000        0.0000000000000000     
          55           2  -11.895151837713058        3.3790502487729412     
          60           2  -10.270725802214997       -7.8201351394424634     
          65           2  -40.240164393594569       -4.4523249379802010     
          70           2  -17.479258758115179       -5.1581084813312472     
          75           2   0.0000000000000000        0.0000000000000000     
          80           2   0.0000000000000000        0.0000000000000000     
          85           2  -18.221597816605595       -8.1324189719644835     
          90           2   0.0000000000000000        0.0000000000000000     
          95           2   0.0000000000000000        0.0000000000000000     
           0           3  -14.483443054433796       -6.5772156985532959     
           5           3  -20.615694197698708      -0.19836679810758540     
          10           3  -9.2627712629944625      -0.78479504463935257     
          15           3   0.0000000000000000        0.0000000000000000     
          20           3   0.0000000000000000        0.0000000000000000     
          25           3  -21.780049397150947       -2.6781796233121824     
          30           3  -6.7086721659137538      -0.19093452094498531     
          35           3  -11.161799564973762        1.3199607852998341     
          40           3   0.0000000000000000        0.0000000000000000     
          45           3  -13.611691296588901       -2.2639435887983339     
          50           3   0.0000000000000000        0.0000000000000000     
          55           3  -17.403081232636453        3.4697582641785019     
          60           3  -19.734350526263711       -8.1539705992295097     
          65           3   0.0000000000000000        0.0000000000000000     
          70           3   0.0000000000000000        0.0000000000000000     
          75           3   0.0000000000000000        0.0000000000000000     
          80           3  -9.0175779190815319       -3.8341916416628763     
          85           3  -18.319305144203213       -4.6244659316929670     
          90           3  -5.7546254881657433       0.51656438011526973     
          95           3   0.0000000000000000        0.0000000000000000     
           0           4   0.0000000000000000        0.0000000000000000     
           5           4   0.0000000000000000        0.0000000000000000     
          10           4  -21.324607154156183        4.1895407358838455     
          15           4  -16.431861564818462       -4.0803557110136168     
          20           4  -18.552735872319204        2.6700373688948176     
          25           4   0.0000000000000000        0.0000000000000000     
          30           4  -19.362012362371672        9.2839221610185874     
          35           4  -22.886863898392562       -8.7852036139368650     
          40           4  -18.298275865618052       -3.0783975540016328     
          45           4  -21.293528115933213       -3.4035276027521988     
          50           4  -24.784347109090277        7.5924224453638445     
          55           4  -22.357112335029683       -5.1300316648150712     
          60           4  -24.060326832753276        2.8260788320233488     
          65           4  -20.788064350014679       -5.6178774230675188     
          70           4  -20.115556648718780        2.0566821796874635     
          75           4  -20.427436785226405        3.1529462546542320     
          80           4   0.0000000000000000        0.0000000000000000     
          85           4  -19.635590618705123      -0.18663561142329144     
          90           4   0.0000000000000000        0.0000000000000000     
          95           4  -9.2240622479522472        6.1126857550108937     
           0           5  -25.376340863930423        1.2434458688836969     
           5           5  -24.216285627347567       0.45457691188577343     
          10           5  -25.583363012717797        2.1868856574025486     
          15           5   0.0000000000000000        0.0000000000000000     
          20           5  -22.400845867061037       -2.5127204107855405     
          25           5  -17.411190609912808        7.0066733744367227     
          30           5  -16.752967354243253        8.8318548697730037     
          35           5  -22.496699574396928       0.70206611245460238     
          40           5   0.0000000000000000        0.0000000000000000     
          45           5  -26.572839958234340        1.2075894137497656     
          50           5  -29.458300805451643       -5.7224041658221481     
          55           5   0.0000000000000000        0.0000000000000000     
          60           5  -26.089904863582092        4.6785773963220478     
          65           5  -23.483660275473994        1.6581455368269715     
          70           5  -27.725115273327106       -7.5318289262282789     
          75           5  -26.404173087897220       -2.1605876795272039     
          80           5  -51.171183326417236        13.016327341865974     
          85           5   0.0000000000000000        0.0000000000000000     
          90           5   0.0000000000000000        0.0000000000000000     
          95           5  -17.306062846671466        3.0738148424225287     
           0           6   0.0000000000000000        0.0000000000000000     
           5           6  -23.095529755763344        4.3797442518700436     
          10           6  -22.713140086150219       -5.3110507247522420     
          15           6  -29.300565704932779       0.16870658085199608     
          20           6  -28.383493319310560       -1.0274793178455255     
          25           6  -29.233658547109798      -0.48862634525637105     
          30           6  -27.920809116643852       -2.4771451913929710     
          35           6  -27.468847448588463       0.83302599764412122     
          40           6   0.0000000000000000        0.0000000000000000     
          45           6   0.0000000000000000        0.0000000000000000     
          50           6  -28.518171156335370       -1.7748017016439022     
          55           6  -28.428068422599040       -5.3854078731907506     
          60           6  -24.398048223304158        1.3571249724408929     
          65           6  -25.823324161038386        2.1909315643409144     
          70           6  -26.552249010975970       -2.2595983194095837     
          75           6  -22.892477015048485        8.2932954237335821E-003
          80           6   0.0000000000000000        0.0000000000000000     
          85           6  -24.074999676955144        2.0908960256527109E-002
          90           6  -26.072511960322231       -3.5575491955563976     
          95           6   0.0000000000000000        0.0000000000000000     
           0           7  -29.914942799610653       -6.1148771509156319     
           5           7  -29.844087381927231        2.9672970952399069     
          10           7   0.0000000000000000        0.0000000000000000     
          15           7   0.0000000000000000        0.0000000000000000     
          20           7  -27.452942761101440      -0.88103033677011666     
          25           7  -28.769881565455790      -0.10013488512150559     
          30           7  -33.022504437454359       -2.5312153636081192     
          35           7  -35.704807200644950      -0.47059341742095029     
          40           7   0.0000000000000000        0.0000000000000000     
          45           7  -33.926265711414771        2.1296333859366356     
          50           7  -28.719402992933851       0.38822361122736737     
          55           7  -19.424468511282100        1.5502137700185159     
          60           7  -28.918257117780399        2.0382874794355743     
          65           7  -32.219513062443639       0.76129561808802038     
          70           7   0.0000000000000000        0.0000000000000000     
          75           7  -33.838561627064223       -5.2757350125842706     
          80           7  -33.801285532391034       -3.0709097469605595     
          85           7  -30.036712303811441       0.96076134159961413     
          90           7   0.0000000000000000        0.0000000000000000     
          95           7   0.0000000000000000        0.0000000000000000     
           0           8  -41.545021262082145       -7.8414865117526489     
           5           8  -36.404024679810298       -3.7088475874735849     
          10           8  -32.326184040156747        2.6057333230955493     
          15           8  -34.318864382356651      -0.56611885578483623     
          20           8  -37.771819933247741        2.5547538357439947     
          25           8   0.0000000000000000        0.0000000000000000     
          30           8   0.0000000000000000        0.0000000000000000     
          35           8   0.0000000000000000        0.0000000000000000     
          40           8  -31.792646480255371      -0.10985489306669649     
          45           8  -30.765557204972538       -3.0657020266033896     
          50           8   0.0000000000000000        0.0000000000000000     
          55           8  -35.945077096570799       -3.4293357390158263     
          60           8   0.0000000000000000        0.0000000000000000     
          65           8  -38.232265527327058       -2.8595946695464391     
          70           8  -37.454039033590902      -0.22394486323129570     
          75           8  -73.529446990647784        8.3807820985271064E-002
          80           8   0.0000000000000000        0.0000000000000000     
          85           8   0.0000000000000000        0.0000000000000000     
          90           8  -33.935830403279965       0.76117464794300815     
          95           8   0.0000000000000000        0.0000000000000000     
           0           9   0.0000000000000000        0.0000000000000000     
           5           9   0.0000000000000000        0.0000000000000000     
          10           9  -39.125053569684098       -1.5573148510483747     
          15           9  -42.893067340763480       -2.6489311513966385     
          20           9  -38.285567669653631      -0.54289371049343060     
          25           9  -34.985738865742633        5.2982584391347842     
          30           9  -32.722947431196303        1.2024849196379250E-002
          35           9  -36.250436518265872        1.0355639002579409     
          40           9  -35.839607137191365       -1.8289070316601652     
          45           9   0.0000000000000000        0.0000000000000000     
          50           9  -34.002140787166013        2.6841117546805293     
          55           9   0.0000000000000000        0.0000000000000000     
          60           9  -35.780866637011854       -4.3073468229781753     
          65           9  -35.112634373959395       -2.5970701963995424     
          70           9   0.0000000000000000        0.0000000000000000     
          75           9   0.0000000000000000        0.0000000000000000     
          80           9  -43.578995774353757       0.92187106404573171     
          85           9  -39.623314581191948       -4.5545506121147383     
          90           9  -38.638593599884530        4.5168188268274179     
          95           9  -32.946148670660591        2.7526185338988540     
           0          10  -43.137218598055526       -3.1157696809724911     
           5          10  -42.202151183512449       -4.8350076591407998     
          10          10   0.0000000000000000        0.0000000000000000     
          15          10   0.0000000000000000        0.0000000000000000     
          20          10  -39.574508324022872       0.55961720857311548     
          25          10  -39.203084359868967       -1.8310908703522699     
          30          10   0.0000000000000000        0.0000000000000000     
          35          10   0.0000000000000000        0.0000000000000000     
          40          10  -37.851806666395760        1.3276023232311474     
          45          10   0.0000000000000000        0.0000000000000000     
          50          10  -39.161628147184047        1.6930398744019470     
          55          10  -39.025973935409297      -0.84832455439887156     
          60          10  -37.179997877743176        2.7129961708549644     
          65          10  -44.495625374381120        1.0590588165815262     
          70          10  -40.334043126435404        1.5503480677470094     
          75          10  -38.248673375633757      -0.46731671251798446     
          80          10  -38.594427744484960      -0.93490510995941634     
          85          10  -41.538667227811743       -1.6240535104561360     
          90          10  -40.226225568389395        1.6149987820934797     
          95          10  -41.373178918249209       -3.2224958289273076     
           0          11   0.0000000000000000        0.0000000000000000     
           5          11   0.0000000000000000        0.0000000000000000     
          10          11   0.0000000000000000        0.0000000000000000     
          15          11  -39.855737878298214       -3.1597578319608743     
          20          11   0.0000000000000000        0.0000000000000000     
          25          11  -38.143124305101139        1.9174452466064196     
          30          11  -41.033993301979876       -5.4531838726479265     
          35          11  -41.568014274417919        2.1849547121099988     
          40          11   0.0000000000000000        0.0000000000000000     
          45          11   0.0000000000000000        0.0000000000000000     
          50          11   0.0000000000000000        0.0000000000000000     
          55          11  -41.635205553447463      -0.88435425939614731     
          60          11  -44.786714066447075        4.1243139209701241     
          65          11  -41.710946438442420       0.51852269204566426     
          70          11  -45.604751768664187       -2.2891122981949508     
          75          11  -41.527844814694959      -0.45836887466954579     
          80          11  -40.473358807346926       -2.8537527245386940     
          85          11  -42.657413620972306       0.23486903837799389     
          90          11   0.0000000000000000        0.0000000000000000     
          95          11   0.0000000000000000        0.0000000000000000     
           0          12   0.0000000000000000        0.0000000000000000     
           5          12  -39.545453254175023       -4.0557080346115271     
          10          12  -41.853291171456419       -2.5069031657753982     
          15          12  -44.074903519906172       -1.8544460994629475     
          20          12  -41.141030728262251       -2.6566655616111490     
          25          12  -36.794355633347209        1.0724034839260099     
          30          12   0.0000000000000000        0.0000000000000000     
          35          12  -46.188366276140869       -2.1103949611944728     
          40          12  -42.680593855450866      -0.72302736033869053     
          45          12  -44.509066870190850       -4.5176739776930930     
          50          12  -92.586998697399281       -6.9774368096453543     
          55          12  -45.434991696495786       -2.7109835198313448     
          60          12  -43.473757397762824        4.6203489732921099     
          65          12  -43.700892263771607       0.58557718221941002     
          70          12  -48.229423047772002       -1.5394966709880720     
          75          12  -43.269362299227510        2.3231695701309008     
          80          12   0.0000000000000000        0.0000000000000000     
          85          12  -47.326087768553293       -1.4457674646362051     
          90          12  -44.074791544872483        2.1069331379752754     
          95          12  -43.256811951195573        5.0185628428867091     
           0          13   0.0000000000000000        0.0000000000000000     
           5          13  -46.685726524304805       -5.6679800024372895     
          10          13  -45.948528628318996        2.0236104879511885     
          15          13  -45.052088694212955      -0.93563584994349469     
          20          13  -43.361256724878672        2.5839339763233937     
          25          13   0.0000000000000000        0.0000000000000000     
          30          13  -45.970200428442354       -1.8367409091002429     
          35          13   0.0000000000000000        0.0000000000000000     
          40          13  -44.278522056231395        1.1524510002214328     
          45          13  -46.593897403042206      -0.46301833353190602     
          50          13  -43.384993890498436      -0.46729696149050426     
          55          13  -47.082807237259772       -2.0516416210369925E-003
          60          13   0.0000000000000000        0.0000000000000000     
          65          13  -46.013546241923109       0.28727364949965306     
          70          13   0.0000000000000000        0.0000000000000000     
          75          13   0.0000000000000000        0.0000000000000000     
          80          13  -48.833474017371259       -1.0610076142203440     
          85          13  -42.304130781403160        3.8299033484623379     
          90          13   0.0000000000000000        0.0000000000000000     
          95          13   0.0000000000000000        0.0000000000000000     
           0          14   0.0000000000000000        0.0000000000000000     
           5          14   0.0000000000000000        0.0000000000000000     
          10          14   0.0000000000000000        0.0000000000000000     
          15          14  -42.738866801101949       -4.1391878855012720     
          20          14   0.0000000000000000        0.0000000000000000     
          25          14  -45.551885572976403        1.7621968308834113     
          30          14   0.0000000000000000        0.0000000000000000     
          35          14  -43.204325487309347        4.1914749741334134     
          40          14  -41.277152561391972       -6.9422346540459756     
          45          14  -46.106094546303211        2.8072444127946738     
          50          14  -48.804299300613252        1.1561226615963704     
          55          14   0.0000000000000000        0.0000000000000000     
          60          14  -48.650813744259835        3.0021003869773466     
          65          14   0.0000000000000000        0.0000000000000000     
          70          14   0.0000000000000000        0.0000000000000000     
          75          14   0.0000000000000000        0.0000000000000000     
          80          14   0.0000000000000000        0.0000000000000000     
          85          14  -44.113706790298579       -1.9650535055415475     
          90          14  -42.729670727581492       0.46640988574431219     
          95          14   0.0000000000000000        0.0000000000000000     
           0          15   0.0000000000000000        0.0000000000000000     
           5          15   0.0000000000000000        0.0000000000000000     
          10          15  -44.694999057881546       -3.1148041214823508     
          15          15   0.0000000000000000        0.0000000000000000     
          20          15   0.0000000000000000        0.0000000000000000     
          25          15   0.0000000000000000        0.0000000000000000     
          30          15   0.0000000000000000        0.0000000000000000     
          35          15  -43.896200240496341        3.1758693997918641     
          40          15  -41.694779182535058        2.2886355483908716     
          45          15   0.0000000000000000        0.0000000000000000     
          50          15  -49.714761773955729      -0.75115464416519728     
          55          15  -47.998104366868688       0.10643061082227234     
          60          15   0.0000000000000000        0.0000000000000000     
          65          15  -43.385047643411667        1.7219905794707557     
          70          15   0.0000000000000000        0.0000000000000000     
          75          15   0.0000000000000000        0.0000000000000000     
          80          15  -46.768500059855000       0.67952439004592691     
          85          15   0.0000000000000000        0.0000000000000000     
          90          15  -45.165947651994998        3.1029226183942882     
          95          15   0.0000000000000000        0.0000000000000000     
           0          16   0.0000000000000000        0.0000000000000000     
           5          16   0.0000000000000000        0.0000000000000000     
          10          16   0.0000000000000000        0.0000000000000000     
          15          16   0.0000000000000000        0.0000000000000000     
          20          16  -54.245115147359968        5.4369091156125648     
          25          16   0.0000000000000000        0.0000000000000000     
          30          16   0.0000000000000000        0.0000000000000000     
          35          16   0.0000000000000000        0.0000000000000000     
          40          16   0.0000000000000000        0.0000000000000000     
          45          16   0.0000000000000000        0.0000000000000000     
          50          16   0.0000000000000000        0.0000000000000000     
          55          16   0.0000000000000000        0.0000000000000000     
          60          16   0.0000000000000000        0.0000000000000000     
          65          16   0.0000000000000000        0.0000000000000000     
          70          16   0.0000000000000000        0.0000000000000000     
          75          16   0.0000000000000000        0.0000000000000000     
          80          16   0.0000000000000000        0.0000000000000000     
          85          16   0.0000000000000000        0.0000000000000000     
          90          16   0.0000000000000000        0.0000000000000000     
          95          16   0.0000000000000000        0.0000000000000000     
