           0           0   0.0000000000000000        0.0000000000000000     
           5           0   0.0000000000000000        0.0000000000000000     
          10           0   0.0000000000000000        0.0000000000000000     
          15           0   0.0000000000000000        0.0000000000000000     
          20           0   0.0000000000000000        0.0000000000000000     
          25           0   0.0000000000000000        0.0000000000000000     
          30           0   0.0000000000000000        0.0000000000000000     
          35           0   0.0000000000000000        0.0000000000000000     
          40           0   0.0000000000000000        0.0000000000000000     
          45           0   0.0000000000000000        0.0000000000000000     
          50           0   0.0000000000000000        0.0000000000000000     
          55           0   0.0000000000000000        0.0000000000000000     
          60           0   0.0000000000000000        0.0000000000000000     
          65           0   0.0000000000000000        0.0000000000000000     
          70           0   0.0000000000000000        0.0000000000000000     
          75           0   0.0000000000000000        0.0000000000000000     
          80           0   0.0000000000000000        0.0000000000000000     
          85           0   0.0000000000000000        0.0000000000000000     
          90           0   0.0000000000000000        0.0000000000000000     
          95           0   0.0000000000000000        0.0000000000000000     
           0           1   0.0000000000000000        0.0000000000000000     
           5           1  -8.4360923349668937        4.0316728883249553     
          10           1  -11.352752077939954       -2.5640041550611947     
          15           1  -2.5400845863465804        12.032149153584637     
          20           1  -7.1758086002660093        5.7662292883531308     
          25           1   1.0222340204890656       -1.3460354780936434     
          30           1   0.0000000000000000        0.0000000000000000     
          35           1   0.0000000000000000        0.0000000000000000     
          40           1   4.2799408810267892       0.62695877173890580     
          45           1  -4.5532409939852414       -1.0943521227901876     
          50           1   1.8406704791829043       -1.6923704274207640     
          55           1  -10.262640562750391       -7.0177340558563728     
          60           1   4.9413097040940102        6.1105898383906343     
          65           1  -10.277790026194111      -0.74233892166208904     
          70           1   0.0000000000000000        0.0000000000000000     
          75           1  -4.0127223372365961       -5.7804838207053955     
          80           1  -5.4946645852993470        3.6307591015694030     
          85           1   0.0000000000000000        0.0000000000000000     
          90           1   2.3512657177349183        2.0910391662365413     
          95           1  -3.5211337260676601        8.2185068124807081     
           0           2  -8.5769865581358786        3.7704318061360098     
           5           2  -10.488553494041319        8.9831937738749090     
          10           2  -6.8192718362780624        1.0812257183046015     
          15           2  -5.6707810911760248        4.4936613912627266     
          20           2   0.0000000000000000        0.0000000000000000     
          25           2  -10.846688382137870       -2.1661329667077567     
          30           2  -17.197590417197262       -2.6388838501745226     
          35           2  -12.172123143372460        1.5223959113441765     
          40           2  -9.5580847162324289       -1.2505923026395749     
          45           2  -13.486084383060870       -5.2618106916524354     
          50           2   0.0000000000000000        0.0000000000000000     
          55           2  -19.962365572325780       -3.7763798006906768     
          60           2  -22.436016660485336       -4.9604336432929053     
          65           2   0.0000000000000000        0.0000000000000000     
          70           2  -2.3329829794960233        13.614216838879756     
          75           2  -10.044527939427894        9.7197687804095878     
          80           2   0.0000000000000000        0.0000000000000000     
          85           2  -4.3736415684492158       -1.2087194911503119     
          90           2   0.0000000000000000        0.0000000000000000     
          95           2  -19.203964952652086       -3.9603501664586815     
           0           3  -24.632531708999871       -2.8762638180079847E-002
           5           3   0.0000000000000000        0.0000000000000000     
          10           3  -17.606128219078698        6.6344503114001974     
          15           3  -5.0319392713760180        10.542619103777184     
          20           3   0.0000000000000000        0.0000000000000000     
          25           3  -22.610667659748174        4.2897639701111601     
          30           3   0.0000000000000000        0.0000000000000000     
          35           3   0.0000000000000000        0.0000000000000000     
          40           3  -16.223799809296224       -2.7234968948697258     
          45           3   0.0000000000000000        0.0000000000000000     
          50           3  -12.393974237170369       -1.6759939263577550     
          55           3  -7.6658428249487542        5.0553737176750602     
          60           3  -10.660182210742164        12.590140070054545     
          65           3  -14.416085848765192       -2.9414947516315237     
          70           3   0.0000000000000000        0.0000000000000000     
          75           3  -22.448507794265993      -0.41531001055972183     
          80           3  -18.669101108841346       -6.1419697028286535     
          85           3  -14.668505658121944        2.9834293250408095     
          90           3  -26.026259287519338       -2.5554093412072376     
          95           3   0.0000000000000000        0.0000000000000000     
           0           4   0.0000000000000000        0.0000000000000000     
           5           4   0.0000000000000000        0.0000000000000000     
          10           4  -13.001557910792272        2.2423050129294353     
          15           4  -23.125976449920316       -2.2345611124574560     
          20           4  -21.213759649327812       0.11132223910248484     
          25           4  -21.226958223437009        7.5846062704121309     
          30           4  -23.660023412439557       -9.6734974334422574     
          35           4  -22.932070808892036        7.8613735114396732     
          40           4   0.0000000000000000        0.0000000000000000     
          45           4  -9.6286387743305113        5.5621215835399695     
          50           4  -16.376569847977862        10.708435663837612     
          55           4  -23.892867624972780       -1.3147011292646837     
          60           4   0.0000000000000000        0.0000000000000000     
          65           4   0.0000000000000000        0.0000000000000000     
          70           4  -26.830057412112751       -3.8047588808209909     
          75           4  -21.971139724499267        2.6400844283092084     
          80           4   0.0000000000000000        0.0000000000000000     
          85           4  -22.253663539473223       -1.4810811912058242     
          90           4  -25.316829097548066       0.48923509922804698     
          95           4  -25.499042252690174        10.266991516130197     
           0           5  -24.484838707087977       -6.2942175083824381     
           5           5  -23.897994374126874        2.8681484186998674     
          10           5   0.0000000000000000        0.0000000000000000     
          15           5  -54.588848915155808        5.0309141249860190     
          20           5  -25.689185282153915       -7.9632033753718190E-002
          25           5   0.0000000000000000        0.0000000000000000     
          30           5   0.0000000000000000        0.0000000000000000     
          35           5  -18.770289549081554        6.9021917081313333     
          40           5  -27.263825421002252       -7.8086772226493295     
          45           5  -23.696497245566661       -1.1563373968881407     
          50           5  -18.570946621494500        4.1676923729783155     
          55           5   0.0000000000000000        0.0000000000000000     
          60           5   0.0000000000000000        0.0000000000000000     
          65           5  -16.977812832479344       -2.8105253719923340     
          70           5  -30.652203061478644       -3.7032874543241334     
          75           5  -26.614176702182135        1.0252685188172350     
          80           5  -27.483848459510796       -2.7506171423175019     
          85           5   0.0000000000000000        0.0000000000000000     
          90           5  -27.828378200140946       -4.8315511705965264     
          95           5  -26.201127500016241       -3.4605080275662559     
           0           6  -26.259555068994242       -6.7141595152486744     
           5           6  -31.833265376914888       -1.3720442986153714     
          10           6   0.0000000000000000        0.0000000000000000     
          15           6  -31.946088772416559        3.4691986575730027     
          20           6   0.0000000000000000        0.0000000000000000     
          25           6  -28.778627910241994       -1.8284794046552477     
          30           6  -28.012503953931400       0.21266658199348143     
          35           6   0.0000000000000000        0.0000000000000000     
          40           6  -27.481137398943645      -0.82520511624828430     
          45           6   0.0000000000000000        0.0000000000000000     
          50           6  -21.722536013513150        7.7464464143117695     
          55           6   0.0000000000000000        0.0000000000000000     
          60           6   0.0000000000000000        0.0000000000000000     
          65           6  -30.718987204707560       -6.0839755654962246     
          70           6   0.0000000000000000        0.0000000000000000     
          75           6   0.0000000000000000        0.0000000000000000     
          80           6  -25.519449826489904      -0.19768542896425600     
          85           6   0.0000000000000000        0.0000000000000000     
          90           6  -29.193092845645197        7.8897856438953085     
          95           6   0.0000000000000000        0.0000000000000000     
           0           7   0.0000000000000000        0.0000000000000000     
           5           7   0.0000000000000000        0.0000000000000000     
          10           7  -34.166581030543597        3.7201701172007162     
          15           7  -31.198881623595298        5.1109704453677907     
          20           7  -31.965078251161572       -6.5669845413873773     
          25           7  -33.899726715205247       -2.5082055464631381     
          30           7  -35.452501070274423       -3.5461659165791914     
          35           7   0.0000000000000000        0.0000000000000000     
          40           7  -35.077801143899023       -1.7353781116868916     
          45           7  -33.356450942818583      -0.80972317861860432     
          50           7  -38.857555540658950       -7.1683642619868593     
          55           7  -40.492391981565845       0.18747454083367643     
          60           7  -32.937994516686331       -2.2089952379866773     
          65           7  -37.118039983496942      -0.62344141789960617     
          70           7  -19.609381416003657        5.3253557035359833     
          75           7  -34.412843777076318       -3.4145278234332110     
          80           7  -36.635941938598648      -0.28202552586620300     
          85           7  -28.140851050793003       0.78100768367228568     
          90           7   0.0000000000000000        0.0000000000000000     
          95           7  -31.426478614449138      -0.66049073644158796     
           0           8  -37.790570439158451       0.50355339300089952     
           5           8   0.0000000000000000        0.0000000000000000     
          10           8  -32.559613391409670      -0.12583381431063856     
          15           8   0.0000000000000000        0.0000000000000000     
          20           8  -36.649713085452618        2.7382147625143460     
          25           8  -35.712342919520523       -5.4559237828133433     
          30           8   0.0000000000000000        0.0000000000000000     
          35           8  -31.493728493074968       -2.6377263847532362     
          40           8   0.0000000000000000        0.0000000000000000     
          45           8  -35.248857119967170        3.5426198126131681E-002
          50           8  -32.068432490319765       -2.0865019512061878     
          55           8  -37.519946027622098        3.3425747270232620     
          60           8  -28.444563625171781       -3.1058976926789938     
          65           8   0.0000000000000000        0.0000000000000000     
          70           8  -32.811206450205077       -2.1998294862779488     
          75           8   0.0000000000000000        0.0000000000000000     
          80           8  -33.117038665366749        2.8202821353584540     
          85           8  -30.539287420694450        3.1168837073192179     
          90           8  -41.242932174938574        3.0913801215515235     
          95           8  -40.840476012675708       -4.7034342008878127     
           0           9   0.0000000000000000        0.0000000000000000     
           5           9  -35.941663514091893       -1.0820039532077885     
          10           9  -37.424729515631583        4.7632070740633026     
          15           9  -39.377475632731418       -4.9547910146952034     
          20           9  -41.065035072804790        4.2024989379374489     
          25           9   0.0000000000000000        0.0000000000000000     
          30           9  -40.439760094308497       -1.8407164456935021     
          35           9  -35.341681085334642      -0.74810845413608718     
          40           9   0.0000000000000000        0.0000000000000000     
          45           9  -42.074117260995081       0.85591857373223945     
          50           9  -38.700378413807357       0.42033483784287284     
          55           9  -43.290921992635845       -2.0661197654003871     
          60           9  -41.383844180273854       -1.5627039702348355     
          65           9  -40.155209923895541      -0.78279430726801991     
          70           9   0.0000000000000000        0.0000000000000000     
          75           9  -37.654408684915097        1.9428991138514817     
          80           9   0.0000000000000000        0.0000000000000000     
          85           9  -38.974167318102104        4.2242166444861340     
          90           9  -45.926114347309976      -0.44462685112378608     
          95           9   0.0000000000000000        0.0000000000000000     
           0          10  -39.422469328118105       -3.6264934000929117     
           5          10  -37.221279403176766      -0.40329103565994728     
          10          10  -44.430217116495641       -3.9603125742448952     
          15          10  -41.886655404095308       -2.7716357474005804     
          20          10   0.0000000000000000        0.0000000000000000     
          25          10  -40.365489654945463        3.9533498616339813     
          30          10   0.0000000000000000        0.0000000000000000     
          35          10   0.0000000000000000        0.0000000000000000     
          40          10  -32.695400418845111        1.6838458275802992     
          45          10  -40.829022807109538       -5.1042817841207011     
          50          10  -40.544426473019257       -3.8088520328738440     
          55          10   0.0000000000000000        0.0000000000000000     
          60          10  -40.644858806260231       -1.6371934565295732     
          65          10   0.0000000000000000        0.0000000000000000     
          70          10  -32.017572878189071        1.3111774045260205     
          75          10   0.0000000000000000        0.0000000000000000     
          80          10  -36.050225493866606        3.2115656147357896     
          85          10  -41.346758121179050       0.26763149429065436     
          90          10  -42.505922313083033      -0.70051252603953174     
          95          10  -38.356995803425775        4.2571873982044650     
           0          11   0.0000000000000000        0.0000000000000000     
           5          11   0.0000000000000000        0.0000000000000000     
          10          11  -44.071612236287194       -2.9531839075591648     
          15          11  -46.089608913391089       -2.1347024069751086     
          20          11  -39.646078694772768       -2.2579929638499863     
          25          11  -47.847188509777538       0.21820890473200905     
          30          11  -40.713389504176689       -2.4630366332178966     
          35          11  -46.805780264165264       -4.4735531107331639     
          40          11  -42.665470477132317       -2.8102362789095281     
          45          11  -44.304518480871025        6.7419859162054507     
          50          11   0.0000000000000000        0.0000000000000000     
          55          11  -43.266160852795110       -4.9245723338575687     
          60          11  -46.733591131058461       -2.1769231822954538     
          65          11   0.0000000000000000        0.0000000000000000     
          70          11  -45.774148233235223        1.9273742135972327     
          75          11  -39.098309977205759        1.0519762229765917     
          80          11  -42.508081582255386       0.58754678454064901     
          85          11   0.0000000000000000        0.0000000000000000     
          90          11  -45.116139652989773       -2.4409714311435238     
          95          11  -41.095367665278104       -1.6788624735131208     
           0          12  -41.691859609931377       -3.3865900426111040     
           5          12  -47.890777557104691       -1.5560443302486959     
          10          12   0.0000000000000000        0.0000000000000000     
          15          12   0.0000000000000000        0.0000000000000000     
          20          12   0.0000000000000000        0.0000000000000000     
          25          12   0.0000000000000000        0.0000000000000000     
          30          12   0.0000000000000000        0.0000000000000000     
          35          12  -43.960086743410898        2.5716357956806490     
          40          12   0.0000000000000000        0.0000000000000000     
          45          12   0.0000000000000000        0.0000000000000000     
          50          12  -46.148233631129187        2.1990464353915939     
          55          12  -46.133753184456339       -3.0800642963324520     
          60          12   0.0000000000000000        0.0000000000000000     
          65          12   0.0000000000000000        0.0000000000000000     
          70          12   0.0000000000000000        0.0000000000000000     
          75          12  -43.752593445915977       0.89614958931782951     
          80          12  -46.035431264286331       -2.7934275259067221     
          85          12  -45.264054762483852        4.0658640621327180     
          90          12   0.0000000000000000        0.0000000000000000     
          95          12  -44.258066112448091        2.1528705290929651     
           0          13   0.0000000000000000        0.0000000000000000     
           5          13   0.0000000000000000        0.0000000000000000     
          10          13   0.0000000000000000        0.0000000000000000     
          15          13  -50.166933994297835       -4.5539974053721011     
          20          13   0.0000000000000000        0.0000000000000000     
          25          13  -45.083110228034684       0.97095255523704793     
          30          13  -47.066001690474479       -3.2989413016704106     
          35          13   0.0000000000000000        0.0000000000000000     
          40          13  -45.806980511144957        1.9194779458953093     
          45          13  -44.765678110039175        3.0432511647315863     
          50          13   0.0000000000000000        0.0000000000000000     
          55          13   0.0000000000000000        0.0000000000000000     
          60          13  -46.810769067135993       -1.3532238453439760     
          65          13  -50.246830689602007       0.41452182409251748     
          70          13  -47.150800742983279       -1.9996238586816872     
          75          13  -45.347953912155958       -4.4692569745574673     
          80          13  -49.008666732177630       -1.1077926125668824     
          85          13  -46.430498466847325      -0.81500601608830436     
          90          13  -47.578856904166855       0.19042104340449839     
          95          13   0.0000000000000000        0.0000000000000000     
           0          14  -50.107300394141575      -0.19317194436929697     
           5          14   0.0000000000000000        0.0000000000000000     
          10          14   0.0000000000000000        0.0000000000000000     
          15          14  -51.454801760364433      -0.10224637452260765     
          20          14  -93.534372138996957       -1.1864756417701017     
          25          14   0.0000000000000000        0.0000000000000000     
          30          14  -46.940011470155696        1.0538008389193720     
          35          14  -45.493049403617647      -0.39373502263906346     
          40          14   0.0000000000000000        0.0000000000000000     
          45          14  -50.322031824450164       0.83460643891974939     
          50          14  -47.184115318401609       -1.4351531177236865     
          55          14  -46.352515219538759      -0.35063752791053560     
          60          14   0.0000000000000000        0.0000000000000000     
          65          14  -53.644478161771758        2.3372741719374091     
          70          14  -101.89412462040082       0.17786679526565763     
          75          14  -48.556916516346860        4.2359411396031277     
          80          14  -49.532448226656811       0.56452529901385162     
          85          14   0.0000000000000000        0.0000000000000000     
          90          14   0.0000000000000000        0.0000000000000000     
          95          14   0.0000000000000000        0.0000000000000000     
           0          15   0.0000000000000000        0.0000000000000000     
           5          15   0.0000000000000000        0.0000000000000000     
          10          15   0.0000000000000000        0.0000000000000000     
          15          15   0.0000000000000000        0.0000000000000000     
          20          15   0.0000000000000000        0.0000000000000000     
          25          15  -50.170695609921268       -4.0499252456260848     
          30          15   0.0000000000000000        0.0000000000000000     
          35          15  -53.267857343470837       -4.2464388855290025     
          40          15   0.0000000000000000        0.0000000000000000     
          45          15   0.0000000000000000        0.0000000000000000     
          50          15   0.0000000000000000        0.0000000000000000     
          55          15   0.0000000000000000        0.0000000000000000     
          60          15  -51.564980197937871      -0.13476424555847188     
          65          15  -55.466783661657360      -0.78267239055129778     
          70          15  -50.940399964858329       -2.3623263132765970     
          75          15  -46.201405259367334        6.1069978182271001     
          80          15  -51.570859371494748        1.2777255445239888     
          85          15   0.0000000000000000        0.0000000000000000     
          90          15   0.0000000000000000        0.0000000000000000     
          95          15   0.0000000000000000        0.0000000000000000     
           0          16   0.0000000000000000        0.0000000000000000     
           5          16   0.0000000000000000        0.0000000000000000     
          10          16   0.0000000000000000        0.0000000000000000     
          15          16   0.0000000000000000        0.0000000000000000     
          20          16   0.0000000000000000        0.0000000000000000     
          25          16   0.0000000000000000        0.0000000000000000     
          30          16  -47.541750653579129      -0.84168023464670227     
          35          16   0.0000000000000000        0.0000000000000000     
          40          16   0.0000000000000000        0.0000000000000000     
          45          16   0.0000000000000000        0.0000000000000000     
          50          16   0.0000000000000000        0.0000000000000000     
          55          16  -50.865036458773716      -0.75864377587109288     
          60          16  -51.309184785424122       0.37485991676078356     
          65          16   0.0000000000000000        0.0000000000000000     
          70          16   0.0000000000000000        0.0000000000000000     
          75          16   0.0000000000000000        0.0000000000000000     
          80          16   0.0000000000000000        0.0000000000000000     
          85          16   0.0000000000000000        0.0000000000000000     
          90          16   0.0000000000000000        0.0000000000000000     
          95          16   0.0000000000000000        0.0000000000000000     
