           0           0   0.0000000000000000        0.0000000000000000     
           5           0   0.0000000000000000        0.0000000000000000     
          10           0   0.0000000000000000        0.0000000000000000     
          15           0   0.0000000000000000        0.0000000000000000     
          20           0   0.0000000000000000        0.0000000000000000     
          25           0   0.0000000000000000        0.0000000000000000     
          30           0   0.0000000000000000        0.0000000000000000     
          35           0   0.0000000000000000        0.0000000000000000     
          40           0   0.0000000000000000        0.0000000000000000     
          45           0   0.0000000000000000        0.0000000000000000     
          50           0   0.0000000000000000        0.0000000000000000     
          55           0   0.0000000000000000        0.0000000000000000     
          60           0   0.0000000000000000        0.0000000000000000     
          65           0   0.0000000000000000        0.0000000000000000     
          70           0   0.0000000000000000        0.0000000000000000     
          75           0   0.0000000000000000        0.0000000000000000     
          80           0   0.0000000000000000        0.0000000000000000     
          85           0   0.0000000000000000        0.0000000000000000     
          90           0   0.0000000000000000        0.0000000000000000     
          95           0   0.0000000000000000        0.0000000000000000     
           0           1  -1.0305403868309186        1.0540102342694937     
           5           1  -1.1724058722783341       0.29413967676439678     
          10           1  -2.9563132581743310      -0.18442178871390380     
          15           1  0.53376954682132771       0.84790759208992061     
          20           1   0.0000000000000000        0.0000000000000000     
          25           1  -2.7871282724489799        1.8612579890544751     
          30           1 -0.48382332381580184       0.12164267615192431     
          35           1   0.0000000000000000        0.0000000000000000     
          40           1   0.0000000000000000        0.0000000000000000     
          45           1 -0.56742307854906748       6.06270262539995719E-002
          50           1  -2.1562495472848831       0.28686906427136460     
          55           1  0.12903440781419917        1.3758542665513218     
          60           1   0.0000000000000000        0.0000000000000000     
          65           1   0.0000000000000000        0.0000000000000000     
          70           1   0.0000000000000000        0.0000000000000000     
          75           1  -1.0346082348067220      -0.63003569016933236     
          80           1   0.0000000000000000        0.0000000000000000     
          85           1  -2.4031428609028183      -0.46385678935795954     
          90           1  -1.9629639993712367       0.77615740571213354     
          95           1   0.0000000000000000        0.0000000000000000     
           0           2   0.0000000000000000        0.0000000000000000     
           5           2  -2.1043759965729687      -0.66809934439800844     
          10           2   0.0000000000000000        0.0000000000000000     
          15           2   0.0000000000000000        0.0000000000000000     
          20           2  6.09704176582348545E-002 -1.71009257083840072E-002
          25           2   0.0000000000000000        0.0000000000000000     
          30           2   0.0000000000000000        0.0000000000000000     
          35           2   0.0000000000000000        0.0000000000000000     
          40           2  -1.5576553732676857       -1.1282142763869782     
          45           2   0.0000000000000000        0.0000000000000000     
          50           2  -1.2962667904714564      -0.69687763335556785     
          55           2   0.0000000000000000        0.0000000000000000     
          60           2  -1.5409654740594636      -0.38539851852537055     
          65           2  -1.0625750146564528      -8.44724915835190493E-002
          70           2   0.0000000000000000        0.0000000000000000     
          75           2   0.0000000000000000        0.0000000000000000     
          80           2 -0.70778697016660175       -1.6833591392717908     
          85           2  -2.0057088054281635       0.78273805057076784     
          90           2  -1.6573551976462042       0.51025033468692771     
          95           2  -1.7638784735396484       0.72557779010936485     
           0           3   0.0000000000000000        0.0000000000000000     
           5           3  -2.9696563753427854      -6.65942604326230647E-002
          10           3  -1.6671143691800172        1.8173039550069270     
          15           3   0.0000000000000000        0.0000000000000000     
          20           3  -3.3565261787335543      -0.85003853771022786     
          25           3  -5.1683342174846381       0.69770106927741216     
          30           3   0.0000000000000000        0.0000000000000000     
          35           3   0.0000000000000000        0.0000000000000000     
          40           3   0.0000000000000000        0.0000000000000000     
          45           3  -3.4576232596139622      -0.25370858430698306     
          50           3  -1.0935210012519292        1.2631518954206444     
          55           3  -6.5638434236459098       -2.3351403377791859     
          60           3  -1.3145390558255698        1.8865006780741447     
          65           3  -4.9713172803689254       0.11128392652992591     
          70           3  -3.9519586884151359       -1.9558488333065727     
          75           3   0.0000000000000000        0.0000000000000000     
          80           3  -6.2419380724421103      -0.53705791199842867     
          85           3   0.0000000000000000        0.0000000000000000     
          90           3   0.0000000000000000        0.0000000000000000     
          95           3  -2.2838274353387256      -0.58028802136178559     
           0           4  -4.6326838461263096       -1.7452433966973213     
           5           4  -2.0441176112578203       0.17970050699409046     
          10           4  -6.9901814886935689      -0.56876246422143950     
          15           4   0.0000000000000000        0.0000000000000000     
          20           4  -1.6394262968441597      -0.17947241784679879     
          25           4  -3.5477735867117666       8.03059570442243853E-002
          30           4  -3.1161624611447669       0.21525021464942340     
          35           4   0.0000000000000000        0.0000000000000000     
          40           4  -2.3121741387188699       0.83032655246340070     
          45           4   0.0000000000000000        0.0000000000000000     
          50           4   0.0000000000000000        0.0000000000000000     
          55           4   0.0000000000000000        0.0000000000000000     
          60           4   0.0000000000000000        0.0000000000000000     
          65           4   0.0000000000000000        0.0000000000000000     
          70           4  -4.5116572007608546      -0.16762232088671225     
          75           4  -5.5841808172996110        1.3809145539828149     
          80           4   0.0000000000000000        0.0000000000000000     
          85           4   0.0000000000000000        0.0000000000000000     
          90           4  -5.9590943595178025        1.1900517053818616     
          95           4   0.0000000000000000        0.0000000000000000     
           0           5   0.0000000000000000        0.0000000000000000     
           5           5   0.0000000000000000        0.0000000000000000     
          10           5  -3.8659771165398813        1.3504393119410929     
          15           5  -3.0365646752564257       0.50487864504261681     
          20           5  -3.3476961234721325       0.14000188071891517     
          25           5   0.0000000000000000        0.0000000000000000     
          30           5  -3.9208045222705046      -0.46046878323657836     
          35           5  -4.5372042127689305       0.33327278947350991     
          40           5  -5.0309608238452430      -0.15047833021794577     
          45           5  -4.7795239982340032       0.49601317080413820     
          50           5  -6.7111582750634113       0.51799053988263455     
          55           5  -4.3573193776791364       0.86378521917507278     
          60           5  -2.5875471565561803       7.54643031580792822E-002
          65           5   0.0000000000000000        0.0000000000000000     
          70           5   0.0000000000000000        0.0000000000000000     
          75           5  -12.739706078086499       -1.6612987201738982     
          80           5  -5.5659705907507018       0.21013514076739792     
          85           5  -4.7306317763240457      -0.51192077400522007     
          90           5   0.0000000000000000        0.0000000000000000     
          95           5  -2.8361033620272202        2.6977374753335557     
           0           6  -5.7075481675503656      -0.23835939850530563     
           5           6  -4.4692741181381193       0.84126223200739481     
          10           6  -5.4377348976801514      -0.10843869646851023     
          15           6  -3.3921531625977219       0.83787776876995124     
          20           6  -5.1172569433846622       0.59612842303366498     
          25           6  -6.7033662374704761      -0.26523853873236525     
          30           6   0.0000000000000000        0.0000000000000000     
          35           6   0.0000000000000000        0.0000000000000000     
          40           6  -4.8170318674811696       0.50358219371424151     
          45           6   0.0000000000000000        0.0000000000000000     
          50           6   0.0000000000000000        0.0000000000000000     
          55           6  -6.4817992969201654       -1.0759561686547736     
          60           6  -5.4216351705460575      -0.65840215537044111     
          65           6  -5.5267942743286724      -0.54158216670693871     
          70           6  -6.0085925230346504      -0.72196532327470364     
          75           6  -6.2410755350428282      -0.75462396990008673     
          80           6   0.0000000000000000        0.0000000000000000     
          85           6   0.0000000000000000        0.0000000000000000     
          90           6  -4.5247745042420462        1.6766886735929132     
          95           6  -5.1261136723912415       0.55144351700411876     
           0           7  -4.9532645056332179      -0.54641643970884668     
           5           7  -5.3447511285546057       0.16281611317794931     
          10           7   0.0000000000000000        0.0000000000000000     
          15           7  -5.4190296500253305       -1.1219226147816952     
          20           7   0.0000000000000000        0.0000000000000000     
          25           7  -6.1368643999115680       0.24987425528158469     
          30           7   0.0000000000000000        0.0000000000000000     
          35           7  -5.5932282441029102      -0.66894798109548570     
          40           7  -5.1165240681272373      -6.54486241082052889E-002
          45           7  -6.3946625077337949      -0.72294377988391112     
          50           7   0.0000000000000000        0.0000000000000000     
          55           7  -7.0036855710453594       -1.2349431234857933     
          60           7  -4.7001178868022464       0.35394155642562430     
          65           7  -5.9551308370142664       -1.1546508738595473     
          70           7  -5.6779630722547658      -0.72656394112982636     
          75           7  -7.0770728620983547      -9.84711703476415234E-002
          80           7  -4.5807617723669924      -0.60183264494528821     
          85           7  -7.6808475524869912      -0.34679764460018858     
          90           7  -6.3541006178380322       -1.2963294405939074     
          95           7  -6.1162814714643687       0.32493517370404956     
           0           8  -8.4001917057182318       -1.8144159180834285     
           5           8   0.0000000000000000        0.0000000000000000     
          10           8  -7.4820511434352248      -9.60009009869089436E-002
          15           8  -6.2414930872892178       0.20685944445417159     
          20           8   0.0000000000000000        0.0000000000000000     
          25           8  -6.1013807727439140       6.31227808366163767E-002
          30           8   0.0000000000000000        0.0000000000000000     
          35           8  -5.5077385269497459       0.41903631552445142     
          40           8   0.0000000000000000        0.0000000000000000     
          45           8   0.0000000000000000        0.0000000000000000     
          50           8  -6.2269529898650866       0.70616321794655934     
          55           8   0.0000000000000000        0.0000000000000000     
          60           8  -6.3522064977505899      -0.60403257364380347     
          65           8  -6.6778153594171386      -0.74060583971399807     
          70           8  -6.4172546609186920       0.95125252093375412     
          75           8   0.0000000000000000        0.0000000000000000     
          80           8  -5.8428423297796073       0.18945618452823054     
          85           8   0.0000000000000000        0.0000000000000000     
          90           8  -6.8630384910894904       -1.4101431432471390     
          95           8   0.0000000000000000        0.0000000000000000     
           0           9  -6.6856435541297152       0.33424502479242890     
           5           9  -8.3002243313139843      -0.54129947747269536     
          10           9   0.0000000000000000        0.0000000000000000     
          15           9   0.0000000000000000        0.0000000000000000     
          20           9   0.0000000000000000        0.0000000000000000     
          25           9  -7.7842701192876174       0.25313608533542031     
          30           9  -7.7045138823361725      -0.54906940133617188     
          35           9   0.0000000000000000        0.0000000000000000     
          40           9  -7.5014669480055751       0.16356293498401286     
          45           9  -7.1749990157499166      -0.11701529683147416     
          50           9   0.0000000000000000        0.0000000000000000     
          55           9  -8.2000607522636493       -1.1159932577110843     
          60           9  -7.4152527657211920      -0.27653200982566406     
          65           9  -7.2752200820147550       9.91046243432880392E-002
          70           9  -7.1417579030230716      -2.55011119848491674E-002
          75           9   0.0000000000000000        0.0000000000000000     
          80           9  -6.3286989989164155      -4.34393003373445552E-004
          85           9   0.0000000000000000        0.0000000000000000     
          90           9   0.0000000000000000        0.0000000000000000     
          95           9   0.0000000000000000        0.0000000000000000     
           0          10   0.0000000000000000        0.0000000000000000     
           5          10   0.0000000000000000        0.0000000000000000     
          10          10  -6.4030032742524998      -0.57875793682896082     
          15          10   0.0000000000000000        0.0000000000000000     
          20          10  -7.9464296010847697      -7.09085316601132387E-002
          25          10   0.0000000000000000        0.0000000000000000     
          30          10   0.0000000000000000        0.0000000000000000     
          35          10  -6.3528718155314579       0.61484177110396332     
          40          10  -7.5688544923602219      -0.98544930408853149     
          45          10  -6.7844463786936871       0.34253976731721258     
          50          10   0.0000000000000000        0.0000000000000000     
          55          10   0.0000000000000000        0.0000000000000000     
          60          10  -8.2019625067797364       0.20516068059514558     
          65          10   0.0000000000000000        0.0000000000000000     
          70          10  -7.7818482679969936      -0.46006598016234967     
          75          10  -8.6867446218441557      -0.40553522257222308     
          80          10   0.0000000000000000        0.0000000000000000     
          85          10  -6.8500893910061755      -0.25950478441449931     
          90          10  -9.1747880319181796      -0.72175708390728732     
          95          10  -9.2498874435054113       -1.0066681314536974     
           0          11   0.0000000000000000        0.0000000000000000     
           5          11   0.0000000000000000        0.0000000000000000     
          10          11  -6.6583803412335882        1.4955368906897915     
          15          11  -7.8707074922831906        1.0105175352505269     
          20          11  -8.3901253044257889       0.96862453081505984     
          25          11  -8.4460040359402022      -7.26553584416700371E-002
          30          11  -7.5134963416345624       0.23132890482599477     
          35          11   0.0000000000000000        0.0000000000000000     
          40          11   0.0000000000000000        0.0000000000000000     
          45          11  -7.2187521986266656       0.69315104541653461     
          50          11   0.0000000000000000        0.0000000000000000     
          55          11  -15.966720938628276      -0.12436785382138882     
          60          11   0.0000000000000000        0.0000000000000000     
          65          11  -9.7207112841291021      -0.92430737001505947     
          70          11  -8.4392907057528888      -0.35825978450323981     
          75          11  -8.7955326320154903      -0.86485194255428444     
          80          11  -9.1494659814861379      -0.76341576106350728     
          85          11  -9.4400669244221191      -0.72318107708205237     
          90          11   0.0000000000000000        0.0000000000000000     
          95          11  -9.1792962374714904      -0.87341663613058063     
           0          12  -10.406760895698575      -0.54806290518016887     
           5          12  -9.5522612989191309       0.83101698530610446     
          10          12  -8.5380264855931802      -0.55604554318300359     
          15          12   0.0000000000000000        0.0000000000000000     
          20          12   0.0000000000000000        0.0000000000000000     
          25          12  -8.0297745678614696      -0.49062573099056817     
          30          12   0.0000000000000000        0.0000000000000000     
          35          12  -7.4497516853311296      -0.69788311538046544     
          40          12  -17.249627067433270       7.27219005142165642E-002
          45          12  -7.1666806401593508       0.13322137372304144     
          50          12  -8.7426500781484506      -0.35377140362280457     
          55          12   0.0000000000000000        0.0000000000000000     
          60          12  -8.7657841783839174       0.10683020719215452     
          65          12  -9.5769702568704318       3.27860477200569989E-002
          70          12   0.0000000000000000        0.0000000000000000     
          75          12   0.0000000000000000        0.0000000000000000     
          80          12  -8.7114175002445116       0.89001792302659255     
          85          12   0.0000000000000000        0.0000000000000000     
          90          12   0.0000000000000000        0.0000000000000000     
          95          12  -9.8337220034139250       1.37679099182497211E-002
           0          13   0.0000000000000000        0.0000000000000000     
           5          13   0.0000000000000000        0.0000000000000000     
          10          13   0.0000000000000000        0.0000000000000000     
          15          13  -8.4269000916767371        1.4548673539910295     
          20          13   0.0000000000000000        0.0000000000000000     
          25          13  -8.8487207261900291        1.2929942047279486     
          30          13   0.0000000000000000        0.0000000000000000     
          35          13   0.0000000000000000        0.0000000000000000     
          40          13   0.0000000000000000        0.0000000000000000     
          45          13  -8.4777025888904678       7.99079865654306332E-002
          50          13  -8.1501273982720335      -9.94981670043859623E-002
          55          13  -8.4555791150653370      -0.62019181351069541     
          60          13   0.0000000000000000        0.0000000000000000     
          65          13  -7.7064920696123806       0.94733672165003835     
          70          13  -9.2027523905580111       0.13611592962925467     
          75          13  -9.0980604270374243      -0.45402447396647450     
          80          13  -7.5223843992100470       0.58434714916621999     
          85          13  -9.2168170974571417       5.26582816728904390E-002
          90          13  -10.057169021902013      -4.43152920526213023E-002
          95          13   0.0000000000000000        0.0000000000000000     
           0          14   0.0000000000000000        0.0000000000000000     
           5          14  -10.280541063148949       -1.3802387221312218     
          10          14   0.0000000000000000        0.0000000000000000     
          15          14   0.0000000000000000        0.0000000000000000     
          20          14  -9.1050532303907357       0.12877337819405810     
          25          14   0.0000000000000000        0.0000000000000000     
          30          14  -8.8007298087966479      -4.77083319555537955E-002
          35          14   0.0000000000000000        0.0000000000000000     
          40          14  -8.9781946944389457       0.71983519859653011     
          45          14  -8.0670741889865560        1.3214648821874286     
          50          14   0.0000000000000000        0.0000000000000000     
          55          14  -8.6621138627585026       0.63860097835932716     
          60          14  -8.2715379483078166       0.29576891418581219     
          65          14  -9.5908364127761381      -6.92037867811023943E-002
          70          14  -8.4614549524753002       0.37703922386556066     
          75          14  -9.6906890470083162       0.69968385761121077     
          80          14  -8.8214566990973964        1.0963330846852637     
          85          14   0.0000000000000000        0.0000000000000000     
          90          14   0.0000000000000000        0.0000000000000000     
          95          14  -10.053993299601327      -5.47738540929154638E-002
           0          15   0.0000000000000000        0.0000000000000000     
           5          15   0.0000000000000000        0.0000000000000000     
          10          15   0.0000000000000000        0.0000000000000000     
          15          15   0.0000000000000000        0.0000000000000000     
          20          15  -8.8655644587318232        1.2894628159054733     
          25          15   0.0000000000000000        0.0000000000000000     
          30          15   0.0000000000000000        0.0000000000000000     
          35          15   0.0000000000000000        0.0000000000000000     
          40          15   0.0000000000000000        0.0000000000000000     
          45          15   0.0000000000000000        0.0000000000000000     
          50          15   0.0000000000000000        0.0000000000000000     
          55          15   0.0000000000000000        0.0000000000000000     
          60          15  -9.8853857203917705       -1.0296349130861637     
          65          15   0.0000000000000000        0.0000000000000000     
          70          15   0.0000000000000000        0.0000000000000000     
          75          15   0.0000000000000000        0.0000000000000000     
          80          15   0.0000000000000000        0.0000000000000000     
          85          15   0.0000000000000000        0.0000000000000000     
          90          15  -10.536636659665977       0.16546401156669610     
          95          15  -10.643930396732060      -7.41220329891767449E-003
           0          16  -11.467624743806363      -0.53800558976746515     
           5          16  -10.153027991854705      -0.38266522123520108     
          10          16  -9.8302343711383067      -0.90511005392424071     
          15          16   0.0000000000000000        0.0000000000000000     
          20          16   0.0000000000000000        0.0000000000000000     
          25          16  -10.802275751147228       0.97306596462010120     
          30          16   0.0000000000000000        0.0000000000000000     
          35          16  -10.222199690028688       0.72467676949683479     
          40          16  -10.210015288576457      -0.23528195251976136     
          45          16  -9.4245872256781826      -8.90475403908519425E-002
          50          16  -9.3206144306456906       0.34339896915119850     
          55          16  -9.6574642711999559        1.0165847588589072     
          60          16  -10.280358040855031      -0.85863695140853125     
          65          16  -10.488345456292070      -0.92947053828451587     
          70          16  -9.2618610333339291       3.80114689513266768E-002
          75          16  -8.6340401083973006      -0.59060867405813511     
          80          16   0.0000000000000000        0.0000000000000000     
          85          16  -9.9361099535100195      -0.69396930210907648     
          90          16   0.0000000000000000        0.0000000000000000     
          95          16   0.0000000000000000        0.0000000000000000     
           0          17   0.0000000000000000        0.0000000000000000     
           5          17   0.0000000000000000        0.0000000000000000     
          10          17   0.0000000000000000        0.0000000000000000     
          15          17  -8.8593070708509192       0.24003123409860327     
          20          17   0.0000000000000000        0.0000000000000000     
          25          17   0.0000000000000000        0.0000000000000000     
          30          17   0.0000000000000000        0.0000000000000000     
          35          17  -10.849762428779552       1.91042893965542859E-002
          40          17   0.0000000000000000        0.0000000000000000     
          45          17   0.0000000000000000        0.0000000000000000     
          50          17   0.0000000000000000        0.0000000000000000     
          55          17   0.0000000000000000        0.0000000000000000     
          60          17   0.0000000000000000        0.0000000000000000     
          65          17  -11.001913219834680       0.29540824604323834     
          70          17   0.0000000000000000        0.0000000000000000     
          75          17   0.0000000000000000        0.0000000000000000     
          80          17  -10.474169974081793        1.0363255045536812     
          85          17  -10.689597864184108      -0.38354615218172405     
          90          17   0.0000000000000000        0.0000000000000000     
          95          17  -10.702102114905632      -0.19159303963567353     
           0          18   0.0000000000000000        0.0000000000000000     
           5          18   0.0000000000000000        0.0000000000000000     
          10          18   0.0000000000000000        0.0000000000000000     
          15          18  -10.896540910582951      -0.22573559228133977     
          20          18  -10.408601268018513       0.35169802409140694     
          25          18   0.0000000000000000        0.0000000000000000     
          30          18  -10.295151785593148       0.10739089189248929     
          35          18  -9.4772010002963647      -0.11376765108983555     
          40          18  -10.432770838526562       0.15995680754110619     
          45          18   0.0000000000000000        0.0000000000000000     
          50          18   0.0000000000000000        0.0000000000000000     
          55          18   0.0000000000000000        0.0000000000000000     
          60          18   0.0000000000000000        0.0000000000000000     
          65          18   0.0000000000000000        0.0000000000000000     
          70          18   0.0000000000000000        0.0000000000000000     
          75          18   0.0000000000000000        0.0000000000000000     
          80          18   0.0000000000000000        0.0000000000000000     
          85          18   0.0000000000000000        0.0000000000000000     
          90          18   0.0000000000000000        0.0000000000000000     
          95          18  -11.005496263729597      -0.37358406042076187     
           0          19   0.0000000000000000        0.0000000000000000     
           5          19   0.0000000000000000        0.0000000000000000     
          10          19   0.0000000000000000        0.0000000000000000     
          15          19  -10.215654698930987       0.21741472396252792     
          20          19   0.0000000000000000        0.0000000000000000     
          25          19   0.0000000000000000        0.0000000000000000     
          30          19  -10.382607985822689       0.53093368740153579     
          35          19   0.0000000000000000        0.0000000000000000     
          40          19   0.0000000000000000        0.0000000000000000     
          45          19   0.0000000000000000        0.0000000000000000     
          50          19  -8.9541707990425934        1.0735799095440424     
          55          19  -10.389678573385908      -0.78261836027049281     
          60          19   0.0000000000000000        0.0000000000000000     
          65          19  -10.671143487854806       0.44158920703474269     
          70          19  -9.3131985911454329       0.38459915742250494     
          75          19   0.0000000000000000        0.0000000000000000     
          80          19   0.0000000000000000        0.0000000000000000     
          85          19   0.0000000000000000        0.0000000000000000     
          90          19   0.0000000000000000        0.0000000000000000     
          95          19   0.0000000000000000        0.0000000000000000     
           0          20   0.0000000000000000        0.0000000000000000     
           5          20   0.0000000000000000        0.0000000000000000     
          10          20  -10.856894738307115       0.67491608728764696     
          15          20  -10.258545176488886        1.0396347926761029     
          20          20   0.0000000000000000        0.0000000000000000     
          25          20   0.0000000000000000        0.0000000000000000     
          30          20   0.0000000000000000        0.0000000000000000     
          35          20   0.0000000000000000        0.0000000000000000     
          40          20   0.0000000000000000        0.0000000000000000     
          45          20   0.0000000000000000        0.0000000000000000     
          50          20   0.0000000000000000        0.0000000000000000     
          55          20  -10.766077673061147       0.26003750976555384     
          60          20   0.0000000000000000        0.0000000000000000     
          65          20   0.0000000000000000        0.0000000000000000     
          70          20   0.0000000000000000        0.0000000000000000     
          75          20   0.0000000000000000        0.0000000000000000     
          80          20   0.0000000000000000        0.0000000000000000     
          85          20   0.0000000000000000        0.0000000000000000     
          90          20  -11.213782080108370      -0.42151898436648683     
          95          20   0.0000000000000000        0.0000000000000000     
           0          21   0.0000000000000000        0.0000000000000000     
           5          21   0.0000000000000000        0.0000000000000000     
          10          21   0.0000000000000000        0.0000000000000000     
          15          21   0.0000000000000000        0.0000000000000000     
          20          21   0.0000000000000000        0.0000000000000000     
          25          21   0.0000000000000000        0.0000000000000000     
          30          21   0.0000000000000000        0.0000000000000000     
          35          21   0.0000000000000000        0.0000000000000000     
          40          21   0.0000000000000000        0.0000000000000000     
          45          21  -9.5676086181240017      -0.51153545311100057     
          50          21  -10.168858361101485      -0.11532473648323549     
          55          21   0.0000000000000000        0.0000000000000000     
          60          21   0.0000000000000000        0.0000000000000000     
          65          21   0.0000000000000000        0.0000000000000000     
          70          21   0.0000000000000000        0.0000000000000000     
          75          21   0.0000000000000000        0.0000000000000000     
          80          21   0.0000000000000000        0.0000000000000000     
          85          21   0.0000000000000000        0.0000000000000000     
          90          21   0.0000000000000000        0.0000000000000000     
          95          21   0.0000000000000000        0.0000000000000000     
