           0           0   0.0000000000000000        0.0000000000000000     
           5           0   0.0000000000000000        0.0000000000000000     
          10           0   0.0000000000000000        0.0000000000000000     
          15           0   0.0000000000000000        0.0000000000000000     
          20           0   0.0000000000000000        0.0000000000000000     
          25           0   0.0000000000000000        0.0000000000000000     
          30           0   0.0000000000000000        0.0000000000000000     
          35           0   0.0000000000000000        0.0000000000000000     
          40           0   0.0000000000000000        0.0000000000000000     
          45           0   0.0000000000000000        0.0000000000000000     
          50           0   0.0000000000000000        0.0000000000000000     
          55           0   0.0000000000000000        0.0000000000000000     
          60           0   0.0000000000000000        0.0000000000000000     
          65           0   0.0000000000000000        0.0000000000000000     
          70           0   0.0000000000000000        0.0000000000000000     
          75           0   0.0000000000000000        0.0000000000000000     
          80           0   0.0000000000000000        0.0000000000000000     
          85           0   0.0000000000000000        0.0000000000000000     
          90           0   0.0000000000000000        0.0000000000000000     
          95           0   0.0000000000000000        0.0000000000000000     
           0           1 -0.71333480443925767      -4.12470389992737607E-002
           5           1 -0.71144836962501457       0.12997234064520205     
          10           1 -0.32805802013910479      -0.18000276927939568     
          15           1 -0.26748041005802969      -4.21765278073825411E-002
          20           1 -0.28715830500042339      -8.16767851220985552E-002
          25           1 -0.46151785039194593      -9.91611977529428812E-002
          30           1 -0.23577308237321404       0.31903652832791091     
          35           1 -0.27770752039912860       0.23635566663243388     
          40           1   0.0000000000000000        0.0000000000000000     
          45           1 -0.31354057390242662       0.12906227440557735     
          50           1  0.16356146803842009       9.18682431865804061E-002
          55           1 -0.15800333611259987      -4.55163176738861142E-002
          60           1 -0.50657649856900022      -7.30406458772717149E-002
          65           1 -0.39634845533598195      -0.60355121327789607     
          70           1 -0.25523922234427232      -1.70608349892888145E-002
          75           1 -0.46429245872836589       0.25538541772906348     
          80           1 -0.48824703494210198      -0.46088872573853135     
          85           1 -0.47793395964279561       0.35461056788635076     
          90           1 -0.61876995987919514       0.14879788467455149     
          95           1 -0.33759739510585973       0.20367633543369110     
           0           2  -1.3530429657696794      -0.39010104303245641     
           5           2 -0.62442941158653842       0.54899419472627387     
          10           2 -0.15465388541177627       4.58513671363139363E-002
          15           2 -0.56236776254547927       0.24597685373703437     
          20           2 -0.57098375941616597      -0.54533753975096599     
          25           2  -1.5047691505898353       0.42399696429176736     
          30           2  -1.2260734187863331      -7.63312886249006839E-003
          35           2 -0.29068656799302595      -0.12071356904463232     
          40           2 -0.45869259521325034      -0.37265843533060977     
          45           2  -1.1359247944575657      -7.54969874201122382E-002
          50           2 -4.86730092075227105E-002 -2.28896794081390187E-003
          55           2 -0.81093586827618580      -0.11231961647140826     
          60           2 -0.68605036938951258      -0.13581495879867039     
          65           2  -1.1075755950740174      -0.26625945549169083     
          70           2  4.96845585562510905E-002 -0.21961337258295105     
          75           2   0.0000000000000000        0.0000000000000000     
          80           2  -1.0187940766170911       0.33907247513439986     
          85           2 -0.93255281001569656       0.32686087373588052     
          90           2 -0.99104343418310314       0.18864877869721741     
          95           2 -0.54798051732696251       0.17645996574264244     
           0           3 -0.70526962671171078       0.16603579668469926     
           5           3  -1.2167242498591775       0.72914144377038415     
          10           3 -0.40716979824315103      -4.82637527339513372E-002
          15           3  -1.0593172902065295      -0.62911780723567956     
          20           3 -0.13870795298104310      -0.26738863177014349     
          25           3  -1.1768517124643996      -0.35421630528255366     
          30           3  -2.2971214148059804       0.23172490295889081     
          35           3  -1.0918827233141748       0.31107360930610756     
          40           3  -1.9628412546657259      -3.40169469036435967E-002
          45           3  -1.1844145041461918      -0.28954971273073560     
          50           3  -1.6745686721475472      -8.85590708875338972E-002
          55           3 -0.73284516744598349      -0.32152509975277854     
          60           3  -1.6489425295673765      -0.10400082363588858     
          65           3 -0.72629076481867116      -0.18934975662771025     
          70           3  -1.4569158606514421       0.51479406111287063     
          75           3 -0.68450470831260546       0.14067238686424344     
          80           3 -0.43383017219622566       0.29380761711786385     
          85           3 -0.90503397837560229       0.41984983141171023     
          90           3 -0.57680426852502187      -6.45166393099805280E-002
          95           3 -0.63406004189192622      -8.66648170279316066E-002
           0           4  -3.0887653201733123      -0.59976562473633421     
           5           4  -1.6799041513063799      -4.34540173312181199E-002
          10           4 -0.97719816133337578      -1.87596676830270592E-002
          15           4  -1.6528281711988835       0.27599387383364649     
          20           4  -1.5172336548288645      -0.46581966595571345     
          25           4  -1.5448599978301614      -0.12433852282264790     
          30           4  -1.3025914386266546       0.39961381196329526     
          35           4  -2.5152047775667263       0.45554316643631187     
          40           4   0.0000000000000000        0.0000000000000000     
          45           4  -1.7752575976931473       0.22246975149804726     
          50           4  -1.2444083710727583      -0.23954603395728857     
          55           4  -1.0236397841145717      -0.14313014063502272     
          60           4   0.0000000000000000        0.0000000000000000     
          65           4 -0.64814696249748671      -8.50427126572461667E-002
          70           4  -1.6511796507590049       7.29468552232437339E-002
          75           4  -2.2273363744118591       0.77396451100136821     
          80           4  -2.6052037763568681      -7.22324486867459425E-002
          85           4 -0.93548533378617904      -0.10045639410455331     
          90           4  -3.1553470073708567      -0.74026357963496991     
          95           4  -1.6877980045060248      -0.52485963387256807     
           0           5  -1.9901008983602393       0.26615206957764093     
           5           5  -1.4925811308477004      -0.12358917890462062     
          10           5 -0.99751749184320837       0.16960867187720829     
          15           5  -2.1463578408301154      -0.28717510181339168     
          20           5   0.0000000000000000        0.0000000000000000     
          25           5  -1.8407565277150928      -0.21179148303476780     
          30           5  -1.4696886830312117       0.28172167343576415     
          35           5  -1.6594924192070426      -0.49537012068834319     
          40           5  -1.5569570428031199      -0.20889883857830305     
          45           5  -3.2396446207411111       0.19266787920343975     
          50           5  -1.6948573603525752      -7.51955756374267370E-002
          55           5   0.0000000000000000        0.0000000000000000     
          60           5  -1.1462701920117446       0.10610356103543661     
          65           5 -0.44481083658065579      -0.21184589063770465     
          70           5  -1.3749097320014947       6.64073219421024152E-002
          75           5  -1.3132865956921869       0.47999227136538702     
          80           5  -1.4721192358968516       7.65647312314654549E-002
          85           5  -1.1601162795693565       0.11014795460860538     
          90           5  -1.7502573595229443       0.76135255874243413     
          95           5  -1.8538011185209591      -4.74421337209873784E-002
           0           6  -2.2200852941688001       3.44387316390803999E-002
           5           6  -1.7234816491300957      -0.14645194677073703     
          10           6  -1.7491135380014178       0.21425642450348392     
          15           6  -2.0852099462395635      -0.21301397016074142     
          20           6  -1.8019503075819565      -0.22901635628444494     
          25           6  -1.8697643701226507       1.89350025607548655E-002
          30           6  -1.9504908097445206       0.60880782947067558     
          35           6  -2.1600621974526835       0.33622134793451219     
          40           6  -1.5624088403820569       0.12629252104170985     
          45           6   0.0000000000000000        0.0000000000000000     
          50           6  -3.2741353171172882      -0.14212013835640525     
          55           6  -1.7624346671518687      -0.31664746169959845     
          60           6  -1.5922415065539042       0.16685165139543323     
          65           6  -1.2145045311706681       0.33459908335795041     
          70           6 -0.93008444723707839       8.39329620572204504E-002
          75           6  -1.6265446073859824       0.16925986156934858     
          80           6  -1.7124659580614043      -0.13013236006206852     
          85           6  -1.8900166873203617      -0.45729998143118067     
          90           6  -2.1522203873924894      -0.11544754142847613     
          95           6  -1.4623498906551902       0.17980271296222372     
           0           7   0.0000000000000000        0.0000000000000000     
           5           7  -1.8523924603783963       7.35080128193288385E-002
          10           7  -4.3698495853844435        1.0100485889932842     
          15           7  -2.2135082171911846       0.41372656987517797     
          20           7  -2.4304880873052270      -5.58557863433728485E-004
          25           7  -2.2472784222060671       0.13885236137198276     
          30           7  -2.4540073147438779       0.12498867160329330     
          35           7   0.0000000000000000        0.0000000000000000     
          40           7   0.0000000000000000        0.0000000000000000     
          45           7  -2.5834103654298612      -0.35546643990483351     
          50           7  -1.8595983788305404      -4.22757261796247175E-002
          55           7  -2.2427271402425397      -0.36090488230042239     
          60           7  -1.8620824705173344       0.11700652195162364     
          65           7  -1.8244565020175685       0.43076643404957315     
          70           7  -1.9876783019001643      -0.17060655978506922     
          75           7  -1.4364166426794611       0.66133640407528560     
          80           7  -2.0344586396836561       0.16327842224564404     
          85           7  -2.0244660627333211      -0.35867498849831425     
          90           7  -1.5957839733737877       6.16581113817293858E-002
          95           7  -2.0970601605152517       0.27630052701219099     
           0           8  -2.3864994452067569      -0.32874913392363925     
           5           8  -2.0805012876954492       2.09009591146946949E-002
          10           8  -2.4825182194278259       0.52253303730251388     
          15           8  -2.3604848247946175       0.26067770421231429     
          20           8   0.0000000000000000        0.0000000000000000     
          25           8  -2.2271353266023475      -0.18183291299697646     
          30           8  -2.0007392383614153       7.17509790183756824E-002
          35           8   0.0000000000000000        0.0000000000000000     
          40           8   0.0000000000000000        0.0000000000000000     
          45           8  -2.5340985544153316      -0.17690866741484901     
          50           8  -2.1388637142116806      -5.77088472920872508E-002
          55           8   0.0000000000000000        0.0000000000000000     
          60           8  -1.7206840996197847       0.28832385516111558     
          65           8  -1.4518495123683195       0.94083852515261523     
          70           8  -2.3692778522543811       0.18241777797731173     
          75           8  -2.0696420642773994       0.31668328746056740     
          80           8  -2.3670592080171637      -5.53088835318626959E-002
          85           8  -2.6049122966020910      -3.77792526341791390E-002
          90           8  -2.3805479718608247      -0.18381347590260000     
          95           8   0.0000000000000000        0.0000000000000000     
           0           9  -2.9723787814378393       0.17632348989340962     
           5           9  -5.1050696226224987       0.38628817297603479     
          10           9  -2.4703016433412492      -0.22219994746344729     
          15           9  -2.2618686781902819       0.57708833775052537     
          20           9   0.0000000000000000        0.0000000000000000     
          25           9  -2.9061126855256525       2.80776181070530040E-002
          30           9  -2.1435988786555615       1.14658431514536030E-002
          35           9   0.0000000000000000        0.0000000000000000     
          40           9  -5.4881995359956637      -0.17090740636410695     
          45           9   0.0000000000000000        0.0000000000000000     
          50           9  -2.3802862277211290      -0.39721070564310845     
          55           9  -3.9338782532016836      -0.24114543390879595     
          60           9  -2.4047591976694704      -0.17494736946774281     
          65           9   0.0000000000000000        0.0000000000000000     
          70           9   0.0000000000000000        0.0000000000000000     
          75           9  -2.1835729644803514       0.31203297424384213     
          80           9  -2.4028121761210386      -0.17874129499925728     
          85           9  -2.2174944994524104      -5.40607208319998644E-002
          90           9  -2.9201009167167946       0.14600813360451936     
          95           9  -2.0855633950600527      -0.10978111217294084     
           0          10   0.0000000000000000        0.0000000000000000     
           5          10   0.0000000000000000        0.0000000000000000     
          10          10   0.0000000000000000        0.0000000000000000     
          15          10  -2.8318922520850776      -0.18782826123511787     
          20          10   0.0000000000000000        0.0000000000000000     
          25          10   0.0000000000000000        0.0000000000000000     
          30          10   0.0000000000000000        0.0000000000000000     
          35          10   0.0000000000000000        0.0000000000000000     
          40          10   0.0000000000000000        0.0000000000000000     
          45          10   0.0000000000000000        0.0000000000000000     
          50          10   0.0000000000000000        0.0000000000000000     
          55          10  -2.0020195916692352       1.79165176560081019E-002
          60          10   0.0000000000000000        0.0000000000000000     
          65          10  -2.9498262350347026      -0.22233600521739949     
          70          10  -2.4290736372267752       2.73987660147356760E-002
          75          10  -2.3672730781765239       0.34302745091710496     
          80          10   0.0000000000000000        0.0000000000000000     
          85          10   0.0000000000000000        0.0000000000000000     
          90          10  -2.8978810533275556      -0.20830059684742719     
          95          10   0.0000000000000000        0.0000000000000000     
           0          11   0.0000000000000000        0.0000000000000000     
           5          11  -2.6784647975281599       0.15705944059182797     
          10          11   0.0000000000000000        0.0000000000000000     
          15          11   0.0000000000000000        0.0000000000000000     
          20          11   0.0000000000000000        0.0000000000000000     
          25          11   0.0000000000000000        0.0000000000000000     
          30          11   0.0000000000000000        0.0000000000000000     
          35          11   0.0000000000000000        0.0000000000000000     
          40          11   0.0000000000000000        0.0000000000000000     
          45          11   0.0000000000000000        0.0000000000000000     
          50          11  -2.8608608672286984      -6.56004682102195869E-002
          55          11  -2.6026755133656820       0.45077478782670766     
          60          11   0.0000000000000000        0.0000000000000000     
          65          11  -2.9017834755107330      -0.15522844251533718     
          70          11   0.0000000000000000        0.0000000000000000     
          75          11  -2.8520294671330326       9.28097149578699376E-002
          80          11  -3.0284896648824500       4.31537181697083660E-003
          85          11   0.0000000000000000        0.0000000000000000     
          90          11   0.0000000000000000        0.0000000000000000     
          95          11   0.0000000000000000        0.0000000000000000     
           0          12   0.0000000000000000        0.0000000000000000     
           5          12   0.0000000000000000        0.0000000000000000     
          10          12   0.0000000000000000        0.0000000000000000     
          15          12   0.0000000000000000        0.0000000000000000     
          20          12   0.0000000000000000        0.0000000000000000     
          25          12   0.0000000000000000        0.0000000000000000     
          30          12   0.0000000000000000        0.0000000000000000     
          35          12   0.0000000000000000        0.0000000000000000     
          40          12   0.0000000000000000        0.0000000000000000     
          45          12   0.0000000000000000        0.0000000000000000     
          50          12   0.0000000000000000        0.0000000000000000     
          55          12   0.0000000000000000        0.0000000000000000     
          60          12   0.0000000000000000        0.0000000000000000     
          65          12   0.0000000000000000        0.0000000000000000     
          70          12   0.0000000000000000        0.0000000000000000     
          75          12   0.0000000000000000        0.0000000000000000     
          80          12   0.0000000000000000        0.0000000000000000     
          85          12   0.0000000000000000        0.0000000000000000     
          90          12  -3.0079865866428079       0.42067546792923238     
          95          12   0.0000000000000000        0.0000000000000000     
           0          13   0.0000000000000000        0.0000000000000000     
           5          13   0.0000000000000000        0.0000000000000000     
          10          13   0.0000000000000000        0.0000000000000000     
          15          13   0.0000000000000000        0.0000000000000000     
          20          13   0.0000000000000000        0.0000000000000000     
          25          13   0.0000000000000000        0.0000000000000000     
          30          13   0.0000000000000000        0.0000000000000000     
          35          13   0.0000000000000000        0.0000000000000000     
          40          13   0.0000000000000000        0.0000000000000000     
          45          13   0.0000000000000000        0.0000000000000000     
          50          13   0.0000000000000000        0.0000000000000000     
          55          13   0.0000000000000000        0.0000000000000000     
          60          13   0.0000000000000000        0.0000000000000000     
          65          13   0.0000000000000000        0.0000000000000000     
          70          13   0.0000000000000000        0.0000000000000000     
          75          13   0.0000000000000000        0.0000000000000000     
          80          13   0.0000000000000000        0.0000000000000000     
          85          13   0.0000000000000000        0.0000000000000000     
          90          13   0.0000000000000000        0.0000000000000000     
          95          13   0.0000000000000000        0.0000000000000000     
           0          14   0.0000000000000000        0.0000000000000000     
           5          14   0.0000000000000000        0.0000000000000000     
          10          14   0.0000000000000000        0.0000000000000000     
          15          14   0.0000000000000000        0.0000000000000000     
          20          14   0.0000000000000000        0.0000000000000000     
          25          14   0.0000000000000000        0.0000000000000000     
          30          14   0.0000000000000000        0.0000000000000000     
          35          14   0.0000000000000000        0.0000000000000000     
          40          14   0.0000000000000000        0.0000000000000000     
          45          14   0.0000000000000000        0.0000000000000000     
          50          14   0.0000000000000000        0.0000000000000000     
          55          14   0.0000000000000000        0.0000000000000000     
          60          14   0.0000000000000000        0.0000000000000000     
          65          14   0.0000000000000000        0.0000000000000000     
          70          14   0.0000000000000000        0.0000000000000000     
          75          14   0.0000000000000000        0.0000000000000000     
          80          14   0.0000000000000000        0.0000000000000000     
          85          14   0.0000000000000000        0.0000000000000000     
          90          14   0.0000000000000000        0.0000000000000000     
          95          14   0.0000000000000000        0.0000000000000000     
           0          15   0.0000000000000000        0.0000000000000000     
           5          15   0.0000000000000000        0.0000000000000000     
          10          15   0.0000000000000000        0.0000000000000000     
          15          15   0.0000000000000000        0.0000000000000000     
          20          15   0.0000000000000000        0.0000000000000000     
          25          15   0.0000000000000000        0.0000000000000000     
          30          15   0.0000000000000000        0.0000000000000000     
          35          15   0.0000000000000000        0.0000000000000000     
          40          15   0.0000000000000000        0.0000000000000000     
          45          15   0.0000000000000000        0.0000000000000000     
          50          15   0.0000000000000000        0.0000000000000000     
          55          15   0.0000000000000000        0.0000000000000000     
          60          15   0.0000000000000000        0.0000000000000000     
          65          15   0.0000000000000000        0.0000000000000000     
          70          15   0.0000000000000000        0.0000000000000000     
          75          15   0.0000000000000000        0.0000000000000000     
          80          15   0.0000000000000000        0.0000000000000000     
          85          15   0.0000000000000000        0.0000000000000000     
          90          15   0.0000000000000000        0.0000000000000000     
          95          15   0.0000000000000000        0.0000000000000000     
           0          16   0.0000000000000000        0.0000000000000000     
           5          16   0.0000000000000000        0.0000000000000000     
          10          16   0.0000000000000000        0.0000000000000000     
          15          16   0.0000000000000000        0.0000000000000000     
          20          16   0.0000000000000000        0.0000000000000000     
          25          16   0.0000000000000000        0.0000000000000000     
          30          16   0.0000000000000000        0.0000000000000000     
          35          16   0.0000000000000000        0.0000000000000000     
          40          16   0.0000000000000000        0.0000000000000000     
          45          16   0.0000000000000000        0.0000000000000000     
          50          16   0.0000000000000000        0.0000000000000000     
          55          16   0.0000000000000000        0.0000000000000000     
          60          16   0.0000000000000000        0.0000000000000000     
          65          16   0.0000000000000000        0.0000000000000000     
          70          16   0.0000000000000000        0.0000000000000000     
          75          16   0.0000000000000000        0.0000000000000000     
          80          16   0.0000000000000000        0.0000000000000000     
          85          16   0.0000000000000000        0.0000000000000000     
          90          16   0.0000000000000000        0.0000000000000000     
          95          16   0.0000000000000000        0.0000000000000000     
           0          17   0.0000000000000000        0.0000000000000000     
           5          17   0.0000000000000000        0.0000000000000000     
          10          17   0.0000000000000000        0.0000000000000000     
          15          17   0.0000000000000000        0.0000000000000000     
          20          17   0.0000000000000000        0.0000000000000000     
          25          17   0.0000000000000000        0.0000000000000000     
          30          17   0.0000000000000000        0.0000000000000000     
          35          17   0.0000000000000000        0.0000000000000000     
          40          17   0.0000000000000000        0.0000000000000000     
          45          17   0.0000000000000000        0.0000000000000000     
          50          17   0.0000000000000000        0.0000000000000000     
          55          17   0.0000000000000000        0.0000000000000000     
          60          17   0.0000000000000000        0.0000000000000000     
          65          17   0.0000000000000000        0.0000000000000000     
          70          17   0.0000000000000000        0.0000000000000000     
          75          17   0.0000000000000000        0.0000000000000000     
          80          17   0.0000000000000000        0.0000000000000000     
          85          17   0.0000000000000000        0.0000000000000000     
          90          17   0.0000000000000000        0.0000000000000000     
          95          17   0.0000000000000000        0.0000000000000000     
           0          18   0.0000000000000000        0.0000000000000000     
           5          18   0.0000000000000000        0.0000000000000000     
          10          18   0.0000000000000000        0.0000000000000000     
          15          18   0.0000000000000000        0.0000000000000000     
          20          18   0.0000000000000000        0.0000000000000000     
          25          18   0.0000000000000000        0.0000000000000000     
          30          18   0.0000000000000000        0.0000000000000000     
          35          18   0.0000000000000000        0.0000000000000000     
          40          18   0.0000000000000000        0.0000000000000000     
          45          18   0.0000000000000000        0.0000000000000000     
          50          18   0.0000000000000000        0.0000000000000000     
          55          18   0.0000000000000000        0.0000000000000000     
          60          18   0.0000000000000000        0.0000000000000000     
          65          18   0.0000000000000000        0.0000000000000000     
          70          18   0.0000000000000000        0.0000000000000000     
          75          18   0.0000000000000000        0.0000000000000000     
          80          18   0.0000000000000000        0.0000000000000000     
          85          18   0.0000000000000000        0.0000000000000000     
          90          18   0.0000000000000000        0.0000000000000000     
          95          18   0.0000000000000000        0.0000000000000000     
           0          19   0.0000000000000000        0.0000000000000000     
           5          19   0.0000000000000000        0.0000000000000000     
          10          19   0.0000000000000000        0.0000000000000000     
          15          19   0.0000000000000000        0.0000000000000000     
          20          19   0.0000000000000000        0.0000000000000000     
          25          19   0.0000000000000000        0.0000000000000000     
          30          19   0.0000000000000000        0.0000000000000000     
          35          19   0.0000000000000000        0.0000000000000000     
          40          19   0.0000000000000000        0.0000000000000000     
          45          19   0.0000000000000000        0.0000000000000000     
          50          19   0.0000000000000000        0.0000000000000000     
          55          19   0.0000000000000000        0.0000000000000000     
          60          19   0.0000000000000000        0.0000000000000000     
          65          19   0.0000000000000000        0.0000000000000000     
          70          19   0.0000000000000000        0.0000000000000000     
          75          19   0.0000000000000000        0.0000000000000000     
          80          19   0.0000000000000000        0.0000000000000000     
          85          19   0.0000000000000000        0.0000000000000000     
          90          19   0.0000000000000000        0.0000000000000000     
          95          19   0.0000000000000000        0.0000000000000000     
           0          20   0.0000000000000000        0.0000000000000000     
           5          20   0.0000000000000000        0.0000000000000000     
          10          20   0.0000000000000000        0.0000000000000000     
          15          20   0.0000000000000000        0.0000000000000000     
          20          20   0.0000000000000000        0.0000000000000000     
          25          20   0.0000000000000000        0.0000000000000000     
          30          20   0.0000000000000000        0.0000000000000000     
          35          20   0.0000000000000000        0.0000000000000000     
          40          20   0.0000000000000000        0.0000000000000000     
          45          20   0.0000000000000000        0.0000000000000000     
          50          20   0.0000000000000000        0.0000000000000000     
          55          20   0.0000000000000000        0.0000000000000000     
          60          20   0.0000000000000000        0.0000000000000000     
          65          20   0.0000000000000000        0.0000000000000000     
          70          20   0.0000000000000000        0.0000000000000000     
          75          20   0.0000000000000000        0.0000000000000000     
          80          20   0.0000000000000000        0.0000000000000000     
          85          20   0.0000000000000000        0.0000000000000000     
          90          20   0.0000000000000000        0.0000000000000000     
          95          20   0.0000000000000000        0.0000000000000000     
           0          21   0.0000000000000000        0.0000000000000000     
           5          21   0.0000000000000000        0.0000000000000000     
          10          21   0.0000000000000000        0.0000000000000000     
          15          21   0.0000000000000000        0.0000000000000000     
          20          21   0.0000000000000000        0.0000000000000000     
          25          21   0.0000000000000000        0.0000000000000000     
          30          21   0.0000000000000000        0.0000000000000000     
          35          21   0.0000000000000000        0.0000000000000000     
          40          21   0.0000000000000000        0.0000000000000000     
          45          21   0.0000000000000000        0.0000000000000000     
          50          21   0.0000000000000000        0.0000000000000000     
          55          21   0.0000000000000000        0.0000000000000000     
          60          21   0.0000000000000000        0.0000000000000000     
          65          21   0.0000000000000000        0.0000000000000000     
          70          21   0.0000000000000000        0.0000000000000000     
          75          21   0.0000000000000000        0.0000000000000000     
          80          21   0.0000000000000000        0.0000000000000000     
          85          21   0.0000000000000000        0.0000000000000000     
          90          21   0.0000000000000000        0.0000000000000000     
          95          21   0.0000000000000000        0.0000000000000000     
