           0           0   0.0000000000000000        0.0000000000000000     
           5           0   0.0000000000000000        0.0000000000000000     
          10           0   0.0000000000000000        0.0000000000000000     
          15           0   0.0000000000000000        0.0000000000000000     
          20           0   0.0000000000000000        0.0000000000000000     
          25           0   0.0000000000000000        0.0000000000000000     
          30           0   0.0000000000000000        0.0000000000000000     
          35           0   0.0000000000000000        0.0000000000000000     
          40           0   0.0000000000000000        0.0000000000000000     
          45           0   0.0000000000000000        0.0000000000000000     
          50           0   0.0000000000000000        0.0000000000000000     
          55           0   0.0000000000000000        0.0000000000000000     
          60           0   0.0000000000000000        0.0000000000000000     
          65           0   0.0000000000000000        0.0000000000000000     
          70           0   0.0000000000000000        0.0000000000000000     
          75           0   0.0000000000000000        0.0000000000000000     
          80           0   0.0000000000000000        0.0000000000000000     
          85           0   0.0000000000000000        0.0000000000000000     
          90           0   0.0000000000000000        0.0000000000000000     
          95           0   0.0000000000000000        0.0000000000000000     
           0           1   0.0000000000000000        0.0000000000000000     
           5           1 -0.12678077563450796      -0.65650733591032095     
          10           1   0.0000000000000000        0.0000000000000000     
          15           1  6.95637377315372341E-002   1.0162825184095898     
          20           1   0.0000000000000000        0.0000000000000000     
          25           1   0.0000000000000000        0.0000000000000000     
          30           1   0.0000000000000000        0.0000000000000000     
          35           1  0.79559899593073524      -0.11731327487682006     
          40           1   0.0000000000000000        0.0000000000000000     
          45           1   0.0000000000000000        0.0000000000000000     
          50           1   0.0000000000000000        0.0000000000000000     
          55           1  -2.7190686033073952        1.0451097418070521     
          60           1   0.0000000000000000        0.0000000000000000     
          65           1  0.12816867039910917      -0.33679312651677118     
          70           1   0.0000000000000000        0.0000000000000000     
          75           1  -1.8806723112207990      -0.26502413594749891     
          80           1   0.0000000000000000        0.0000000000000000     
          85           1  0.71891650360367265       0.73727782305858103     
          90           1   0.0000000000000000        0.0000000000000000     
          95           1   0.0000000000000000        0.0000000000000000     
           0           2  -2.0021871981699100      -0.59740671486872143     
           5           2   0.0000000000000000        0.0000000000000000     
          10           2   0.0000000000000000        0.0000000000000000     
          15           2   0.0000000000000000        0.0000000000000000     
          20           2  -1.5742341422206318       0.61146679645660695     
          25           2  -1.9561124557820886        1.0235198881206400     
          30           2  -1.2182371300006878      -0.30263865981223353     
          35           2 -0.55496348216999003      -0.20206425039356185     
          40           2   0.0000000000000000        0.0000000000000000     
          45           2 -0.11296448035880147       0.67865760026476063     
          50           2  -2.3214290102235857      -0.49997376781098918     
          55           2 -0.42818390717291877      -0.99861022928051513     
          60           2 -0.91368330615182458       0.94601362639352282     
          65           2  -1.9311556146806019        1.0773587034961993     
          70           2 -0.73372247861192008      -0.59105839681290040     
          75           2   0.0000000000000000        0.0000000000000000     
          80           2  -1.7198128656636946      -5.77689650806817445E-003
          85           2  -3.5630150376442238      -0.35100650742986989     
          90           2  -3.4773861654469052      -0.52902118275372634     
          95           2  -1.5267428038234776        1.4696118515520813     
           0           3   0.0000000000000000        0.0000000000000000     
           5           3  -2.2444749290136818       9.00542217237287890E-002
          10           3   0.0000000000000000        0.0000000000000000     
          15           3  -1.0400440450689108        1.1315507322061380     
          20           3  -3.9015753873353209       0.13286225557726516     
          25           3   0.0000000000000000        0.0000000000000000     
          30           3  -2.5501114932680036       0.23633900040773148     
          35           3  -1.2882306813755129      -2.38763031623623334E-002
          40           3   0.0000000000000000        0.0000000000000000     
          45           3   0.0000000000000000        0.0000000000000000     
          50           3   0.0000000000000000        0.0000000000000000     
          55           3  -4.9455642443774206       -1.0301972737868093     
          60           3  -3.5280987928687502       -1.0127035583144817     
          65           3  -4.1254434563953168       -1.1878318766078699     
          70           3   0.0000000000000000        0.0000000000000000     
          75           3   0.0000000000000000        0.0000000000000000     
          80           3  -4.1720209396012287      -0.74777265473641163     
          85           3   0.0000000000000000        0.0000000000000000     
          90           3   0.0000000000000000        0.0000000000000000     
          95           3   0.0000000000000000        0.0000000000000000     
           0           4  -3.3439903110302724       0.41947591477256574     
           5           4  -2.9874556919528419        1.7698379294532607     
          10           4  -1.7842865035770650      -0.94325131336142620     
          15           4  -4.4932057453889174      -0.20947769287148199     
          20           4   0.0000000000000000        0.0000000000000000     
          25           4  -3.8112048893423900      -0.70996636443471095     
          30           4  -2.3682798824997686       0.70794888838307535     
          35           4  -4.6202246487569987       -1.2713967067083665     
          40           4  -2.4347741862273953       0.40670018125285590     
          45           4  -4.3882081585566723      -0.87769190306341560     
          50           4   0.0000000000000000        0.0000000000000000     
          55           4  -4.2540674293123359       0.68760379098281588     
          60           4  -4.0299279377786767       0.66146794037366674     
          65           4  -4.4953878413367399       9.34632784457822829E-003
          70           4  -4.1970089381027087      -0.41336475429268327     
          75           4  -5.0330404592369149       0.42818923191759173     
          80           4   0.0000000000000000        0.0000000000000000     
          85           4  -2.8962117236908114      -0.23371592167198418     
          90           4   0.0000000000000000        0.0000000000000000     
          95           4  -2.8406541566128318       0.87266018220663599     
           0           5  -5.4682809253735716      -0.30784082718976480     
           5           5   0.0000000000000000        0.0000000000000000     
          10           5   0.0000000000000000        0.0000000000000000     
          15           5  -3.7954585415880815       0.22934792539064386     
          20           5  -4.4535937802628318       -1.4995751989968498     
          25           5   0.0000000000000000        0.0000000000000000     
          30           5  -8.4407453833368340      -0.62130126561851795     
          35           5   0.0000000000000000        0.0000000000000000     
          40           5   0.0000000000000000        0.0000000000000000     
          45           5  -6.8968476705366655       -1.9334519154295959     
          50           5  -3.5324382486456862       0.56704979667115962     
          55           5   0.0000000000000000        0.0000000000000000     
          60           5   0.0000000000000000        0.0000000000000000     
          65           5  -3.7070186383569848       0.71132451631983340     
          70           5   0.0000000000000000        0.0000000000000000     
          75           5  -5.2263671480567986       0.17078872130135703     
          80           5  -2.1914887717833231       0.98861098136421299     
          85           5  -4.5992240143666319       -1.6269539446042702     
          90           5  -5.2827680863876125        1.7949798746126622     
          95           5   0.0000000000000000        0.0000000000000000     
           0           6  -3.9796313348370638       0.81167252768202247     
           5           6  -5.7768770027245147       1.89750208011429944E-002
          10           6  -3.9171053307972268       0.14882471489091609     
          15           6   0.0000000000000000        0.0000000000000000     
          20           6   0.0000000000000000        0.0000000000000000     
          25           6  -3.3794465101821825       9.21562555580845988E-002
          30           6   0.0000000000000000        0.0000000000000000     
          35           6   0.0000000000000000        0.0000000000000000     
          40           6   0.0000000000000000        0.0000000000000000     
          45           6  -5.5823330926740855       -1.2761148488558971     
          50           6   0.0000000000000000        0.0000000000000000     
          55           6  -5.2073194302515446        1.7208331267930255     
          60           6  -4.1703327313924454      -0.63965327109213876     
          65           6  -5.4061978619679429       0.34537473762877302     
          70           6  -5.7214186955611979      -0.48595792778591274     
          75           6   0.0000000000000000        0.0000000000000000     
          80           6   0.0000000000000000        0.0000000000000000     
          85           6  -5.1682405667874409        1.3872524423737265     
          90           6   0.0000000000000000        0.0000000000000000     
          95           6  -3.1895099715462116        1.0544527056298436     
           0           7  -5.8079587464117921      -0.69304539159334433     
           5           7   0.0000000000000000        0.0000000000000000     
          10           7  -5.8810734375712430      -9.86654452060642395E-002
          15           7  -6.4116656375742815       0.23349808282821516     
          20           7   0.0000000000000000        0.0000000000000000     
          25           7  -5.1111981020002251      -9.59354207759333111E-002
          30           7  -10.678531894482980      -0.53101335067140543     
          35           7   0.0000000000000000        0.0000000000000000     
          40           7  -2.8108050461206346       0.85872347380763769     
          45           7  -6.7858110729823728      -0.61869837911246450     
          50           7  -6.6158392857329495      -0.13417274295587922     
          55           7   0.0000000000000000        0.0000000000000000     
          60           7  -5.6836810027149909       -1.1640530129779225     
          65           7  -6.9219877078707803      -0.20137319108895491     
          70           7  -5.1769241074839378       0.68127576202572926     
          75           7  -12.484659211091653       -1.1317059417609299     
          80           7   0.0000000000000000        0.0000000000000000     
          85           7   0.0000000000000000        0.0000000000000000     
          90           7  -5.9570601959380021      -0.82284133911245116     
          95           7   0.0000000000000000        0.0000000000000000     
           0           8   0.0000000000000000        0.0000000000000000     
           5           8   0.0000000000000000        0.0000000000000000     
          10           8  -4.9757055312237002        2.0696332529702985     
          15           8   0.0000000000000000        0.0000000000000000     
          20           8  -6.2825837009136682      -0.26948364232295963     
          25           8  -6.6001705014473444      -0.42486342485617556     
          30           8  -5.9576956516638191        1.2227192704579448     
          35           8  -4.9714518161803056       0.10785373152480404     
          40           8   0.0000000000000000        0.0000000000000000     
          45           8  -8.2654585330288466       -1.7326507242769462     
          50           8   0.0000000000000000        0.0000000000000000     
          55           8  -6.7297395996579468      -0.10529327152439261     
          60           8  -5.6896691394725529       0.75451055662825728     
          65           8  -7.3571846932130036      -8.54342696400556267E-002
          70           8  -5.9060276170308512       0.31606540436948660     
          75           8  -5.5368433563640629       0.99830333173830943     
          80           8  -6.8280582906088405      -0.10063837203214132     
          85           8  -7.2712689731435631      -0.84045325181178465     
          90           8   0.0000000000000000        0.0000000000000000     
          95           8   0.0000000000000000        0.0000000000000000     
           0           9  -5.4388001324976196       0.23275891114685199     
           5           9   0.0000000000000000        0.0000000000000000     
          10           9   0.0000000000000000        0.0000000000000000     
          15           9   0.0000000000000000        0.0000000000000000     
          20           9   0.0000000000000000        0.0000000000000000     
          25           9  -7.8587154323495056      -6.89411664187011830E-003
          30           9  -7.1844316180902368       4.19344835321522336E-002
          35           9   0.0000000000000000        0.0000000000000000     
          40           9  -6.9935350632355231      -0.76160678318740183     
          45           9   0.0000000000000000        0.0000000000000000     
          50           9  -8.6593706403981230       0.12827651657262851     
          55           9   0.0000000000000000        0.0000000000000000     
          60           9  -8.0457969845149080       -1.0607101559260979     
          65           9  -7.0828152922564058       1.68781623550995352E-002
          70           9  -7.9501349986776937      -0.21883057519642146     
          75           9   0.0000000000000000        0.0000000000000000     
          80           9   0.0000000000000000        0.0000000000000000     
          85           9  -6.9855015422648492       0.77762523595495403     
          90           9   0.0000000000000000        0.0000000000000000     
          95           9   0.0000000000000000        0.0000000000000000     
           0          10  -6.4737958404882141       0.34247624017061384     
           5          10  -7.3643459980387425      -0.28917065973035894     
          10          10  -6.8969100433836914       0.27103904873940210     
          15          10   0.0000000000000000        0.0000000000000000     
          20          10  -7.2659381884751513      -0.67034171975802193     
          25          10  -5.7398800352981283        1.2178483731740963     
          30          10  -7.2286396379461770       -1.4433842015602882     
          35          10  -8.8057768839078232       -1.5851626025654986     
          40          10   0.0000000000000000        0.0000000000000000     
          45          10   0.0000000000000000        0.0000000000000000     
          50          10   0.0000000000000000        0.0000000000000000     
          55          10   0.0000000000000000        0.0000000000000000     
          60          10   0.0000000000000000        0.0000000000000000     
          65          10   0.0000000000000000        0.0000000000000000     
          70          10  -8.3332802923818949       0.58325923321819739     
          75          10  -7.2332763103810649       0.46360575512424673     
          80          10   0.0000000000000000        0.0000000000000000     
          85          10   0.0000000000000000        0.0000000000000000     
          90          10  -7.4695590775242238       4.28813283966100744E-002
          95          10  -7.3899036742552937      -0.52296374107016486     
           0          11  -8.7449369109535322      -0.60307056124350722     
           5          11  -7.8197041898724748      -0.36697473460259311     
          10          11   0.0000000000000000        0.0000000000000000     
          15          11   0.0000000000000000        0.0000000000000000     
          20          11  -7.6460195022517992       9.83799095292947623E-002
          25          11  -6.6178047564047215        1.8156676651999437     
          30          11  -8.2902603874523972      -9.05621550888191518E-002
          35          11   0.0000000000000000        0.0000000000000000     
          40          11  -6.0944757317404896        1.3408671951638251     
          45          11   0.0000000000000000        0.0000000000000000     
          50          11  -9.2923934951061327      -0.33661528211922920     
          55          11   0.0000000000000000        0.0000000000000000     
          60          11  -17.811645281538002      -0.37312020980853622     
          65          11   0.0000000000000000        0.0000000000000000     
          70          11   0.0000000000000000        0.0000000000000000     
          75          11  -7.5374828367325009       0.48587437421962476     
          80          11   0.0000000000000000        0.0000000000000000     
          85          11  -7.9126167694987259      -0.43440574359190909     
          90          11   0.0000000000000000        0.0000000000000000     
          95          11  -8.4861153392723487      -0.15497736204947432     
           0          12   0.0000000000000000        0.0000000000000000     
           5          12   0.0000000000000000        0.0000000000000000     
          10          12   0.0000000000000000        0.0000000000000000     
          15          12  -8.6854269680422540      -0.97362872851489146     
          20          12   0.0000000000000000        0.0000000000000000     
          25          12  -7.5127124867091499      -0.47219771681761280     
          30          12  -9.9628607056057028      -0.68813587866423109     
          35          12   0.0000000000000000        0.0000000000000000     
          40          12   0.0000000000000000        0.0000000000000000     
          45          12  -8.0603982778426619       -1.1737569153032201     
          50          12  -8.5397990773827814      -0.11077779816626165     
          55          12   0.0000000000000000        0.0000000000000000     
          60          12  -8.5610942759251074      -0.67494928289502099     
          65          12  -9.3387194336602697       3.51306542299700819E-002
          70          12  -8.6144996989134803      -0.87898575398745460     
          75          12  -8.3197041360749679       0.28470765669197373     
          80          12  -8.5465249472616023      -0.37438816941279263     
          85          12  -7.4929131941070537      -0.15697285500979041     
          90          12  -7.8850866210222748      -0.11829858518885850     
          95          12   0.0000000000000000        0.0000000000000000     
           0          13   0.0000000000000000        0.0000000000000000     
           5          13  -8.4408066497126253       0.52545022288297272     
          10          13   0.0000000000000000        0.0000000000000000     
          15          13   0.0000000000000000        0.0000000000000000     
          20          13   0.0000000000000000        0.0000000000000000     
          25          13  -7.9613022570079739       -1.7958055696293274     
          30          13  -9.3306124304526339      -0.44914145712837694     
          35          13  -7.6189336943399688       0.96826695326845957     
          40          13   0.0000000000000000        0.0000000000000000     
          45          13   0.0000000000000000        0.0000000000000000     
          50          13   0.0000000000000000        0.0000000000000000     
          55          13   0.0000000000000000        0.0000000000000000     
          60          13   0.0000000000000000        0.0000000000000000     
          65          13   0.0000000000000000        0.0000000000000000     
          70          13  -8.5825674296069465       0.97970419491666405     
          75          13   0.0000000000000000        0.0000000000000000     
          80          13   0.0000000000000000        0.0000000000000000     
          85          13  -9.4877880220067823      -8.27967275557339732E-002
          90          13  -9.2493025348039382       0.45354153704435518     
          95          13   0.0000000000000000        0.0000000000000000     
           0          14   0.0000000000000000        0.0000000000000000     
           5          14  -8.8332836699129409      -0.13636702108410503     
          10          14  -7.3425595209995747       0.19135792488800263     
          15          14   0.0000000000000000        0.0000000000000000     
          20          14  -8.9478976819787341       0.95101858592849808     
          25          14   0.0000000000000000        0.0000000000000000     
          30          14   0.0000000000000000        0.0000000000000000     
          35          14   0.0000000000000000        0.0000000000000000     
          40          14  -8.7932589677008899      -0.30998185003405787     
          45          14  -17.889822246414113       0.33273656444621214     
          50          14   0.0000000000000000        0.0000000000000000     
          55          14   0.0000000000000000        0.0000000000000000     
          60          14  -10.360353500555863      -0.10024820953302704     
          65          14  -9.9909214327809082      -0.17555590243245600     
          70          14  -9.6909400610112328       0.19437233477859195     
          75          14  -8.9197756942649420       0.15525787335601837     
          80          14   0.0000000000000000        0.0000000000000000     
          85          14   0.0000000000000000        0.0000000000000000     
          90          14  -8.8721661524493456       0.36913602120436373     
          95          14   0.0000000000000000        0.0000000000000000     
           0          15   0.0000000000000000        0.0000000000000000     
           5          15   0.0000000000000000        0.0000000000000000     
          10          15  -7.5762885931672512      -0.17499120551212055     
          15          15   0.0000000000000000        0.0000000000000000     
          20          15   0.0000000000000000        0.0000000000000000     
          25          15  -9.5145694776954670      -1.92654753994325745E-002
          30          15   0.0000000000000000        0.0000000000000000     
          35          15   0.0000000000000000        0.0000000000000000     
          40          15  -9.2799336746729466      -0.33036110838824406     
          45          15  -10.249828646377024      -3.08427418438395051E-002
          50          15  -9.2949140949727393       0.45823608695816365     
          55          15   0.0000000000000000        0.0000000000000000     
          60          15   0.0000000000000000        0.0000000000000000     
          65          15  -10.130924200169034      -0.35811812813590915     
          70          15   0.0000000000000000        0.0000000000000000     
          75          15   0.0000000000000000        0.0000000000000000     
          80          15  -9.1640049801555712       0.68225106700403604     
          85          15  -9.2262872909221194      -0.51195116178626154     
          90          15   0.0000000000000000        0.0000000000000000     
          95          15   0.0000000000000000        0.0000000000000000     
           0          16   0.0000000000000000        0.0000000000000000     
           5          16   0.0000000000000000        0.0000000000000000     
          10          16   0.0000000000000000        0.0000000000000000     
          15          16   0.0000000000000000        0.0000000000000000     
          20          16   0.0000000000000000        0.0000000000000000     
          25          16   0.0000000000000000        0.0000000000000000     
          30          16   0.0000000000000000        0.0000000000000000     
          35          16   0.0000000000000000        0.0000000000000000     
          40          16  -8.9094235453868187       7.64397612601497300E-002
          45          16  -19.489234161047531       0.75055821178782178     
          50          16   0.0000000000000000        0.0000000000000000     
          55          16   0.0000000000000000        0.0000000000000000     
          60          16  -9.6649750408706048      -0.19810505606010498     
          65          16  -9.9431604179223143       0.16429538811923994     
          70          16  -10.217192428485511      -0.67079640756917414     
          75          16   0.0000000000000000        0.0000000000000000     
          80          16   0.0000000000000000        0.0000000000000000     
          85          16   0.0000000000000000        0.0000000000000000     
          90          16  -9.0581968880520947       0.44164807533442207     
          95          16   0.0000000000000000        0.0000000000000000     
           0          17   0.0000000000000000        0.0000000000000000     
           5          17  -9.0936259320858319       0.59873864398152232     
          10          17   0.0000000000000000        0.0000000000000000     
          15          17   0.0000000000000000        0.0000000000000000     
          20          17   0.0000000000000000        0.0000000000000000     
          25          17  -8.5495328866436182       0.41216807422916890     
          30          17   0.0000000000000000        0.0000000000000000     
          35          17  -9.7377362379336141      -1.51664447478605524E-002
          40          17   0.0000000000000000        0.0000000000000000     
          45          17   0.0000000000000000        0.0000000000000000     
          50          17  -10.884798348433922       0.53577881042876641     
          55          17   0.0000000000000000        0.0000000000000000     
          60          17  -11.303872153276551      -0.95974293638168007     
          65          17   0.0000000000000000        0.0000000000000000     
          70          17  -10.160511047905274      -0.40102477460113306     
          75          17   0.0000000000000000        0.0000000000000000     
          80          17  -8.9212680103734066       0.51959491123687584     
          85          17  -9.4083243338949352        1.0880378064792584     
          90          17   0.0000000000000000        0.0000000000000000     
          95          17   0.0000000000000000        0.0000000000000000     
           0          18   0.0000000000000000        0.0000000000000000     
           5          18   0.0000000000000000        0.0000000000000000     
          10          18   0.0000000000000000        0.0000000000000000     
          15          18   0.0000000000000000        0.0000000000000000     
          20          18   0.0000000000000000        0.0000000000000000     
          25          18   0.0000000000000000        0.0000000000000000     
          30          18   0.0000000000000000        0.0000000000000000     
          35          18   0.0000000000000000        0.0000000000000000     
          40          18   0.0000000000000000        0.0000000000000000     
          45          18   0.0000000000000000        0.0000000000000000     
          50          18   0.0000000000000000        0.0000000000000000     
          55          18   0.0000000000000000        0.0000000000000000     
          60          18  -10.120665811061968      -4.02597969240137132E-002
          65          18   0.0000000000000000        0.0000000000000000     
          70          18  -10.631277045491938      -0.81135704796730934     
          75          18   0.0000000000000000        0.0000000000000000     
          80          18   0.0000000000000000        0.0000000000000000     
          85          18   0.0000000000000000        0.0000000000000000     
          90          18   0.0000000000000000        0.0000000000000000     
          95          18   0.0000000000000000        0.0000000000000000     
           0          19   0.0000000000000000        0.0000000000000000     
           5          19   0.0000000000000000        0.0000000000000000     
          10          19   0.0000000000000000        0.0000000000000000     
          15          19   0.0000000000000000        0.0000000000000000     
          20          19   0.0000000000000000        0.0000000000000000     
          25          19  -10.196303649974148      -0.39042982965808992     
          30          19   0.0000000000000000        0.0000000000000000     
          35          19   0.0000000000000000        0.0000000000000000     
          40          19   0.0000000000000000        0.0000000000000000     
          45          19   0.0000000000000000        0.0000000000000000     
          50          19  -9.6855863843003931      -0.26876861810604114     
          55          19   0.0000000000000000        0.0000000000000000     
          60          19  -10.557079438695549       0.39720475294768853     
          65          19   0.0000000000000000        0.0000000000000000     
          70          19   0.0000000000000000        0.0000000000000000     
          75          19  -10.876210044743484        1.0114118592341459     
          80          19   0.0000000000000000        0.0000000000000000     
          85          19   0.0000000000000000        0.0000000000000000     
          90          19  -10.352540275839761      -0.45681501795569179     
          95          19   0.0000000000000000        0.0000000000000000     
           0          20   0.0000000000000000        0.0000000000000000     
           5          20  -9.9074728234984502       0.30220413242298960     
          10          20   0.0000000000000000        0.0000000000000000     
          15          20   0.0000000000000000        0.0000000000000000     
          20          20   0.0000000000000000        0.0000000000000000     
          25          20   0.0000000000000000        0.0000000000000000     
          30          20   0.0000000000000000        0.0000000000000000     
          35          20   0.0000000000000000        0.0000000000000000     
          40          20  -10.305214039887378       0.33069373476357633     
          45          20   0.0000000000000000        0.0000000000000000     
          50          20   0.0000000000000000        0.0000000000000000     
          55          20   0.0000000000000000        0.0000000000000000     
          60          20   0.0000000000000000        0.0000000000000000     
          65          20   0.0000000000000000        0.0000000000000000     
          70          20   0.0000000000000000        0.0000000000000000     
          75          20   0.0000000000000000        0.0000000000000000     
          80          20   0.0000000000000000        0.0000000000000000     
          85          20   0.0000000000000000        0.0000000000000000     
          90          20   0.0000000000000000        0.0000000000000000     
          95          20   0.0000000000000000        0.0000000000000000     
           0          21   0.0000000000000000        0.0000000000000000     
           5          21   0.0000000000000000        0.0000000000000000     
          10          21   0.0000000000000000        0.0000000000000000     
          15          21   0.0000000000000000        0.0000000000000000     
          20          21   0.0000000000000000        0.0000000000000000     
          25          21   0.0000000000000000        0.0000000000000000     
          30          21   0.0000000000000000        0.0000000000000000     
          35          21   0.0000000000000000        0.0000000000000000     
          40          21   0.0000000000000000        0.0000000000000000     
          45          21  -10.007115196211114       9.05339889700762512E-002
          50          21   0.0000000000000000        0.0000000000000000     
          55          21   0.0000000000000000        0.0000000000000000     
          60          21   0.0000000000000000        0.0000000000000000     
          65          21   0.0000000000000000        0.0000000000000000     
          70          21   0.0000000000000000        0.0000000000000000     
          75          21   0.0000000000000000        0.0000000000000000     
          80          21   0.0000000000000000        0.0000000000000000     
          85          21   0.0000000000000000        0.0000000000000000     
          90          21   0.0000000000000000        0.0000000000000000     
          95          21   0.0000000000000000        0.0000000000000000     
