           0           0   0.0000000000000000        0.0000000000000000     
           5           0   0.0000000000000000        0.0000000000000000     
          10           0   0.0000000000000000        0.0000000000000000     
          15           0   0.0000000000000000        0.0000000000000000     
          20           0   0.0000000000000000        0.0000000000000000     
          25           0   0.0000000000000000        0.0000000000000000     
          30           0   0.0000000000000000        0.0000000000000000     
          35           0   0.0000000000000000        0.0000000000000000     
          40           0   0.0000000000000000        0.0000000000000000     
          45           0   0.0000000000000000        0.0000000000000000     
          50           0   0.0000000000000000        0.0000000000000000     
          55           0   0.0000000000000000        0.0000000000000000     
          60           0   0.0000000000000000        0.0000000000000000     
          65           0   0.0000000000000000        0.0000000000000000     
          70           0   0.0000000000000000        0.0000000000000000     
          75           0   0.0000000000000000        0.0000000000000000     
          80           0   0.0000000000000000        0.0000000000000000     
          85           0   0.0000000000000000        0.0000000000000000     
          90           0   0.0000000000000000        0.0000000000000000     
          95           0   0.0000000000000000        0.0000000000000000     
           0           1   0.0000000000000000        0.0000000000000000     
           5           1   0.0000000000000000        0.0000000000000000     
          10           1   0.0000000000000000        0.0000000000000000     
          15           1   0.0000000000000000        0.0000000000000000     
          20           1   0.0000000000000000        0.0000000000000000     
          25           1 -0.89194868634012714       0.52376450052999890     
          30           1  0.14585931932376006       0.48193689403225670     
          35           1 -0.99757430475411191       -1.0182055045096852     
          40           1   0.0000000000000000        0.0000000000000000     
          45           1   0.0000000000000000        0.0000000000000000     
          50           1   0.0000000000000000        0.0000000000000000     
          55           1   0.0000000000000000        0.0000000000000000     
          60           1   0.0000000000000000        0.0000000000000000     
          65           1 -0.35785785136965842       0.65281357182585953     
          70           1   0.0000000000000000        0.0000000000000000     
          75           1   0.0000000000000000        0.0000000000000000     
          80           1   0.0000000000000000        0.0000000000000000     
          85           1 -0.14777282811406778       0.48928515035445014     
          90           1   0.0000000000000000        0.0000000000000000     
          95           1   0.0000000000000000        0.0000000000000000     
           0           2   0.0000000000000000        0.0000000000000000     
           5           2   0.0000000000000000        0.0000000000000000     
          10           2   0.0000000000000000        0.0000000000000000     
          15           2  -2.0803703548244457       -2.3144849295384655     
          20           2  -2.5174297103433552       0.58779134260566324     
          25           2 -0.50791011712347789        1.4139653904387053     
          30           2   0.0000000000000000        0.0000000000000000     
          35           2   0.0000000000000000        0.0000000000000000     
          40           2  -2.7554581585653715      -0.60260575261979887     
          45           2   0.0000000000000000        0.0000000000000000     
          50           2   0.0000000000000000        0.0000000000000000     
          55           2   0.0000000000000000        0.0000000000000000     
          60           2  -3.9596890656901085       -1.2382685602733630     
          65           2   0.0000000000000000        0.0000000000000000     
          70           2 -0.62682408776160159        1.0504059045446725     
          75           2  -2.1515549169204284       0.19524373910013992     
          80           2  -2.3652187317191320       -1.1545201029905181     
          85           2   0.0000000000000000        0.0000000000000000     
          90           2 -0.74173136001665085       0.13853724330086664     
          95           2  -3.0556525066938178      -1.67335235825780138E-002
           0           3  -3.1746999150779849       -2.4703353197370879     
           5           3  -2.1279261274768229      -0.83406606734781619     
          10           3  -1.1020801609530617        1.2581152629690533     
          15           3  -3.3863031344433248      -0.87353405480349033     
          20           3  -2.7016058634934947       0.99398206885203955     
          25           3  -4.2695709037288143       0.49665906986628983     
          30           3  -4.0107775626108122      -0.68694135644351006     
          35           3   0.0000000000000000        0.0000000000000000     
          40           3   0.0000000000000000        0.0000000000000000     
          45           3  -1.9534464972581489       -1.1987883215637540     
          50           3   0.0000000000000000        0.0000000000000000     
          55           3 -0.47564658254728442      -0.72811130425023962     
          60           3  -4.5301506394568314       -2.0562586179459497     
          65           3   0.0000000000000000        0.0000000000000000     
          70           3  -1.9579947804970743      -8.19988563754633915E-002
          75           3   0.0000000000000000        0.0000000000000000     
          80           3   0.0000000000000000        0.0000000000000000     
          85           3  -3.0420057857072358      -0.75736236645529420     
          90           3  -3.0272427689848058      -0.65528030964462358     
          95           3  -4.6012233924042079      -0.63730030294618933     
           0           4   0.0000000000000000        0.0000000000000000     
           5           4  -3.3886472371821155       0.57058596414694129     
          10           4  -8.2173818127137537       0.26257628837830782     
          15           4  -3.7225825020906211       0.69883804455772580     
          20           4  -2.5249508345179250       0.58755252214048870     
          25           4  -3.2870419557651243       0.32529714050863467     
          30           4   0.0000000000000000        0.0000000000000000     
          35           4   0.0000000000000000        0.0000000000000000     
          40           4  -3.6952200558626469       0.49360872948572831     
          45           4   0.0000000000000000        0.0000000000000000     
          50           4   0.0000000000000000        0.0000000000000000     
          55           4  -2.4203500189146077        1.4583579639321220     
          60           4   0.0000000000000000        0.0000000000000000     
          65           4   0.0000000000000000        0.0000000000000000     
          70           4  -2.7577150299973319       0.44582197514311805     
          75           4  -4.1835865486783419      -0.98683412543376647     
          80           4   0.0000000000000000        0.0000000000000000     
          85           4   0.0000000000000000        0.0000000000000000     
          90           4   0.0000000000000000        0.0000000000000000     
          95           4  -3.4464538968981273      -0.84618221735527355     
           0           5  -3.0259971121933229       0.41442244874109746     
           5           5   0.0000000000000000        0.0000000000000000     
          10           5   0.0000000000000000        0.0000000000000000     
          15           5  -7.0964585033680967       0.29201257979311057     
          20           5  -4.3431909499483385       0.99756123839812860     
          25           5  -5.2177806042885688       7.38594717331064743E-005
          30           5  -4.7570438439936691      -0.56912427474742344     
          35           5  -4.7572515395127857       0.31855898239556424     
          40           5  -5.6875912648046700       0.89328989095999178     
          45           5  -3.6522296973562351       0.23917654570590474     
          50           5  -3.9478496003275687      -0.32761924340415916     
          55           5   0.0000000000000000        0.0000000000000000     
          60           5  -3.7618472102796119      -0.23771798609725781     
          65           5   0.0000000000000000        0.0000000000000000     
          70           5   0.0000000000000000        0.0000000000000000     
          75           5   0.0000000000000000        0.0000000000000000     
          80           5  -8.5260847420998154      -0.34194243388019352     
          85           5  -3.1911222059166633       0.23969175294139000     
          90           5  -3.2215469716723177       0.14491044115674812     
          95           5   0.0000000000000000        0.0000000000000000     
           0           6  -4.7973970416289946        1.3049827338947051     
           5           6  -5.0642833877018871      -0.72555531508325388     
          10           6   0.0000000000000000        0.0000000000000000     
          15           6  -4.9689576882352977      -0.28874397188141665     
          20           6   0.0000000000000000        0.0000000000000000     
          25           6  -5.7429249977436481      -4.42068318347310640E-002
          30           6   0.0000000000000000        0.0000000000000000     
          35           6   0.0000000000000000        0.0000000000000000     
          40           6   0.0000000000000000        0.0000000000000000     
          45           6  -3.8084443895147757       0.41775167234484045     
          50           6  -4.2518990603013229       -1.2157134328037722     
          55           6  -5.1294165127702129      -0.10787284545468734     
          60           6  -6.3923842667790165       -1.0790813092828588     
          65           6  -5.2712775472563145      -0.16495836125215990     
          70           6   0.0000000000000000        0.0000000000000000     
          75           6  -4.6408770098782526       0.50691928602616954     
          80           6  -5.3339848478217711        1.1565672908954439     
          85           6  -5.2828385895287155       -1.4000356372605161     
          90           6  -4.6394120338755229       0.51093007853511563     
          95           6  -3.7494071673993545      -4.89675577905468451E-003
           0           7   0.0000000000000000        0.0000000000000000     
           5           7  -6.5176560326440232      -0.65798726537655283     
          10           7  -5.8333294062005985       0.75284348071982810     
          15           7   0.0000000000000000        0.0000000000000000     
          20           7  -5.5797375450725157      -0.17919451386419483     
          25           7   0.0000000000000000        0.0000000000000000     
          30           7  -6.2346169330163015       -1.0376954329115173     
          35           7  -6.4698607009627818       0.35778947475292866     
          40           7  -5.5581408738902827       0.28346633395917586     
          45           7  -6.1563698460731509       8.15153963527881498E-002
          50           7  -4.5525359210052407      -0.44882025102763179     
          55           7  -4.9168794123866100      -0.51638239751003456     
          60           7   0.0000000000000000        0.0000000000000000     
          65           7  -5.3816506765591576      -9.82992859151210485E-002
          70           7  -4.3892308486492837        1.8911750219970103     
          75           7  -6.0463863116755334        1.6593308967595422     
          80           7   0.0000000000000000        0.0000000000000000     
          85           7   0.0000000000000000        0.0000000000000000     
          90           7   0.0000000000000000        0.0000000000000000     
          95           7   0.0000000000000000        0.0000000000000000     
           0           8  -8.0560349531149686      -0.29891963931091836     
           5           8  -6.6733639648041549      -0.80321680472464352     
          10           8   0.0000000000000000        0.0000000000000000     
          15           8  -6.2756427509816355       0.37001434464709049     
          20           8  -6.9781331270393760       0.94026876278421878     
          25           8  -5.5172096127620307       0.72408112144414782     
          30           8  -6.5450553915691323       0.52021249977871054     
          35           8  -6.5136992434056129       0.24859760610854154     
          40           8  -8.0504982058338115      -0.67147298757549989     
          45           8  -7.8262251500205160      -0.88300322052772828     
          50           8  -6.1007565906034955       0.17374114765947302     
          55           8  -7.2613076206384797      -0.47170368046259292     
          60           8  -7.2930677784643905       -1.6123018913190290     
          65           8  -6.6522164730931088       0.29200210590205056     
          70           8   0.0000000000000000        0.0000000000000000     
          75           8   0.0000000000000000        0.0000000000000000     
          80           8  -6.6300990558976203        1.3015556024416342     
          85           8   0.0000000000000000        0.0000000000000000     
          90           8   0.0000000000000000        0.0000000000000000     
          95           8   0.0000000000000000        0.0000000000000000     
           0           9  -7.5015910741250789       -1.0478169371368196     
           5           9  -7.5866994449631102      -0.29038472895315248     
          10           9   0.0000000000000000        0.0000000000000000     
          15           9  -7.0548638679682192       0.15363247798341750     
          20           9  -7.3352438564208695       0.77978112232326979     
          25           9  -7.8087021489436914        1.0669552296378726     
          30           9   0.0000000000000000        0.0000000000000000     
          35           9   0.0000000000000000        0.0000000000000000     
          40           9   0.0000000000000000        0.0000000000000000     
          45           9   0.0000000000000000        0.0000000000000000     
          50           9   0.0000000000000000        0.0000000000000000     
          55           9   0.0000000000000000        0.0000000000000000     
          60           9  -6.5567278617240099      -0.33682275962856889     
          65           9  -7.6340976241984215       0.26777435305699870     
          70           9   0.0000000000000000        0.0000000000000000     
          75           9   0.0000000000000000        0.0000000000000000     
          80           9   0.0000000000000000        0.0000000000000000     
          85           9   0.0000000000000000        0.0000000000000000     
          90           9  -4.8072491038086973        1.1755061521991073     
          95           9   0.0000000000000000        0.0000000000000000     
           0          10   0.0000000000000000        0.0000000000000000     
           5          10  -6.0918437456625867        1.2044104389306864     
          10          10   0.0000000000000000        0.0000000000000000     
          15          10   0.0000000000000000        0.0000000000000000     
          20          10  -7.7959288755427565       0.13784894803761660     
          25          10   0.0000000000000000        0.0000000000000000     
          30          10   0.0000000000000000        0.0000000000000000     
          35          10   0.0000000000000000        0.0000000000000000     
          40          10  -6.3434942685169915        1.2076253012734128     
          45          10  -8.2453989645825398      -0.42653368140313508     
          50          10  -7.6562818158887325      -0.41696828056672630     
          55          10   0.0000000000000000        0.0000000000000000     
          60          10   0.0000000000000000        0.0000000000000000     
          65          10  -8.7545073357309100      -0.71847963161994488     
          70          10   0.0000000000000000        0.0000000000000000     
          75          10   0.0000000000000000        0.0000000000000000     
          80          10  -7.3312229441491183        1.2880976923095033     
          85          10   0.0000000000000000        0.0000000000000000     
          90          10  -7.9999611675485305      -3.92690131763295813E-002
          95          10  -5.4426729724665890       0.76209675766894525     
           0          11  -8.9625621083237910      -0.40537452783748207     
           5          11  -7.0012525613444980      -0.18490543656171643     
          10          11  -17.205831111313518        1.7656043170868885     
          15          11  -8.6084491099328027      -0.25683467571938068     
          20          11  -8.5374740730229099      -0.33083427728355930     
          25          11   0.0000000000000000        0.0000000000000000     
          30          11  -13.045228261341911       0.80477691134575591     
          35          11  -7.4699362347130371      -0.93837019661632826     
          40          11   0.0000000000000000        0.0000000000000000     
          45          11  -8.5758352918829939       0.39068987365956098     
          50          11  -8.9508002507665552      -0.65725812425018737     
          55          11  -9.0993885964940624      -0.22660475009719794     
          60          11  -7.9832044031924454       5.66415465978742372E-002
          65          11  -8.0602827085485274       0.37225829746176387     
          70          11   0.0000000000000000        0.0000000000000000     
          75          11   0.0000000000000000        0.0000000000000000     
          80          11  -8.4707007727002903       -1.0173531573427763     
          85          11  -7.4387059226621588       8.51163655397890739E-002
          90          11   0.0000000000000000        0.0000000000000000     
          95          11  -8.0046850049064755       0.17108555990699714     
           0          12   0.0000000000000000        0.0000000000000000     
           5          12  -9.3033234084390752      -0.42711528875305493     
          10          12   0.0000000000000000        0.0000000000000000     
          15          12   0.0000000000000000        0.0000000000000000     
          20          12   0.0000000000000000        0.0000000000000000     
          25          12  -9.4800664488059461       0.79634474343129313     
          30          12   0.0000000000000000        0.0000000000000000     
          35          12   0.0000000000000000        0.0000000000000000     
          40          12   0.0000000000000000        0.0000000000000000     
          45          12   0.0000000000000000        0.0000000000000000     
          50          12  -8.2484072071919989       0.59877904734217946     
          55          12  -7.3796342511456281       0.37530707921576423     
          60          12  -8.9999653762817822       0.44038528707504576     
          65          12  -8.1423854216611247       8.05993227602497253E-002
          70          12   0.0000000000000000        0.0000000000000000     
          75          12  -9.8347494504880117      -0.78132725192955887     
          80          12   0.0000000000000000        0.0000000000000000     
          85          12   0.0000000000000000        0.0000000000000000     
          90          12  -7.7018125122685355       2.63275152813380320E-002
          95          12   0.0000000000000000        0.0000000000000000     
           0          13  -9.0170121025170786      -0.97463797487540305     
           5          13   0.0000000000000000        0.0000000000000000     
          10          13  -7.0712103634705530       0.49078283113290766     
          15          13  -9.0375402429340728       0.39545621360548289     
          20          13  -9.1257455309787243       0.30785298973601272     
          25          13  -9.4929077181438171       -1.5431302784857381     
          30          13  -8.6016773234726109       8.58316470409015153E-002
          35          13  -9.4255569601253697      -0.78865742088152224     
          40          13   0.0000000000000000        0.0000000000000000     
          45          13   0.0000000000000000        0.0000000000000000     
          50          13  -10.262705925818683      -0.57020431481480394     
          55          13   0.0000000000000000        0.0000000000000000     
          60          13  -9.9058858280032247       0.93342395258988464     
          65          13   0.0000000000000000        0.0000000000000000     
          70          13   0.0000000000000000        0.0000000000000000     
          75          13  -9.2661093217749624       -1.2982266749200777     
          80          13  -7.8514426455378317       0.25850990041875743     
          85          13  -8.6282345728472265       0.51932365188300800     
          90          13  -16.390133315768995        2.7922576709077385     
          95          13   0.0000000000000000        0.0000000000000000     
           0          14   0.0000000000000000        0.0000000000000000     
           5          14   0.0000000000000000        0.0000000000000000     
          10          14  -9.7843734706100349      -0.53685026743910402     
          15          14   0.0000000000000000        0.0000000000000000     
          20          14   0.0000000000000000        0.0000000000000000     
          25          14   0.0000000000000000        0.0000000000000000     
          30          14  -9.7114849370671941       0.87314742726080086     
          35          14   0.0000000000000000        0.0000000000000000     
          40          14   0.0000000000000000        0.0000000000000000     
          45          14  -9.0500171895147030       0.82493083281731661     
          50          14  -9.7246153352492648       0.48850852016057988     
          55          14  -9.2866563470517249       3.14985919125376768E-002
          60          14   0.0000000000000000        0.0000000000000000     
          65          14   0.0000000000000000        0.0000000000000000     
          70          14   0.0000000000000000        0.0000000000000000     
          75          14   0.0000000000000000        0.0000000000000000     
          80          14   0.0000000000000000        0.0000000000000000     
          85          14   0.0000000000000000        0.0000000000000000     
          90          14   0.0000000000000000        0.0000000000000000     
          95          14   0.0000000000000000        0.0000000000000000     
           0          15   0.0000000000000000        0.0000000000000000     
           5          15   0.0000000000000000        0.0000000000000000     
          10          15  -10.945749093984741      -0.34045309348251784     
          15          15  -10.477651945634824       0.13504561062305243     
          20          15  -9.1255957742267242       0.35305167141341798     
          25          15  -10.007831695310054       2.54181886583104699E-002
          30          15   0.0000000000000000        0.0000000000000000     
          35          15  -8.7594618593278550      -5.72612903082525548E-002
          40          15   0.0000000000000000        0.0000000000000000     
          45          15  -9.4402232150003762       0.40697216523666313     
          50          15   0.0000000000000000        0.0000000000000000     
          55          15   0.0000000000000000        0.0000000000000000     
          60          15  -9.2218515456998773      -0.34980142476548348     
          65          15  -10.042052145244895      -0.73594293895085094     
          70          15  -9.8440143719202844       0.24687386251776022     
          75          15   0.0000000000000000        0.0000000000000000     
          80          15  -8.8980107956104781      -0.37944764942898779     
          85          15  -8.8338787857722423        1.2582596196819562     
          90          15  -10.222593482669406       0.46900890973200493     
          95          15  -8.4006990458740383      -0.31644103573646998     
           0          16  -10.326508283196016      -0.57607536021409000     
           5          16  -11.412320737032507      -0.40804651556869409     
          10          16  -8.9558908773042223      -0.58074075049430185     
          15          16   0.0000000000000000        0.0000000000000000     
          20          16   0.0000000000000000        0.0000000000000000     
          25          16   0.0000000000000000        0.0000000000000000     
          30          16  -10.424326276007312      -0.32015097970738982     
          35          16  -10.597679452764019       0.36499232295650330     
          40          16   0.0000000000000000        0.0000000000000000     
          45          16   0.0000000000000000        0.0000000000000000     
          50          16  -10.040882030790677      -0.88825786771384863     
          55          16   0.0000000000000000        0.0000000000000000     
          60          16  -9.8714892880047422      -0.19644006049424068     
          65          16   0.0000000000000000        0.0000000000000000     
          70          16   0.0000000000000000        0.0000000000000000     
          75          16  -9.2050402338661463       3.51077897192686450E-002
          80          16  -9.2997841399111714      -7.62544241411644563E-002
          85          16   0.0000000000000000        0.0000000000000000     
          90          16  -8.1659962769231598        1.0618647488341848     
          95          16  -10.650100587519251      -0.76964871989326777     
           0          17   0.0000000000000000        0.0000000000000000     
           5          17   0.0000000000000000        0.0000000000000000     
          10          17   0.0000000000000000        0.0000000000000000     
          15          17   0.0000000000000000        0.0000000000000000     
          20          17   0.0000000000000000        0.0000000000000000     
          25          17   0.0000000000000000        0.0000000000000000     
          30          17   0.0000000000000000        0.0000000000000000     
          35          17  -10.024520607436749      -1.92119611142071989E-002
          40          17  -9.8043455644314381      -0.14772432579079897     
          45          17   0.0000000000000000        0.0000000000000000     
          50          17   0.0000000000000000        0.0000000000000000     
          55          17  -9.6254619649460693      -1.25572713244315182E-002
          60          17   0.0000000000000000        0.0000000000000000     
          65          17   0.0000000000000000        0.0000000000000000     
          70          17   0.0000000000000000        0.0000000000000000     
          75          17   0.0000000000000000        0.0000000000000000     
          80          17   0.0000000000000000        0.0000000000000000     
          85          17   0.0000000000000000        0.0000000000000000     
          90          17  -9.7949559115328988      -0.88094711091779576     
          95          17   0.0000000000000000        0.0000000000000000     
           0          18  -10.687227333118251        1.0707618231353688     
           5          18  -10.257441209174864       0.38127308950253180     
          10          18  -11.243563180214494       0.14753464940953087     
          15          18   0.0000000000000000        0.0000000000000000     
          20          18   0.0000000000000000        0.0000000000000000     
          25          18   0.0000000000000000        0.0000000000000000     
          30          18   0.0000000000000000        0.0000000000000000     
          35          18   0.0000000000000000        0.0000000000000000     
          40          18   0.0000000000000000        0.0000000000000000     
          45          18   0.0000000000000000        0.0000000000000000     
          50          18  -10.280919340319716       0.55446673037640171     
          55          18   0.0000000000000000        0.0000000000000000     
          60          18   0.0000000000000000        0.0000000000000000     
          65          18   0.0000000000000000        0.0000000000000000     
          70          18   0.0000000000000000        0.0000000000000000     
          75          18   0.0000000000000000        0.0000000000000000     
          80          18   0.0000000000000000        0.0000000000000000     
          85          18  -10.280121011851939      -2.39490962972155330E-002
          90          18   0.0000000000000000        0.0000000000000000     
          95          18  -10.164181424272556       0.12584404843696273     
           0          19   0.0000000000000000        0.0000000000000000     
           5          19   0.0000000000000000        0.0000000000000000     
          10          19  -9.7680401870715858      -0.40221352291591739     
          15          19   0.0000000000000000        0.0000000000000000     
          20          19   0.0000000000000000        0.0000000000000000     
          25          19  -10.538113482225775      -0.95583281371436346     
          30          19   0.0000000000000000        0.0000000000000000     
          35          19   0.0000000000000000        0.0000000000000000     
          40          19  -10.069541558006545       0.60973901873762060     
          45          19   0.0000000000000000        0.0000000000000000     
          50          19   0.0000000000000000        0.0000000000000000     
          55          19   0.0000000000000000        0.0000000000000000     
          60          19   0.0000000000000000        0.0000000000000000     
          65          19  -10.542955387073949      -0.39682687718090026     
          70          19   0.0000000000000000        0.0000000000000000     
          75          19   0.0000000000000000        0.0000000000000000     
          80          19   0.0000000000000000        0.0000000000000000     
          85          19   0.0000000000000000        0.0000000000000000     
          90          19   0.0000000000000000        0.0000000000000000     
          95          19   0.0000000000000000        0.0000000000000000     
           0          20   0.0000000000000000        0.0000000000000000     
           5          20   0.0000000000000000        0.0000000000000000     
          10          20   0.0000000000000000        0.0000000000000000     
          15          20   0.0000000000000000        0.0000000000000000     
          20          20   0.0000000000000000        0.0000000000000000     
          25          20   0.0000000000000000        0.0000000000000000     
          30          20  -9.0137431930137346       -1.2960827311092604     
          35          20   0.0000000000000000        0.0000000000000000     
          40          20   0.0000000000000000        0.0000000000000000     
          45          20   0.0000000000000000        0.0000000000000000     
          50          20  -9.1077891096347230       0.94411588455134421     
          55          20   0.0000000000000000        0.0000000000000000     
          60          20   0.0000000000000000        0.0000000000000000     
          65          20   0.0000000000000000        0.0000000000000000     
          70          20   0.0000000000000000        0.0000000000000000     
          75          20   0.0000000000000000        0.0000000000000000     
          80          20   0.0000000000000000        0.0000000000000000     
          85          20   0.0000000000000000        0.0000000000000000     
          90          20   0.0000000000000000        0.0000000000000000     
          95          20   0.0000000000000000        0.0000000000000000     
           0          21   0.0000000000000000        0.0000000000000000     
           5          21   0.0000000000000000        0.0000000000000000     
          10          21   0.0000000000000000        0.0000000000000000     
          15          21   0.0000000000000000        0.0000000000000000     
          20          21   0.0000000000000000        0.0000000000000000     
          25          21   0.0000000000000000        0.0000000000000000     
          30          21   0.0000000000000000        0.0000000000000000     
          35          21   0.0000000000000000        0.0000000000000000     
          40          21  -9.5570239542719371      -0.14303548168670410     
          45          21   0.0000000000000000        0.0000000000000000     
          50          21   0.0000000000000000        0.0000000000000000     
          55          21   0.0000000000000000        0.0000000000000000     
          60          21   0.0000000000000000        0.0000000000000000     
          65          21   0.0000000000000000        0.0000000000000000     
          70          21   0.0000000000000000        0.0000000000000000     
          75          21   0.0000000000000000        0.0000000000000000     
          80          21   0.0000000000000000        0.0000000000000000     
          85          21   0.0000000000000000        0.0000000000000000     
          90          21   0.0000000000000000        0.0000000000000000     
          95          21   0.0000000000000000        0.0000000000000000     
