           0           0   0.0000000000000000        0.0000000000000000     
           5           0   0.0000000000000000        0.0000000000000000     
          10           0   0.0000000000000000        0.0000000000000000     
          15           0   0.0000000000000000        0.0000000000000000     
          20           0   0.0000000000000000        0.0000000000000000     
          25           0   0.0000000000000000        0.0000000000000000     
          30           0   0.0000000000000000        0.0000000000000000     
          35           0   0.0000000000000000        0.0000000000000000     
          40           0   0.0000000000000000        0.0000000000000000     
          45           0   0.0000000000000000        0.0000000000000000     
          50           0   0.0000000000000000        0.0000000000000000     
          55           0   0.0000000000000000        0.0000000000000000     
          60           0   0.0000000000000000        0.0000000000000000     
          65           0   0.0000000000000000        0.0000000000000000     
          70           0   0.0000000000000000        0.0000000000000000     
          75           0   0.0000000000000000        0.0000000000000000     
          80           0   0.0000000000000000        0.0000000000000000     
          85           0   0.0000000000000000        0.0000000000000000     
          90           0   0.0000000000000000        0.0000000000000000     
          95           0   0.0000000000000000        0.0000000000000000     
           0           1 -0.28760398795429909       -1.0951933771685685     
           5           1 -0.64560906497312942       0.23769808187412700     
          10           1 -0.42695396884617764      -0.16018101851922317     
          15           1 -0.64012991374262640       -7.2053665101101672E-002
          20           1  -4.8554543337075984E-002 -0.65607544804002771     
          25           1 -0.37548837886092201       0.26353905845377668     
          30           1  -1.7889743346266584      -0.14604485393254762     
          35           1 -0.64933577476722348       0.39096547848838092     
          40           1   0.0000000000000000        0.0000000000000000     
          45           1 -0.32992062585890380        8.7645089065224724E-002
          50           1 -0.63201383262878608      -0.10932464573176759     
          55           1 -0.39500250629487255       0.43888916984036186     
          60           1   2.4556838305045403E-002  -7.2871074163760596E-003
          65           1 -0.85879854864856497        6.1594983175039530E-002
          70           1  -2.0199830004230535E-002 -0.25000772662542303     
          75           1 -0.25168928509344823        6.6072006200679212E-002
          80           1   1.4383552056074222E-002  0.13375371304413797     
          85           1  -1.5204099275933913       0.62000950118656917     
          90           1  -6.9242173807992913E-002  -5.2138608561680400E-002
          95           1  -5.1113275958414306E-002  0.20192121898965354     
           0           2 -0.93254492821326362        7.7519231505007724E-002
           5           2   6.2009869030710263E-002   3.0187618267341065E-002
          10           2  -1.5410109277169681       0.30247664920546313     
          15           2  -1.1655009498845459      -0.84176203359209723     
          20           2  -2.4736223101484711       -1.5411015581023868     
          25           2  -4.0960298736969492      -0.60655091544736806     
          30           2  -2.6087680422293147      -0.68658323195691651     
          35           2  -2.9896076136637362        2.6467595761747731E-002
          40           2  -2.6429576745456984       0.14398807192339547     
          45           2  -3.0929678697688701      -0.75925671055188104     
          50           2  -1.3357000027269805       0.12000929141553485     
          55           2  -1.9061973154776979       0.74971264382162062     
          60           2  -2.4923898991602300        1.6449910511906474     
          65           2  -1.7998674906749557       0.13414975730485779     
          70           2  -1.2309410794841824        7.5670425103702144E-002
          75           2  -1.7443695828234240       0.17356159812909056     
          80           2 -0.79342115192559959       0.57258793904280125     
          85           2  -5.0629886702324711      -0.68473741502428354     
          90           2  -1.8912733222009592        6.2802921236837506E-002
          95           2  -1.4258091334085066       0.61273580490128765     
           0           3  -1.3189237467525761       0.11336161020114588     
           5           3 -0.67368773069009791        4.4556338547607766E-002
          10           3  -3.9591324968224484       0.56650699302496221     
          15           3  -1.3472396149705190      -0.77634736814324867     
          20           3  -1.5026170887999513       0.54900337944419064     
          25           3  -3.7296302710032592       0.27304424975893582     
          30           3  -1.9094763031013429       0.16667124192570881     
          35           3  -5.6373518613739293      -0.37246116254774364     
          40           3  -1.7401009963791125       -7.9320595669507554E-003
          45           3  -2.3523194147401227       -2.5512107184599842E-002
          50           3  -4.8833714749108026       0.65593862792034940     
          55           3  -4.4699615668619685        1.9331576530734473     
          60           3  -1.9063138195818397        1.4082807130666453     
          65           3  -4.6082287978777003        1.2078122020131588     
          70           3  -2.0078391210631708      -0.35885576557648236     
          75           3  -2.3891518948460089      -0.35046511995817653     
          80           3  -1.0073322526693573       0.41057806954292175     
          85           3  -3.6094010678766608      -0.61908857323711430     
          90           3  -2.1030997093163251      -0.42909433483506731     
          95           3  -2.7140979482709326        1.1000830382146276     
           0           4  -2.2025607165787608      -0.89008761051445617     
           5           4  -2.0912714353604756       0.89071438212240395     
          10           4   0.0000000000000000        0.0000000000000000     
          15           4  -1.6557437596453894      -0.18378326680501544     
          20           4  -2.5297044721028783       0.39573610037368923     
          25           4  -3.5085166993731320       -1.4081725722858707     
          30           4  -3.5573808050060052      -0.54869184274330962     
          35           4  -1.8034376104125727        8.0382972829085020E-002
          40           4  -2.1897663225800557       -1.0035600755564644     
          45           4  -2.5779648678181388      -0.30564952419265268     
          50           4  -4.0183400053450669      -0.13285760905201727     
          55           4   0.0000000000000000        0.0000000000000000     
          60           4  -3.8004358040311104        2.1874720786296820     
          65           4  -6.7380313269893577        1.3100842033608728     
          70           4  -2.6294145348515485      -0.31032907868766557     
          75           4  -2.7227821272646224        9.0726283237252403E-002
          80           4  -2.1234511120837851       0.96909784513155017     
          85           4 -0.65392006860065521      -0.39958941227880018     
          90           4  -5.6970298923886276      -0.54239075216955257     
          95           4  -5.0681971691091121        1.2972992076898393     
           0           5  -7.6700544062166536      -0.71572115160734029     
           5           5  -5.5113407016005311        1.8136033151483488     
          10           5  -2.8078138865961222      -0.40453014829466838     
          15           5  -2.4638611686889078      -0.39192857369751977     
          20           5  -3.0240903086564686       0.19799437141365672     
          25           5  -2.8181252029391146       0.36500298332242664     
          30           5  -3.7820408032729347      -0.82802513552859835     
          35           5  -2.3768693211678737       0.27167673424255412     
          40           5  -3.7317151025817452      -0.93611862809872548     
          45           5  -7.2483160361613841       0.87337084715422009     
          50           5  -3.1912010062384866        8.1669459373046038E-002
          55           5  -2.7951449783714111       0.85762683659229566     
          60           5  -2.2075037140467657       0.68114926272677678     
          65           5  -3.5869375956565364       0.65300694537473447     
          70           5  -6.4009105930296073       -1.4999739884657970     
          75           5  -3.4453271945977804      -0.79596242807067341     
          80           5  -4.3784892426401711        1.0902557106229338     
          85           5   0.0000000000000000        0.0000000000000000     
          90           5  -3.1410632249873061      -0.15154453938848178     
          95           5  -3.6639568618568319       0.56417383674567390     
           0           6  -3.8523904759524275       0.24080408569382428     
           5           6  -8.5137147390801360        1.4962056078404729     
          10           6  -2.8482512795502402       -6.9629662746706344E-003
          15           6  -6.3296361528397682       -1.1066609519572168     
          20           6  -3.1655460505319866      -0.43434672616360359     
          25           6  -2.8286275818523166      -0.44499038144074632     
          30           6  -4.3798614597179153       -2.0477288873577137     
          35           6  -4.1359874479596215       -5.9891791615029888E-002
          40           6  -6.3642771244687424       -1.2964495246681196     
          45           6  -3.8552998191576648       0.17576777052941139     
          50           6  -8.7666025466859310      -0.42142186775784296     
          55           6  -3.5075117627414443        1.5048107689041856     
          60           6  -6.2940945564804451        1.4125423267996595     
          65           6  -5.6159606495498338       0.77792435250412240     
          70           6  -6.1562289457128827        1.3052844330285751     
          75           6  -8.1952060772749746       -2.3730942745903150     
          80           6  -2.1106937558812433       -6.0021383490038716E-002
          85           6  -3.8224336302050688        2.6808360748908910     
          90           6  -3.0745547547894603      -0.32347954807665502     
          95           6   0.0000000000000000        0.0000000000000000     
           0           7  -3.5798010937884706       -4.9183274128949961E-002
           5           7  -5.4575245320309662        1.4609368701945513     
          10           7  -3.5346968287619518      -0.58108065932760411     
          15           7  -4.3321971948273585      -0.40951072592942950     
          20           7  -3.9407179385619884       -1.0269896633507969     
          25           7  -6.6833739711569251        1.1109312504231639     
          30           7  -5.2711650301517921       -2.4436765178181830     
          35           7  -5.1805318762632169       0.23209103613197613     
          40           7  -4.5037175130602236      -0.42457776979976103     
          45           7  -4.0278673455063085       0.56842104680487893     
          50           7  -5.5706324521409556       -7.3136341600665844E-002
          55           7  -6.8043266086093013        2.9001293410102491     
          60           7  -3.3481792732459326       0.73348728467870217     
          65           7  -3.4157419169389414       0.65430810339162093     
          70           7  -3.8773377461609471        1.1264609765371247     
          75           7  -2.7134393195638040       -1.6992497765366821     
          80           7  -2.2260131093787550      -0.33112828063952549     
          85           7  -1.1858095953698466       0.45857179947095261     
          90           7  -3.5385093292461534      -0.46446936967203811     
          95           7  -7.7100035514376941      -0.46499139068956197     
           0           8  -4.8290017875610154      -0.18890247737601840     
           5           8   0.0000000000000000        0.0000000000000000     
          10           8  -4.5594693265016417      -0.14420933442949035     
          15           8  -10.287263771040500       -1.9269887776651728     
          20           8  -3.6928884125941863      -0.17749910327324869     
          25           8   0.0000000000000000        0.0000000000000000     
          30           8  -10.825188950320808       -3.8066911524126112     
          35           8  -11.857753772481772      -0.36018654443914500     
          40           8  -5.3760525436175044      -0.38469901973314791     
          45           8   0.0000000000000000        0.0000000000000000     
          50           8  -6.4777609249588863       -9.1626792890764364E-002
          55           8  -3.9167332088396734       0.33324604869378049     
          60           8  -2.8827653936858155       0.77382014593396775     
          65           8  -4.6229185926449645       0.59683508411012554     
          70           8  -4.7206117898213051        1.0453450986780410     
          75           8   0.0000000000000000        0.0000000000000000     
          80           8  -5.2231756723131184      -0.57436889184359075     
          85           8   0.0000000000000000        0.0000000000000000     
          90           8  -3.4491239338763080      -0.19022656180922581     
          95           8  -4.0970916275284708      -0.73797773335826378     
           0           9   0.0000000000000000        0.0000000000000000     
           5           9   0.0000000000000000        0.0000000000000000     
          10           9   0.0000000000000000        0.0000000000000000     
          15           9   0.0000000000000000        0.0000000000000000     
          20           9   0.0000000000000000        0.0000000000000000     
          25           9   0.0000000000000000        0.0000000000000000     
          30           9  -4.7048218236867001       -1.8958292193183013     
          35           9   0.0000000000000000        0.0000000000000000     
          40           9  -6.0682496783570627       -5.2167859507790126E-002
          45           9   0.0000000000000000        0.0000000000000000     
          50           9   0.0000000000000000        0.0000000000000000     
          55           9   0.0000000000000000        0.0000000000000000     
          60           9   0.0000000000000000        0.0000000000000000     
          65           9   0.0000000000000000        0.0000000000000000     
          70           9   0.0000000000000000        0.0000000000000000     
          75           9   0.0000000000000000        0.0000000000000000     
          80           9   0.0000000000000000        0.0000000000000000     
          85           9  -4.6671586287061473      -0.68716244953748173     
          90           9   0.0000000000000000        0.0000000000000000     
          95           9   0.0000000000000000        0.0000000000000000     
           0          10   0.0000000000000000        0.0000000000000000     
           5          10   0.0000000000000000        0.0000000000000000     
          10          10   0.0000000000000000        0.0000000000000000     
          15          10   0.0000000000000000        0.0000000000000000     
          20          10   0.0000000000000000        0.0000000000000000     
          25          10   0.0000000000000000        0.0000000000000000     
          30          10   0.0000000000000000        0.0000000000000000     
          35          10   0.0000000000000000        0.0000000000000000     
          40          10   0.0000000000000000        0.0000000000000000     
          45          10   0.0000000000000000        0.0000000000000000     
          50          10   0.0000000000000000        0.0000000000000000     
          55          10   0.0000000000000000        0.0000000000000000     
          60          10   0.0000000000000000        0.0000000000000000     
          65          10   0.0000000000000000        0.0000000000000000     
          70          10   0.0000000000000000        0.0000000000000000     
          75          10   0.0000000000000000        0.0000000000000000     
          80          10   0.0000000000000000        0.0000000000000000     
          85          10   0.0000000000000000        0.0000000000000000     
          90          10   0.0000000000000000        0.0000000000000000     
          95          10   0.0000000000000000        0.0000000000000000     
           0          11   0.0000000000000000        0.0000000000000000     
           5          11   0.0000000000000000        0.0000000000000000     
          10          11   0.0000000000000000        0.0000000000000000     
          15          11   0.0000000000000000        0.0000000000000000     
          20          11   0.0000000000000000        0.0000000000000000     
          25          11   0.0000000000000000        0.0000000000000000     
          30          11   0.0000000000000000        0.0000000000000000     
          35          11   0.0000000000000000        0.0000000000000000     
          40          11   0.0000000000000000        0.0000000000000000     
          45          11   0.0000000000000000        0.0000000000000000     
          50          11   0.0000000000000000        0.0000000000000000     
          55          11   0.0000000000000000        0.0000000000000000     
          60          11   0.0000000000000000        0.0000000000000000     
          65          11   0.0000000000000000        0.0000000000000000     
          70          11   0.0000000000000000        0.0000000000000000     
          75          11   0.0000000000000000        0.0000000000000000     
          80          11   0.0000000000000000        0.0000000000000000     
          85          11   0.0000000000000000        0.0000000000000000     
          90          11   0.0000000000000000        0.0000000000000000     
          95          11   0.0000000000000000        0.0000000000000000     
           0          12   0.0000000000000000        0.0000000000000000     
           5          12   0.0000000000000000        0.0000000000000000     
          10          12   0.0000000000000000        0.0000000000000000     
          15          12   0.0000000000000000        0.0000000000000000     
          20          12   0.0000000000000000        0.0000000000000000     
          25          12   0.0000000000000000        0.0000000000000000     
          30          12   0.0000000000000000        0.0000000000000000     
          35          12   0.0000000000000000        0.0000000000000000     
          40          12   0.0000000000000000        0.0000000000000000     
          45          12   0.0000000000000000        0.0000000000000000     
          50          12   0.0000000000000000        0.0000000000000000     
          55          12   0.0000000000000000        0.0000000000000000     
          60          12   0.0000000000000000        0.0000000000000000     
          65          12   0.0000000000000000        0.0000000000000000     
          70          12   0.0000000000000000        0.0000000000000000     
          75          12   0.0000000000000000        0.0000000000000000     
          80          12   0.0000000000000000        0.0000000000000000     
          85          12   0.0000000000000000        0.0000000000000000     
          90          12   0.0000000000000000        0.0000000000000000     
          95          12   0.0000000000000000        0.0000000000000000     
           0          13   0.0000000000000000        0.0000000000000000     
           5          13   0.0000000000000000        0.0000000000000000     
          10          13   0.0000000000000000        0.0000000000000000     
          15          13   0.0000000000000000        0.0000000000000000     
          20          13   0.0000000000000000        0.0000000000000000     
          25          13   0.0000000000000000        0.0000000000000000     
          30          13   0.0000000000000000        0.0000000000000000     
          35          13   0.0000000000000000        0.0000000000000000     
          40          13   0.0000000000000000        0.0000000000000000     
          45          13   0.0000000000000000        0.0000000000000000     
          50          13   0.0000000000000000        0.0000000000000000     
          55          13   0.0000000000000000        0.0000000000000000     
          60          13   0.0000000000000000        0.0000000000000000     
          65          13   0.0000000000000000        0.0000000000000000     
          70          13   0.0000000000000000        0.0000000000000000     
          75          13   0.0000000000000000        0.0000000000000000     
          80          13   0.0000000000000000        0.0000000000000000     
          85          13   0.0000000000000000        0.0000000000000000     
          90          13   0.0000000000000000        0.0000000000000000     
          95          13   0.0000000000000000        0.0000000000000000     
           0          14   0.0000000000000000        0.0000000000000000     
           5          14   0.0000000000000000        0.0000000000000000     
          10          14   0.0000000000000000        0.0000000000000000     
          15          14   0.0000000000000000        0.0000000000000000     
          20          14   0.0000000000000000        0.0000000000000000     
          25          14   0.0000000000000000        0.0000000000000000     
          30          14   0.0000000000000000        0.0000000000000000     
          35          14   0.0000000000000000        0.0000000000000000     
          40          14   0.0000000000000000        0.0000000000000000     
          45          14   0.0000000000000000        0.0000000000000000     
          50          14   0.0000000000000000        0.0000000000000000     
          55          14   0.0000000000000000        0.0000000000000000     
          60          14   0.0000000000000000        0.0000000000000000     
          65          14   0.0000000000000000        0.0000000000000000     
          70          14   0.0000000000000000        0.0000000000000000     
          75          14   0.0000000000000000        0.0000000000000000     
          80          14   0.0000000000000000        0.0000000000000000     
          85          14   0.0000000000000000        0.0000000000000000     
          90          14   0.0000000000000000        0.0000000000000000     
          95          14   0.0000000000000000        0.0000000000000000     
           0          15   0.0000000000000000        0.0000000000000000     
           5          15   0.0000000000000000        0.0000000000000000     
          10          15   0.0000000000000000        0.0000000000000000     
          15          15   0.0000000000000000        0.0000000000000000     
          20          15   0.0000000000000000        0.0000000000000000     
          25          15   0.0000000000000000        0.0000000000000000     
          30          15   0.0000000000000000        0.0000000000000000     
          35          15   0.0000000000000000        0.0000000000000000     
          40          15   0.0000000000000000        0.0000000000000000     
          45          15   0.0000000000000000        0.0000000000000000     
          50          15   0.0000000000000000        0.0000000000000000     
          55          15   0.0000000000000000        0.0000000000000000     
          60          15   0.0000000000000000        0.0000000000000000     
          65          15   0.0000000000000000        0.0000000000000000     
          70          15   0.0000000000000000        0.0000000000000000     
          75          15   0.0000000000000000        0.0000000000000000     
          80          15   0.0000000000000000        0.0000000000000000     
          85          15   0.0000000000000000        0.0000000000000000     
          90          15   0.0000000000000000        0.0000000000000000     
          95          15   0.0000000000000000        0.0000000000000000     
           0          16   0.0000000000000000        0.0000000000000000     
           5          16   0.0000000000000000        0.0000000000000000     
          10          16   0.0000000000000000        0.0000000000000000     
          15          16   0.0000000000000000        0.0000000000000000     
          20          16   0.0000000000000000        0.0000000000000000     
          25          16   0.0000000000000000        0.0000000000000000     
          30          16   0.0000000000000000        0.0000000000000000     
          35          16   0.0000000000000000        0.0000000000000000     
          40          16   0.0000000000000000        0.0000000000000000     
          45          16   0.0000000000000000        0.0000000000000000     
          50          16   0.0000000000000000        0.0000000000000000     
          55          16   0.0000000000000000        0.0000000000000000     
          60          16   0.0000000000000000        0.0000000000000000     
          65          16   0.0000000000000000        0.0000000000000000     
          70          16   0.0000000000000000        0.0000000000000000     
          75          16   0.0000000000000000        0.0000000000000000     
          80          16   0.0000000000000000        0.0000000000000000     
          85          16   0.0000000000000000        0.0000000000000000     
          90          16   0.0000000000000000        0.0000000000000000     
          95          16   0.0000000000000000        0.0000000000000000     
