           0           0   0.0000000000000000        0.0000000000000000     
           5           0   0.0000000000000000        0.0000000000000000     
          10           0   0.0000000000000000        0.0000000000000000     
          15           0   0.0000000000000000        0.0000000000000000     
          20           0   0.0000000000000000        0.0000000000000000     
          25           0   0.0000000000000000        0.0000000000000000     
          30           0   0.0000000000000000        0.0000000000000000     
          35           0   0.0000000000000000        0.0000000000000000     
          40           0   0.0000000000000000        0.0000000000000000     
          45           0   0.0000000000000000        0.0000000000000000     
          50           0   0.0000000000000000        0.0000000000000000     
          55           0   0.0000000000000000        0.0000000000000000     
          60           0   0.0000000000000000        0.0000000000000000     
          65           0   0.0000000000000000        0.0000000000000000     
          70           0   0.0000000000000000        0.0000000000000000     
          75           0   0.0000000000000000        0.0000000000000000     
          80           0   0.0000000000000000        0.0000000000000000     
          85           0   0.0000000000000000        0.0000000000000000     
          90           0   0.0000000000000000        0.0000000000000000     
          95           0   0.0000000000000000        0.0000000000000000     
           0           1  -8.3608282592517735E-002 -0.12818820390947394     
           5           1 -0.97034952000196739       0.42599623454764313     
          10           1 -0.21433522456426601       0.25070444464314612     
          15           1 -0.36881791175780165        8.3829545891589419E-002
          20           1  -7.5809579325181176E-002 -0.26894810497779531     
          25           1 -0.41048425963197133      -0.20254394933361120     
          30           1  -1.6020511310443908       0.74122330635639777     
          35           1 -0.30153424809498119       0.17104645522847406     
          40           1   7.0860427108243584E-002 -0.90270383984680791     
          45           1 -0.41907496036941438       0.29639262994707316     
          50           1 -0.39439222042858546       -3.8056401354680247E-002
          55           1 -0.58927207984282859       0.10689900109994710     
          60           1 -0.40104584865474635       0.78502529747281891     
          65           1 -0.37637331196549439       0.38892144228475090     
          70           1 -0.11912715585538081       -1.6540916948359907E-002
          75           1 -0.39852187079247869       0.16399232924624307     
          80           1  -6.0978025544500269E-002 -0.26450701682168010     
          85           1 -0.63388441581935240       -5.2778189402191700E-002
          90           1 -0.22759908318903399      -0.24416788071635054     
          95           1   1.3114423794746699       -3.4656932179633060E-003
           0           2 -0.47104762476823936        7.7308835111367102E-003
           5           2 -0.64049607984451029       -7.2316754731183153E-002
          10           2  -2.4940020740871205      -0.53466081798347886     
          15           2  -1.0426724887580008       0.15698836617561440     
          20           2 -0.75653809872733291      -0.29978896134652544     
          25           2  -1.1653365623054412      -0.29646838362262784     
          30           2 -0.85871105556023508       0.65674879223154292     
          35           2  -3.2783400713043420       -1.3786297415774307     
          40           2 -0.70254430834637560      -0.87228054006516231     
          45           2   0.0000000000000000        0.0000000000000000     
          50           2  -1.0208733915462176       0.11273749408013956     
          55           2  -4.4087527871283783      -0.92986947808793019     
          60           2  -1.6613341804116999       -6.3232488596298708E-002
          65           2  -2.3978730170171048       -3.2705781727315753E-003
          70           2 -0.76084350034477666      -0.16411201013921684     
          75           2 -0.61834886459166682        1.1141130486436168     
          80           2 -0.47511876239525463      -0.12147708333687390     
          85           2  -1.6614624902189234       0.53403422938247402     
          90           2 -0.89529614264449719      -0.10596919477912081     
          95           2 -0.42803320631890074       -3.1206885802159690E-002
           0           3 -0.50497563098661491      -0.12253809147377837     
           5           3 -0.95763834008888438       0.48639796655036704     
          10           3   0.0000000000000000        0.0000000000000000     
          15           3  -2.3220870954876460       0.61721357873301130     
          20           3  -1.1449037118715921      -0.29914854061896534     
          25           3  -1.2110366488649049       0.23558409545154646     
          30           3  -1.3071640695372366       0.72650889293646159     
          35           3  -4.6589289037157755       -1.1401709786484915     
          40           3  -7.2693829813630373       -3.3324949645430202     
          45           3  -2.7518083099664636       0.63792304614951334     
          50           3  -2.1779516112374608        8.6450769039014830E-002
          55           3  -4.3715579705150276      -0.48416719271582309     
          60           3  -4.1588321606411682       0.65358332648202122     
          65           3  -5.3377784506380976       0.22588535438128332     
          70           3 -0.15359761633249036      -0.79873737603763928     
          75           3  -2.8905568679249427       -1.3070076402343922     
          80           3  -6.3866670569012740       -1.1965983873518660     
          85           3  -1.2165837780031552      -0.34830718448786158     
          90           3  -3.9537560041225106      -0.28212129194793434     
          95           3  -2.1792427902056488      -0.48268924862870932     
           0           4  -4.2222389937538951      -0.30779763518840042     
           5           4  -1.2608399009428339       0.69004560788954450     
          10           4  -1.2026505202022975      -0.23248485017557385     
          15           4 -0.85567604266145736       -3.6378996388641838E-002
          20           4  -2.7900232418076598       -1.6037899268672717     
          25           4  -1.7817807294306931       0.76813273997888842     
          30           4  -2.6164196710709575       0.91303017542010423     
          35           4  -2.2811128166466688      -0.43548436241103161     
          40           4  -6.0503572147396767       -2.5615247699395383     
          45           4  -2.5680065089517257       0.58515927967128789     
          50           4  -2.3183416165650783       0.75359632015992162     
          55           4  -2.2607596279300424        1.8364993481512215E-003
          60           4  -2.4314683966153439       0.21852164341584768     
          65           4  -3.1729273608505082       -1.1314545713680957E-002
          70           4  -3.5896167850069105       -1.3060518590313208     
          75           4  -2.5320652890314932      -0.21469750017821809     
          80           4  -2.9900490563505855      -0.21326951522571136     
          85           4  -2.7598025386765812      -0.42161825310138568     
          90           4  -2.5657990489946769       -1.5245478264391821     
          95           4  -2.3797051498775090      -0.59597048803539110     
           0           5  -3.3331849262302482      -0.23105052420202554     
           5           5  -2.5501824711193777       0.50054088982509626     
          10           5  -5.2220083937637440       -1.9651565209910515     
          15           5   0.0000000000000000        0.0000000000000000     
          20           5  -2.7743992840711940      -0.84124483569869568     
          25           5  -1.9465260626105874       0.38351012724646694     
          30           5  -3.1263902959466350       0.23109331658499599     
          35           5  -3.3589411691181681      -0.24164306056118079     
          40           5  -3.4608951040482339      -0.56791707548686787     
          45           5  -2.7361677915749283       0.72654635079327790     
          50           5  -3.1030992719038863        1.7035763657524683E-002
          55           5  -2.7905968572738971       0.10690477395769449     
          60           5  -2.9160805215155960       0.21117005311488413     
          65           5  -3.5587413150039993      -0.24065409013562800     
          70           5  -3.7720295888021838       -1.6032615238614767     
          75           5  -3.2717770069723429      -0.37049856593807107     
          80           5  -6.0198913029552159      -0.46553478508570834     
          85           5  -3.6778702884987524      -0.63476190389710752     
          90           5  -2.8024250206470924      -0.78395173227274739     
          95           5  -4.2578829891937175      -0.78926124130518360     
           0           6  -4.2959346607188138      -0.10459889532743460     
           5           6  -7.0826119784817010       0.82484048157915879     
          10           6  -6.6289575819045155       -1.2365570226080536     
          15           6  -2.5739179698724968       0.10541051797208212     
          20           6  -2.8733451942386523        1.2856938061123202     
          25           6  -2.6504782573510965       0.39113646864485929     
          30           6  -8.2422710662299892        1.7704421687536609     
          35           6  -3.7162146677971464       0.12904940779545626     
          40           6  -7.8944400804203951      -0.22959615489703822     
          45           6  -2.7601360848805712       0.96302028617323288     
          50           6  -3.9619556578074366      -0.13026511713309930     
          55           6  -3.4313070491620579      -0.11624860549730442     
          60           6  -6.1791015390610937        1.2964109535928969     
          65           6  -3.9922978516671037       -4.0331236599300269E-002
          70           6  -5.0687332100096683       -1.2753220916339458     
          75           6  -3.5227954045069509       0.19569041203926218     
          80           6  -3.1336211326049579      -0.51090006573772939     
          85           6  -3.2174770785786677      -0.54521497955040132     
          90           6  -3.5423653112331976      -0.22088224675531620     
          95           6  -4.7121679264705563      -0.69223573567089858     
           0           7  -4.6626634319824056      -0.85583293536917182     
           5           7  -4.5330501658602529      -0.13653734676655205     
          10           7  -3.8463907828223398      -0.29347843516713823     
          15           7  -5.0994992567154895       0.33010696169899489     
          20           7  -2.1213755966797976       0.84612942750528219     
          25           7  -5.2929670120605010        1.7647136055432000     
          30           7  -10.056977064216710        1.1499930299629924     
          35           7  -4.6237314647967764       0.98395417335694901     
          40           7  -6.6056230508593217        1.3172101261105240     
          45           7  -5.0698817581817934       -1.8280357728128749     
          50           7  -4.7934559784934549       0.12061501152960119     
          55           7  -6.2709741023070364        6.4725896162798335E-002
          60           7  -5.9207168613184535       0.85647845275094170     
          65           7  -5.5250184195188012      -0.30805718269188986     
          70           7  -9.4283689811902605       -1.5745215289353354     
          75           7  -3.9620339916268676       -8.0608626293887653E-002
          80           7  -2.9341071051902645      -0.40944244874108193     
          85           7  -3.7136510614743656      -0.66830891755298438     
          90           7   0.0000000000000000        0.0000000000000000     
          95           7  -9.0411841480886324       -2.3158438351522648     
           0           8  -4.1978268597225865      -0.90415586459613451     
           5           8  -4.8539238417388830       -4.8837932897782821E-002
          10           8  -4.6977005344928102      -0.27630679390711066     
          15           8  -4.9415237356598141      -0.88998888836400170     
          20           8  -8.5138402647544353       0.75862389136815978     
          25           8  -2.7424075013016136        1.1189561742241949     
          30           8  -11.870768995585479       0.29737671425777989     
          35           8  -4.6557460120411065       0.18440253022333764     
          40           8  -5.0373856797492067        1.5581552557009104     
          45           8   0.0000000000000000        0.0000000000000000     
          50           8  -10.176396423062783       0.59730472957042480     
          55           8  -4.5117866062227563      -0.17991684849505418     
          60           8  -6.1295085975032748       0.44321518139156524     
          65           8   0.0000000000000000        0.0000000000000000     
          70           8   0.0000000000000000        0.0000000000000000     
          75           8   0.0000000000000000        0.0000000000000000     
          80           8  -4.4461181791177751        2.4398754572274584E-002
          85           8  -4.4152397427410506      -0.50184932456787124     
          90           8  -3.1072872953075148       0.55249794144174302     
          95           8  -5.0030691512858994      -0.68753101485796719     
           0           9  -4.9402379599872148      -0.17503970509480382     
           5           9  -5.3156864026027151      -0.18861478592313574     
          10           9   0.0000000000000000        0.0000000000000000     
          15           9  -6.0070208949625226       -8.7595781330662703E-002
          20           9   0.0000000000000000        0.0000000000000000     
          25           9   0.0000000000000000        0.0000000000000000     
          30           9   0.0000000000000000        0.0000000000000000     
          35           9   0.0000000000000000        0.0000000000000000     
          40           9   0.0000000000000000        0.0000000000000000     
          45           9   0.0000000000000000        0.0000000000000000     
          50           9   0.0000000000000000        0.0000000000000000     
          55           9   0.0000000000000000        0.0000000000000000     
          60           9   0.0000000000000000        0.0000000000000000     
          65           9   0.0000000000000000        0.0000000000000000     
          70           9   0.0000000000000000        0.0000000000000000     
          75           9   0.0000000000000000        0.0000000000000000     
          80           9   0.0000000000000000        0.0000000000000000     
          85           9   0.0000000000000000        0.0000000000000000     
          90           9   0.0000000000000000        0.0000000000000000     
          95           9  -5.4192118867035788      -0.51400505890697445     
           0          10   0.0000000000000000        0.0000000000000000     
           5          10   0.0000000000000000        0.0000000000000000     
          10          10   0.0000000000000000        0.0000000000000000     
          15          10   0.0000000000000000        0.0000000000000000     
          20          10   0.0000000000000000        0.0000000000000000     
          25          10   0.0000000000000000        0.0000000000000000     
          30          10   0.0000000000000000        0.0000000000000000     
          35          10   0.0000000000000000        0.0000000000000000     
          40          10   0.0000000000000000        0.0000000000000000     
          45          10   0.0000000000000000        0.0000000000000000     
          50          10   0.0000000000000000        0.0000000000000000     
          55          10   0.0000000000000000        0.0000000000000000     
          60          10   0.0000000000000000        0.0000000000000000     
          65          10   0.0000000000000000        0.0000000000000000     
          70          10   0.0000000000000000        0.0000000000000000     
          75          10   0.0000000000000000        0.0000000000000000     
          80          10   0.0000000000000000        0.0000000000000000     
          85          10   0.0000000000000000        0.0000000000000000     
          90          10   0.0000000000000000        0.0000000000000000     
          95          10   0.0000000000000000        0.0000000000000000     
           0          11   0.0000000000000000        0.0000000000000000     
           5          11   0.0000000000000000        0.0000000000000000     
          10          11   0.0000000000000000        0.0000000000000000     
          15          11   0.0000000000000000        0.0000000000000000     
          20          11   0.0000000000000000        0.0000000000000000     
          25          11   0.0000000000000000        0.0000000000000000     
          30          11   0.0000000000000000        0.0000000000000000     
          35          11   0.0000000000000000        0.0000000000000000     
          40          11   0.0000000000000000        0.0000000000000000     
          45          11   0.0000000000000000        0.0000000000000000     
          50          11   0.0000000000000000        0.0000000000000000     
          55          11   0.0000000000000000        0.0000000000000000     
          60          11   0.0000000000000000        0.0000000000000000     
          65          11   0.0000000000000000        0.0000000000000000     
          70          11   0.0000000000000000        0.0000000000000000     
          75          11   0.0000000000000000        0.0000000000000000     
          80          11   0.0000000000000000        0.0000000000000000     
          85          11   0.0000000000000000        0.0000000000000000     
          90          11   0.0000000000000000        0.0000000000000000     
          95          11   0.0000000000000000        0.0000000000000000     
           0          12   0.0000000000000000        0.0000000000000000     
           5          12   0.0000000000000000        0.0000000000000000     
          10          12   0.0000000000000000        0.0000000000000000     
          15          12   0.0000000000000000        0.0000000000000000     
          20          12   0.0000000000000000        0.0000000000000000     
          25          12   0.0000000000000000        0.0000000000000000     
          30          12   0.0000000000000000        0.0000000000000000     
          35          12   0.0000000000000000        0.0000000000000000     
          40          12   0.0000000000000000        0.0000000000000000     
          45          12   0.0000000000000000        0.0000000000000000     
          50          12   0.0000000000000000        0.0000000000000000     
          55          12   0.0000000000000000        0.0000000000000000     
          60          12   0.0000000000000000        0.0000000000000000     
          65          12   0.0000000000000000        0.0000000000000000     
          70          12   0.0000000000000000        0.0000000000000000     
          75          12   0.0000000000000000        0.0000000000000000     
          80          12   0.0000000000000000        0.0000000000000000     
          85          12   0.0000000000000000        0.0000000000000000     
          90          12   0.0000000000000000        0.0000000000000000     
          95          12   0.0000000000000000        0.0000000000000000     
           0          13   0.0000000000000000        0.0000000000000000     
           5          13   0.0000000000000000        0.0000000000000000     
          10          13   0.0000000000000000        0.0000000000000000     
          15          13   0.0000000000000000        0.0000000000000000     
          20          13   0.0000000000000000        0.0000000000000000     
          25          13   0.0000000000000000        0.0000000000000000     
          30          13   0.0000000000000000        0.0000000000000000     
          35          13   0.0000000000000000        0.0000000000000000     
          40          13   0.0000000000000000        0.0000000000000000     
          45          13   0.0000000000000000        0.0000000000000000     
          50          13   0.0000000000000000        0.0000000000000000     
          55          13   0.0000000000000000        0.0000000000000000     
          60          13   0.0000000000000000        0.0000000000000000     
          65          13   0.0000000000000000        0.0000000000000000     
          70          13   0.0000000000000000        0.0000000000000000     
          75          13   0.0000000000000000        0.0000000000000000     
          80          13   0.0000000000000000        0.0000000000000000     
          85          13   0.0000000000000000        0.0000000000000000     
          90          13   0.0000000000000000        0.0000000000000000     
          95          13   0.0000000000000000        0.0000000000000000     
           0          14   0.0000000000000000        0.0000000000000000     
           5          14   0.0000000000000000        0.0000000000000000     
          10          14   0.0000000000000000        0.0000000000000000     
          15          14   0.0000000000000000        0.0000000000000000     
          20          14   0.0000000000000000        0.0000000000000000     
          25          14   0.0000000000000000        0.0000000000000000     
          30          14   0.0000000000000000        0.0000000000000000     
          35          14   0.0000000000000000        0.0000000000000000     
          40          14   0.0000000000000000        0.0000000000000000     
          45          14   0.0000000000000000        0.0000000000000000     
          50          14   0.0000000000000000        0.0000000000000000     
          55          14   0.0000000000000000        0.0000000000000000     
          60          14   0.0000000000000000        0.0000000000000000     
          65          14   0.0000000000000000        0.0000000000000000     
          70          14   0.0000000000000000        0.0000000000000000     
          75          14   0.0000000000000000        0.0000000000000000     
          80          14   0.0000000000000000        0.0000000000000000     
          85          14   0.0000000000000000        0.0000000000000000     
          90          14   0.0000000000000000        0.0000000000000000     
          95          14   0.0000000000000000        0.0000000000000000     
           0          15   0.0000000000000000        0.0000000000000000     
           5          15   0.0000000000000000        0.0000000000000000     
          10          15   0.0000000000000000        0.0000000000000000     
          15          15   0.0000000000000000        0.0000000000000000     
          20          15   0.0000000000000000        0.0000000000000000     
          25          15   0.0000000000000000        0.0000000000000000     
          30          15   0.0000000000000000        0.0000000000000000     
          35          15   0.0000000000000000        0.0000000000000000     
          40          15   0.0000000000000000        0.0000000000000000     
          45          15   0.0000000000000000        0.0000000000000000     
          50          15   0.0000000000000000        0.0000000000000000     
          55          15   0.0000000000000000        0.0000000000000000     
          60          15   0.0000000000000000        0.0000000000000000     
          65          15   0.0000000000000000        0.0000000000000000     
          70          15   0.0000000000000000        0.0000000000000000     
          75          15   0.0000000000000000        0.0000000000000000     
          80          15   0.0000000000000000        0.0000000000000000     
          85          15   0.0000000000000000        0.0000000000000000     
          90          15   0.0000000000000000        0.0000000000000000     
          95          15   0.0000000000000000        0.0000000000000000     
           0          16   0.0000000000000000        0.0000000000000000     
           5          16   0.0000000000000000        0.0000000000000000     
          10          16   0.0000000000000000        0.0000000000000000     
          15          16   0.0000000000000000        0.0000000000000000     
          20          16   0.0000000000000000        0.0000000000000000     
          25          16   0.0000000000000000        0.0000000000000000     
          30          16   0.0000000000000000        0.0000000000000000     
          35          16   0.0000000000000000        0.0000000000000000     
          40          16   0.0000000000000000        0.0000000000000000     
          45          16   0.0000000000000000        0.0000000000000000     
          50          16   0.0000000000000000        0.0000000000000000     
          55          16   0.0000000000000000        0.0000000000000000     
          60          16   0.0000000000000000        0.0000000000000000     
          65          16   0.0000000000000000        0.0000000000000000     
          70          16   0.0000000000000000        0.0000000000000000     
          75          16   0.0000000000000000        0.0000000000000000     
          80          16   0.0000000000000000        0.0000000000000000     
          85          16   0.0000000000000000        0.0000000000000000     
          90          16   0.0000000000000000        0.0000000000000000     
          95          16   0.0000000000000000        0.0000000000000000     
