           0           0   0.0000000000000000        0.0000000000000000     
           5           0   0.0000000000000000        0.0000000000000000     
          10           0   0.0000000000000000        0.0000000000000000     
          15           0   0.0000000000000000        0.0000000000000000     
          20           0   0.0000000000000000        0.0000000000000000     
          25           0   0.0000000000000000        0.0000000000000000     
          30           0   0.0000000000000000        0.0000000000000000     
          35           0   0.0000000000000000        0.0000000000000000     
          40           0   0.0000000000000000        0.0000000000000000     
          45           0   0.0000000000000000        0.0000000000000000     
          50           0   0.0000000000000000        0.0000000000000000     
          55           0   0.0000000000000000        0.0000000000000000     
          60           0   0.0000000000000000        0.0000000000000000     
          65           0   0.0000000000000000        0.0000000000000000     
          70           0   0.0000000000000000        0.0000000000000000     
          75           0   0.0000000000000000        0.0000000000000000     
          80           0   0.0000000000000000        0.0000000000000000     
          85           0   0.0000000000000000        0.0000000000000000     
          90           0   0.0000000000000000        0.0000000000000000     
          95           0   0.0000000000000000        0.0000000000000000     
           0           1 -0.93990815531699856      -0.41180259932604990     
           5           1 -0.28659423346510948       0.12983001282607098     
          10           1  -1.6456200872383420      -0.55747169198427926     
          15           1 -0.28731774080803518       0.97796230806634910     
          20           1 -0.83507638443336418      -0.11137106912806338     
          25           1 -0.73309680725941462       0.13743969916046872     
          30           1 -0.42382692649667320        6.7127799444621772E-002
          35           1 -0.69526062436153779       0.17431061104411505     
          40           1  -2.6098019176856724E-002  0.23518726689042424     
          45           1 -0.85993420238850149       0.23329235615654476     
          50           1 -0.37347054469449859       -5.2138592048223131E-002
          55           1 -0.61800269865130986        2.0913874076988748E-002
          60           1   7.4670474781157736E-002 -0.22773029251133003     
          65           1  -1.0278305209254768       0.51442291029157872     
          70           1 -0.27161531335195832       0.30205147925177478     
          75           1 -0.62157381137240009       0.30535114366458949     
          80           1  -2.3891296194733513E-002  -7.7356396764871604E-002
          85           1 -0.90874050748368518       0.19012205912383173     
          90           1 -0.44987043878563782      -0.17624635186286319     
          95           1 -0.56291470450275938       0.24209351198289930     
           0           2 -0.14309454038435865       -6.4474142764670006E-002
           5           2 -0.78772611680211213        1.1043847896186065E-002
          10           2  -1.1767243042015707       0.25561511496574596     
          15           2  -1.9226954130413532       0.60562636231997757     
          20           2 -0.86497745973801443       -3.1431517519830976E-002
          25           2  -1.3332824331158122       0.11189956278023772     
          30           2 -0.63551870439937375      -0.59326745227794575     
          35           2  -1.2674396607792460E-002 -0.51895215064323708     
          40           2 -0.87019236804763977      -0.38640826685698570     
          45           2  -1.5755846273179941       0.62264050919580427     
          50           2  -1.8983619715839950       0.18412599976480593     
          55           2  -1.1173701222588761       0.43654451265418004     
          60           2 -0.97064969242666166      -0.34426160342215795     
          65           2  -2.4398747655851594       0.63805350213996803     
          70           2  -2.9263136620016894       0.11435971882134410     
          75           2  -1.8202292731217540        7.4787895993910780E-002
          80           2  -4.1513862809949842      -0.56844077932716175     
          85           2  -1.7249380118755653      -0.93391600114234308     
          90           2   0.0000000000000000        0.0000000000000000     
          95           2 -0.68465916562843177      -0.35247318278752715     
           0           3  -2.2923605607999553       -1.5682103500136435     
           5           3  -1.5032640159295951       0.42913560684310070     
          10           3  -5.0154699131876868       0.54315536971438760     
          15           3  -1.5702710031373357       0.41976440742441667     
          20           3 -0.69599002181064407        9.3336872608595911E-002
          25           3  -1.5104126664411410       0.43462179728059880     
          30           3 -0.51424514367681695      -0.36244838418797443     
          35           3  -2.3618129654678910      -0.21144726336297381     
          40           3  -2.1375621649966092      -0.21658792419554374     
          45           3  -1.3556282427273914       0.22538091054125076     
          50           3  -3.2680508398996722      -0.51046115622011001     
          55           3  -4.8443347124305092        1.3560983954641337     
          60           3  -4.7061375865808941       -1.2901973254431098     
          65           3  -2.7223678399934670       0.48935957718709844     
          70           3  -2.3023069766026083       0.36336595665042992     
          75           3  -4.6640859014956959       0.10487178422780019     
          80           3  -5.2535656536889519       0.82868630258303710     
          85           3  -2.1618117752808530       -1.0299364501475949     
          90           3  -3.5763879140660038       -1.0464687686995156     
          95           3  -3.6147928947372066       0.62464320084609781     
           0           4  -4.3948117436282823       -1.5319835269700377     
           5           4  -2.3369046342924804       0.55386909738164292     
          10           4  -1.2918818964458012       0.49832683213679729     
          15           4  -1.7893974422555914       -4.8780662527114771E-002
          20           4  -2.2020880312823010       0.14410761000505090     
          25           4  -3.9578599094447497       0.17103306571453203     
          30           4  -4.2104127856745777       0.73533965138761204     
          35           4  -3.7392743858433164      -0.49134831504815679     
          40           4  -2.8249714570449669       0.70659973549602739     
          45           4  -4.8416274859519604        1.3758558908794072     
          50           4  -7.1700941250796291      -0.16960602475801778     
          55           4  -2.9853249341016408       0.68447036221108704     
          60           4  -2.6819698386759683      -0.82363863922019220     
          65           4  -5.6918271344841287       -1.2847889379141719     
          70           4  -2.3864664177608574      -0.17608198421559251     
          75           4  -6.9080883230299150       0.35455430318354075     
          80           4  -3.6268311829701361      -0.48170324051355351     
          85           4  -5.0837799997083266      -0.44134045195320937     
          90           4  -2.5508725895662110      -0.20770709517670127     
          95           4  -2.3392516463616175        3.2817845516674993E-002
           0           5  -6.8660717991064422       -2.2238934399965160     
           5           5  -2.1236720240169760       0.71460741617013213     
          10           5  -5.8580527403062632        1.1739838157520666     
          15           5  -2.6829679977602439       0.19131981952025257     
          20           5  -3.0641237884587724       0.14701625500990190     
          25           5  -4.5631309711424706       0.19900797254557290     
          30           5  -4.3348572005541541       0.56493463573836777     
          35           5  -3.3433765332446796      -0.17246085060929062     
          40           5  -2.5094410359471908       0.27563827317944600     
          45           5  -4.2735457438780600        1.1563998408137266     
          50           5  -2.6504902725577040       0.25770115485546086     
          55           5  -3.0575792393250367       0.49813102829698863     
          60           5  -3.4595116913749280      -0.88086173317236671     
          65           5  -2.6790600658443964      -0.46566167953177029     
          70           5  -2.5958116867741410        4.0514045003270382E-002
          75           5  -3.5807445463831300       0.11049755490599722     
          80           5  -7.5016013169459939       0.65304182047309922     
          85           5  -2.3795882918875577       -1.1822695530261385     
          90           5  -3.0747046653800680       0.30485494745935426     
          95           5  -3.2706871930088255       0.16310737827485156     
           0           6  -4.1479257468510218      -0.46052290522791139     
           5           6  -3.4367758190079201       0.92223941391633701     
          10           6  -3.3669074468622995        1.1520033759992998     
          15           6  -3.6144307608054760       0.19807448694564300     
          20           6  -3.8240404852984966       0.33158335814853501     
          25           6  -4.1597170314666698      -0.14066563479353533     
          30           6  -4.2619684763067767       0.76202371899647403     
          35           6  -4.4630056087768821      -0.51104392952527888     
          40           6  -2.8110923658530851       0.93480979357352112     
          45           6  -2.2806274552422678       0.51525006206087909     
          50           6  -3.2578902719748726       0.27588350653751093     
          55           6  -3.6175130194493477       0.48974017663905300     
          60           6  -8.0675004619124024       -1.3797279191063438     
          65           6  -4.3422093358458369      -0.24617899549550515     
          70           6  -7.5877314175443189      -0.38194762231658075     
          75           6  -5.5465453382907981       0.33652542138273844     
          80           6  -3.8470902853049438       0.95670341193621056     
          85           6  -4.2001435877381255      -0.81065578995342946     
          90           6  -3.6458174791675901       -1.0274643793062310     
          95           6  -3.2803137797543513        1.5302461715149818     
           0           7  -4.6402199724659976       -1.5153861372052546     
           5           7  -4.7120152793844738       0.42172119623540283     
          10           7   0.0000000000000000        0.0000000000000000     
          15           7  -3.8900438118272262       0.37292828736212869     
          20           7  -4.8097425295523522       0.70828119576926696     
          25           7  -8.3618461832557500       -1.0825584632456753     
          30           7  -4.2802351562087892       0.77916810917511015     
          35           7  -4.8036889436886554      -0.24310571754337928     
          40           7  -6.1164480066011606       0.72893992632216964     
          45           7  -2.4162970617780388       0.56535527649170803     
          50           7  -8.0320998164751245       0.58040532532999123     
          55           7  -8.2617157715958456        1.6904351470792278     
          60           7  -8.2211790662611861      -0.77535627210245650     
          65           7  -4.8622066404391262       -5.2442703482036279E-002
          70           7  -4.0415464544452107      -0.57343265231324381     
          75           7  -4.6548804007784383      -0.34081016885512128     
          80           7  -3.9407085890275084       0.59178453077901594     
          85           7  -9.3485389174929878       -2.5100467371741431     
          90           7  -4.3254573854767386      -0.96963985753095727     
          95           7  -5.1979360927134621       -1.5978498904400951     
           0           8  -5.2111674358110145        4.3283444135511218E-002
           5           8  -5.0989881151464189      -0.17447098484169032     
          10           8  -4.8841535217469811       -6.4643378969719834E-002
          15           8  -5.1545480099157714       0.13323731849368414     
          20           8  -8.6061535965420433        1.6274121010173559     
          25           8   0.0000000000000000        0.0000000000000000     
          30           8  -9.6622210208252568       0.69832242827416735     
          35           8  -4.2918843205441704       -1.1483159326086678     
          40           8  -5.5566917801641580       0.51889855599895895     
          45           8  -2.8669578837181575        1.8442841759203077     
          50           8   0.0000000000000000        0.0000000000000000     
          55           8  -6.4419323857478616      -0.23490227260225538     
          60           8   0.0000000000000000        0.0000000000000000     
          65           8  -4.8749611217147049        1.3445543753931588E-002
          70           8  -3.5668714129144519      -0.63340225867847266     
          75           8  -4.2595138383205722       0.14368569006606435     
          80           8  -9.6476061492012377       -1.3084383711792213     
          85           8  -6.2546252907225153       -1.2181371834607546     
          90           8  -4.7032509560551716       -1.9059602029791733     
          95           8  -5.2515767654170986       -1.1380826737550365     
           0           9   0.0000000000000000        0.0000000000000000     
           5           9   0.0000000000000000        0.0000000000000000     
          10           9   0.0000000000000000        0.0000000000000000     
          15           9   0.0000000000000000        0.0000000000000000     
          20           9   0.0000000000000000        0.0000000000000000     
          25           9   0.0000000000000000        0.0000000000000000     
          30           9   0.0000000000000000        0.0000000000000000     
          35           9   0.0000000000000000        0.0000000000000000     
          40           9   0.0000000000000000        0.0000000000000000     
          45           9   0.0000000000000000        0.0000000000000000     
          50           9   0.0000000000000000        0.0000000000000000     
          55           9   0.0000000000000000        0.0000000000000000     
          60           9   0.0000000000000000        0.0000000000000000     
          65           9   0.0000000000000000        0.0000000000000000     
          70           9   0.0000000000000000        0.0000000000000000     
          75           9   0.0000000000000000        0.0000000000000000     
          80           9   0.0000000000000000        0.0000000000000000     
          85           9   0.0000000000000000        0.0000000000000000     
          90           9   0.0000000000000000        0.0000000000000000     
          95           9   0.0000000000000000        0.0000000000000000     
           0          10   0.0000000000000000        0.0000000000000000     
           5          10   0.0000000000000000        0.0000000000000000     
          10          10   0.0000000000000000        0.0000000000000000     
          15          10   0.0000000000000000        0.0000000000000000     
          20          10   0.0000000000000000        0.0000000000000000     
          25          10   0.0000000000000000        0.0000000000000000     
          30          10   0.0000000000000000        0.0000000000000000     
          35          10   0.0000000000000000        0.0000000000000000     
          40          10   0.0000000000000000        0.0000000000000000     
          45          10   0.0000000000000000        0.0000000000000000     
          50          10   0.0000000000000000        0.0000000000000000     
          55          10   0.0000000000000000        0.0000000000000000     
          60          10   0.0000000000000000        0.0000000000000000     
          65          10   0.0000000000000000        0.0000000000000000     
          70          10   0.0000000000000000        0.0000000000000000     
          75          10   0.0000000000000000        0.0000000000000000     
          80          10   0.0000000000000000        0.0000000000000000     
          85          10   0.0000000000000000        0.0000000000000000     
          90          10   0.0000000000000000        0.0000000000000000     
          95          10   0.0000000000000000        0.0000000000000000     
           0          11   0.0000000000000000        0.0000000000000000     
           5          11   0.0000000000000000        0.0000000000000000     
          10          11   0.0000000000000000        0.0000000000000000     
          15          11   0.0000000000000000        0.0000000000000000     
          20          11   0.0000000000000000        0.0000000000000000     
          25          11   0.0000000000000000        0.0000000000000000     
          30          11   0.0000000000000000        0.0000000000000000     
          35          11   0.0000000000000000        0.0000000000000000     
          40          11   0.0000000000000000        0.0000000000000000     
          45          11   0.0000000000000000        0.0000000000000000     
          50          11   0.0000000000000000        0.0000000000000000     
          55          11   0.0000000000000000        0.0000000000000000     
          60          11   0.0000000000000000        0.0000000000000000     
          65          11   0.0000000000000000        0.0000000000000000     
          70          11   0.0000000000000000        0.0000000000000000     
          75          11   0.0000000000000000        0.0000000000000000     
          80          11   0.0000000000000000        0.0000000000000000     
          85          11   0.0000000000000000        0.0000000000000000     
          90          11   0.0000000000000000        0.0000000000000000     
          95          11   0.0000000000000000        0.0000000000000000     
           0          12   0.0000000000000000        0.0000000000000000     
           5          12   0.0000000000000000        0.0000000000000000     
          10          12   0.0000000000000000        0.0000000000000000     
          15          12   0.0000000000000000        0.0000000000000000     
          20          12   0.0000000000000000        0.0000000000000000     
          25          12   0.0000000000000000        0.0000000000000000     
          30          12   0.0000000000000000        0.0000000000000000     
          35          12   0.0000000000000000        0.0000000000000000     
          40          12   0.0000000000000000        0.0000000000000000     
          45          12   0.0000000000000000        0.0000000000000000     
          50          12   0.0000000000000000        0.0000000000000000     
          55          12   0.0000000000000000        0.0000000000000000     
          60          12   0.0000000000000000        0.0000000000000000     
          65          12   0.0000000000000000        0.0000000000000000     
          70          12   0.0000000000000000        0.0000000000000000     
          75          12   0.0000000000000000        0.0000000000000000     
          80          12   0.0000000000000000        0.0000000000000000     
          85          12   0.0000000000000000        0.0000000000000000     
          90          12   0.0000000000000000        0.0000000000000000     
          95          12   0.0000000000000000        0.0000000000000000     
           0          13   0.0000000000000000        0.0000000000000000     
           5          13   0.0000000000000000        0.0000000000000000     
          10          13   0.0000000000000000        0.0000000000000000     
          15          13   0.0000000000000000        0.0000000000000000     
          20          13   0.0000000000000000        0.0000000000000000     
          25          13   0.0000000000000000        0.0000000000000000     
          30          13   0.0000000000000000        0.0000000000000000     
          35          13   0.0000000000000000        0.0000000000000000     
          40          13   0.0000000000000000        0.0000000000000000     
          45          13   0.0000000000000000        0.0000000000000000     
          50          13   0.0000000000000000        0.0000000000000000     
          55          13   0.0000000000000000        0.0000000000000000     
          60          13   0.0000000000000000        0.0000000000000000     
          65          13   0.0000000000000000        0.0000000000000000     
          70          13   0.0000000000000000        0.0000000000000000     
          75          13   0.0000000000000000        0.0000000000000000     
          80          13   0.0000000000000000        0.0000000000000000     
          85          13   0.0000000000000000        0.0000000000000000     
          90          13   0.0000000000000000        0.0000000000000000     
          95          13   0.0000000000000000        0.0000000000000000     
           0          14   0.0000000000000000        0.0000000000000000     
           5          14   0.0000000000000000        0.0000000000000000     
          10          14   0.0000000000000000        0.0000000000000000     
          15          14   0.0000000000000000        0.0000000000000000     
          20          14   0.0000000000000000        0.0000000000000000     
          25          14   0.0000000000000000        0.0000000000000000     
          30          14   0.0000000000000000        0.0000000000000000     
          35          14   0.0000000000000000        0.0000000000000000     
          40          14   0.0000000000000000        0.0000000000000000     
          45          14   0.0000000000000000        0.0000000000000000     
          50          14   0.0000000000000000        0.0000000000000000     
          55          14   0.0000000000000000        0.0000000000000000     
          60          14   0.0000000000000000        0.0000000000000000     
          65          14   0.0000000000000000        0.0000000000000000     
          70          14   0.0000000000000000        0.0000000000000000     
          75          14   0.0000000000000000        0.0000000000000000     
          80          14   0.0000000000000000        0.0000000000000000     
          85          14   0.0000000000000000        0.0000000000000000     
          90          14   0.0000000000000000        0.0000000000000000     
          95          14   0.0000000000000000        0.0000000000000000     
           0          15   0.0000000000000000        0.0000000000000000     
           5          15   0.0000000000000000        0.0000000000000000     
          10          15   0.0000000000000000        0.0000000000000000     
          15          15   0.0000000000000000        0.0000000000000000     
          20          15   0.0000000000000000        0.0000000000000000     
          25          15   0.0000000000000000        0.0000000000000000     
          30          15   0.0000000000000000        0.0000000000000000     
          35          15   0.0000000000000000        0.0000000000000000     
          40          15   0.0000000000000000        0.0000000000000000     
          45          15   0.0000000000000000        0.0000000000000000     
          50          15   0.0000000000000000        0.0000000000000000     
          55          15   0.0000000000000000        0.0000000000000000     
          60          15   0.0000000000000000        0.0000000000000000     
          65          15   0.0000000000000000        0.0000000000000000     
          70          15   0.0000000000000000        0.0000000000000000     
          75          15   0.0000000000000000        0.0000000000000000     
          80          15   0.0000000000000000        0.0000000000000000     
          85          15   0.0000000000000000        0.0000000000000000     
          90          15   0.0000000000000000        0.0000000000000000     
          95          15   0.0000000000000000        0.0000000000000000     
           0          16   0.0000000000000000        0.0000000000000000     
           5          16   0.0000000000000000        0.0000000000000000     
          10          16   0.0000000000000000        0.0000000000000000     
          15          16   0.0000000000000000        0.0000000000000000     
          20          16   0.0000000000000000        0.0000000000000000     
          25          16   0.0000000000000000        0.0000000000000000     
          30          16   0.0000000000000000        0.0000000000000000     
          35          16   0.0000000000000000        0.0000000000000000     
          40          16   0.0000000000000000        0.0000000000000000     
          45          16   0.0000000000000000        0.0000000000000000     
          50          16   0.0000000000000000        0.0000000000000000     
          55          16   0.0000000000000000        0.0000000000000000     
          60          16   0.0000000000000000        0.0000000000000000     
          65          16   0.0000000000000000        0.0000000000000000     
          70          16   0.0000000000000000        0.0000000000000000     
          75          16   0.0000000000000000        0.0000000000000000     
          80          16   0.0000000000000000        0.0000000000000000     
          85          16   0.0000000000000000        0.0000000000000000     
          90          16   0.0000000000000000        0.0000000000000000     
          95          16   0.0000000000000000        0.0000000000000000     
