           0           0   0.0000000000000000        0.0000000000000000     
           5           0   0.0000000000000000        0.0000000000000000     
          10           0   0.0000000000000000        0.0000000000000000     
          15           0   0.0000000000000000        0.0000000000000000     
          20           0   0.0000000000000000        0.0000000000000000     
          25           0   0.0000000000000000        0.0000000000000000     
          30           0   0.0000000000000000        0.0000000000000000     
          35           0   0.0000000000000000        0.0000000000000000     
          40           0   0.0000000000000000        0.0000000000000000     
          45           0   0.0000000000000000        0.0000000000000000     
          50           0   0.0000000000000000        0.0000000000000000     
          55           0   0.0000000000000000        0.0000000000000000     
          60           0   0.0000000000000000        0.0000000000000000     
          65           0   0.0000000000000000        0.0000000000000000     
          70           0   0.0000000000000000        0.0000000000000000     
          75           0   0.0000000000000000        0.0000000000000000     
          80           0   0.0000000000000000        0.0000000000000000     
          85           0   0.0000000000000000        0.0000000000000000     
          90           0   0.0000000000000000        0.0000000000000000     
          95           0   0.0000000000000000        0.0000000000000000     
           0           1  -2.3014156543587490       0.67961223344306654     
           5           1   0.0000000000000000        0.0000000000000000     
          10           1  -4.5914522222012533       -2.2785347157550095     
          15           1  -4.5385636164912979      -0.13129454445925948     
          20           1   0.0000000000000000        0.0000000000000000     
          25           1  -1.0885383655317993        2.0196157379557231     
          30           1   1.1552079847293450        1.3557301292692336     
          35           1   0.0000000000000000        0.0000000000000000     
          40           1   0.0000000000000000        0.0000000000000000     
          45           1   0.0000000000000000        0.0000000000000000     
          50           1  -2.9679737043508680       -1.2354735898401774     
          55           1   0.0000000000000000        0.0000000000000000     
          60           1   0.0000000000000000        0.0000000000000000     
          65           1   0.0000000000000000        0.0000000000000000     
          70           1   0.0000000000000000        0.0000000000000000     
          75           1  -1.1482825251396545       -1.5388893523243448     
          80           1   0.0000000000000000        0.0000000000000000     
          85           1   0.0000000000000000        0.0000000000000000     
          90           1  -5.9768920126823666      -0.81207893440984191     
          95           1  -2.3757380505085024      -0.59909399259441831     
           0           2   0.0000000000000000        0.0000000000000000     
           5           2   0.0000000000000000        0.0000000000000000     
          10           2  0.92363427032088330        1.7871051517839158     
          15           2   0.0000000000000000        0.0000000000000000     
          20           2  -3.8031515592923393       -1.5627896476853864     
          25           2   0.0000000000000000        0.0000000000000000     
          30           2  -3.1454523244994759       0.90178310073268930     
          35           2  -2.5144641722391059      -0.53702859746727893     
          40           2  0.43482238564707121        1.7389560474110470     
          45           2   0.0000000000000000        0.0000000000000000     
          50           2   0.0000000000000000        0.0000000000000000     
          55           2 -0.60787655068117452        1.8075165033629506     
          60           2   0.0000000000000000        0.0000000000000000     
          65           2  -3.9142548553794398      -0.63672236661045656     
          70           2  -2.9938100599502526      -0.63152340659525241     
          75           2   0.0000000000000000        0.0000000000000000     
          80           2  -3.2368166927598807      -0.20585555482718898     
          85           2  0.15563926368811209        2.7883050072222137     
          90           2   0.0000000000000000        0.0000000000000000     
          95           2   0.0000000000000000        0.0000000000000000     
           0           3  -4.5291927580783593      -0.60212325286371216     
           5           3   0.0000000000000000        0.0000000000000000     
          10           3  -3.6429001286999996      -0.65211636373435633     
          15           3  -3.0408674510429279      -0.87911998644413236     
          20           3  -5.1528504847092593       -1.4949427303832807     
          25           3   0.0000000000000000        0.0000000000000000     
          30           3   0.0000000000000000        0.0000000000000000     
          35           3   0.0000000000000000        0.0000000000000000     
          40           3  -5.0246117776381327       0.46950114556659761     
          45           3  -6.1022822174133795       -1.9727759426914349     
          50           3   0.0000000000000000        0.0000000000000000     
          55           3  -4.0859798331460695       -2.0371484832500815     
          60           3  -2.0576860675514119        1.0295901619680747     
          65           3  -4.6441693922205651      -0.56459152400364920     
          70           3  -2.4224536023331744       0.11068219161539106     
          75           3   0.0000000000000000        0.0000000000000000     
          80           3   0.0000000000000000        0.0000000000000000     
          85           3   0.0000000000000000        0.0000000000000000     
          90           3   0.0000000000000000        0.0000000000000000     
          95           3   0.0000000000000000        0.0000000000000000     
           0           4  -5.3381932094629168       -1.9157011873134622     
           5           4  -5.2942431652615998       7.45427980466950579E-002
          10           4   0.0000000000000000        0.0000000000000000     
          15           4   0.0000000000000000        0.0000000000000000     
          20           4  -7.4147690210152328       -2.1050394894604749     
          25           4   0.0000000000000000        0.0000000000000000     
          30           4   0.0000000000000000        0.0000000000000000     
          35           4  -2.9046798987725220       -1.3259355772075876     
          40           4   0.0000000000000000        0.0000000000000000     
          45           4   0.0000000000000000        0.0000000000000000     
          50           4  -2.7228818070601513       0.38205025678236804     
          55           4  -3.7514599752430655       0.44345263513989597     
          60           4   0.0000000000000000        0.0000000000000000     
          65           4   0.0000000000000000        0.0000000000000000     
          70           4   0.0000000000000000        0.0000000000000000     
          75           4  -2.7291044066402037      -4.05670278649794547E-002
          80           4   0.0000000000000000        0.0000000000000000     
          85           4   0.0000000000000000        0.0000000000000000     
          90           4  -5.2002676148954485       0.63056392838975461     
          95           4  -7.2701520755424909       5.49744886627068219E-002
           0           5  -6.8124024453569252       -1.0407288605447651     
           5           5   0.0000000000000000        0.0000000000000000     
          10           5  -4.7610549338969461        2.2953379772261417     
          15           5  -4.3427625562414418       0.22992552579467751     
          20           5   0.0000000000000000        0.0000000000000000     
          25           5   0.0000000000000000        0.0000000000000000     
          30           5  -6.1361376931995393      -0.53487254356582303     
          35           5   0.0000000000000000        0.0000000000000000     
          40           5  -4.5799663483697683       0.25496591155305115     
          45           5  -7.1713404004947190       -1.3506780950194723     
          50           5   0.0000000000000000        0.0000000000000000     
          55           5  -6.1041453966215187       0.43980458919581911     
          60           5  -3.0843120975587723      -0.73074840871253932     
          65           5  -3.5801149181668990        2.0492460262115650     
          70           5   0.0000000000000000        0.0000000000000000     
          75           5   0.0000000000000000        0.0000000000000000     
          80           5  -4.3674676689597902       0.49029424655844256     
          85           5   0.0000000000000000        0.0000000000000000     
          90           5  -6.3748429696586228       -1.1765943382073540     
          95           5  -6.9184078271689042       -1.1777430232078057     
           0           6  -7.2777730051980321      -0.81863337277290893     
           5           6  -5.3897238583020668       0.57682707290854229     
          10           6  -7.6415453936706790      -0.75814874558668977     
          15           6  -3.8589058985216695        2.4779468552856008     
          20           6  -6.8258743492122242       0.21850830791300679     
          25           6  -5.5514390922822843      -0.54248686773963883     
          30           6   0.0000000000000000        0.0000000000000000     
          35           6   0.0000000000000000        0.0000000000000000     
          40           6  -3.2200564718271041       0.66804034854553440     
          45           6   0.0000000000000000        0.0000000000000000     
          50           6  -5.8460144064831354       0.58133132868357085     
          55           6   0.0000000000000000        0.0000000000000000     
          60           6   0.0000000000000000        0.0000000000000000     
          65           6   0.0000000000000000        0.0000000000000000     
          70           6  -5.2022250197869546       -1.6371406347037709     
          75           6  -6.3841917463092202       0.26853998714285177     
          80           6   0.0000000000000000        0.0000000000000000     
          85           6   0.0000000000000000        0.0000000000000000     
          90           6  -5.4306368604151167       0.64370174462716201     
          95           6  -6.9102149072020058       2.34014618269440255E-002
           0           7   0.0000000000000000        0.0000000000000000     
           5           7   0.0000000000000000        0.0000000000000000     
          10           7  -7.1991672979584971      -0.75867652282332609     
          15           7  -4.7971909603605756       0.70028817842751612     
          20           7   0.0000000000000000        0.0000000000000000     
          25           7  -5.8236423223007039       0.55540163482178939     
          30           7  -6.7865632497149386       -1.5509420959450293     
          35           7   0.0000000000000000        0.0000000000000000     
          40           7   0.0000000000000000        0.0000000000000000     
          45           7   0.0000000000000000        0.0000000000000000     
          50           7   0.0000000000000000        0.0000000000000000     
          55           7  -11.859653090093847        3.5719099817230200     
          60           7  -5.4792194339414735       0.75192612757332689     
          65           7   0.0000000000000000        0.0000000000000000     
          70           7   0.0000000000000000        0.0000000000000000     
          75           7   0.0000000000000000        0.0000000000000000     
          80           7   0.0000000000000000        0.0000000000000000     
          85           7  -6.5104504085566894      -0.29344494810915056     
          90           7   0.0000000000000000        0.0000000000000000     
          95           7  -7.6421603851239972      -0.14568360903896571     
           0           8  -8.9544267514935534       -1.2615698319680402     
           5           8  -6.4003712790090121        1.7645572076104010     
          10           8   0.0000000000000000        0.0000000000000000     
          15           8   0.0000000000000000        0.0000000000000000     
          20           8  -6.4817980276049569       0.26742307059221537     
          25           8  -8.4006782346973665       0.13920225278726828     
          30           8  -10.130050584902239        1.6767394722641549     
          35           8   0.0000000000000000        0.0000000000000000     
          40           8   0.0000000000000000        0.0000000000000000     
          45           8  -8.2232776504448371       -1.1072314253378346     
          50           8  -7.9556774782285622      -0.26640344148384787     
          55           8   0.0000000000000000        0.0000000000000000     
          60           8   0.0000000000000000        0.0000000000000000     
          65           8   0.0000000000000000        0.0000000000000000     
          70           8   0.0000000000000000        0.0000000000000000     
          75           8   0.0000000000000000        0.0000000000000000     
          80           8   0.0000000000000000        0.0000000000000000     
          85           8  -5.0716816408047372       0.77777916617685627     
          90           8  -8.1468442928511742       0.46306671511633923     
          95           8   0.0000000000000000        0.0000000000000000     
           0           9  -10.251575012416398      -0.11659010993800289     
           5           9  -7.6070870485143294       0.93370832055642006     
          10           9   0.0000000000000000        0.0000000000000000     
          15           9  -8.1473017753719290      -0.60078140656658063     
          20           9   0.0000000000000000        0.0000000000000000     
          25           9   0.0000000000000000        0.0000000000000000     
          30           9   0.0000000000000000        0.0000000000000000     
          35           9  -6.6642994701332503       0.64964028257410988     
          40           9  -16.042492193388270      -0.17974744674340015     
          45           9  -7.2227613637948496      -0.44977603604293148     
          50           9   0.0000000000000000        0.0000000000000000     
          55           9   0.0000000000000000        0.0000000000000000     
          60           9  -8.2194885932307393       -1.1378317975165031     
          65           9   0.0000000000000000        0.0000000000000000     
          70           9   0.0000000000000000        0.0000000000000000     
          75           9  -5.4422203749138198       0.69656678180748943     
          80           9  -7.7093589345933466      -0.27609427357230820     
          85           9  -9.3569123501002771      -0.21998093240480077     
          90           9  -17.367035375666084       -1.6910112261522836     
          95           9  -18.195293262422972       -1.6996376738702412     
           0          10  -9.1347413697913638      -0.75503453024886036     
           5          10  -7.7016327677534990      -0.13164011598773562     
          10          10  -16.727480998227904       -1.5275025579969403     
          15          10  -10.948280215034023      -0.12867717055872752     
          20          10  -9.0169687789354303      -0.65548115135691254     
          25          10  -7.9494540141183956      -0.39640892738071476     
          30          10  -9.0110942479598712        1.2087371358841803     
          35          10  -9.1946421520866508       -1.3203826841566568     
          40          10   0.0000000000000000        0.0000000000000000     
          45          10   0.0000000000000000        0.0000000000000000     
          50          10   0.0000000000000000        0.0000000000000000     
          55          10  -9.4234044291652275       0.20889067632937075     
          60          10  -7.6084951939381362       0.46475175922003342     
          65          10  -8.5911807065786050        1.7333126437617252     
          70          10  -7.1513253028010482      -0.69290477283226459     
          75          10   0.0000000000000000        0.0000000000000000     
          80          10   0.0000000000000000        0.0000000000000000     
          85          10   0.0000000000000000        0.0000000000000000     
          90          10  -8.9746936888723816      -0.15853111144895071     
          95          10  -9.2533672357353325      -0.56509558668108029     
           0          11  -9.4788665142656470      -0.17488886375580104     
           5          11   0.0000000000000000        0.0000000000000000     
          10          11   0.0000000000000000        0.0000000000000000     
          15          11   0.0000000000000000        0.0000000000000000     
          20          11   0.0000000000000000        0.0000000000000000     
          25          11   0.0000000000000000        0.0000000000000000     
          30          11   0.0000000000000000        0.0000000000000000     
          35          11  -7.6248080075019820       5.02060287947692085E-002
          40          11  -9.4150370333817559      -1.34098787614445047E-002
          45          11  -9.0449932680586311        1.2880934887989082     
          50          11  -8.2837750342945604      -0.35845738861325915     
          55          11   0.0000000000000000        0.0000000000000000     
          60          11   0.0000000000000000        0.0000000000000000     
          65          11  -9.7154263093224280      -0.80783949092236296     
          70          11   0.0000000000000000        0.0000000000000000     
          75          11   0.0000000000000000        0.0000000000000000     
          80          11   0.0000000000000000        0.0000000000000000     
          85          11   0.0000000000000000        0.0000000000000000     
          90          11  -9.9543579067518095       0.19543551889669719     
          95          11   0.0000000000000000        0.0000000000000000     
           0          12  -10.795478064839527       0.57951133559067114     
           5          12   0.0000000000000000        0.0000000000000000     
          10          12  -10.190419608746559       0.50538581442591268     
          15          12  -9.9424306740375492       -1.3464481080531499     
          20          12  -8.9491275611386367      -0.41024129520006447     
          25          12  -8.9774194790709352        1.7859464795948188     
          30          12   0.0000000000000000        0.0000000000000000     
          35          12   0.0000000000000000        0.0000000000000000     
          40          12   0.0000000000000000        0.0000000000000000     
          45          12  -8.7000010294441257       0.38858019585585879     
          50          12   0.0000000000000000        0.0000000000000000     
          55          12  -9.2799988365288577       0.63199804613958688     
          60          12  -9.0901440671320444        1.7396431548875879     
          65          12   0.0000000000000000        0.0000000000000000     
          70          12   0.0000000000000000        0.0000000000000000     
          75          12  -10.524488280607702      -0.62950818146653709     
          80          12   0.0000000000000000        0.0000000000000000     
          85          12   0.0000000000000000        0.0000000000000000     
          90          12  -10.230672560597176      -0.74342830744755783     
          95          12   0.0000000000000000        0.0000000000000000     
           0          13  -10.817788953350927       0.14284908007644592     
           5          13   0.0000000000000000        0.0000000000000000     
          10          13  -11.164260436814510      -4.21499639513545077E-002
          15          13  -9.9106581314600817       0.21836205635838990     
          20          13  -10.944322917865179       -1.6175410612928598     
          25          13  -10.248355308129508      -0.20068657078042840     
          30          13  -7.7604592094188130        1.3786115817548961     
          35          13  -10.047392917190145      -0.51441281203157274     
          40          13   0.0000000000000000        0.0000000000000000     
          45          13   0.0000000000000000        0.0000000000000000     
          50          13  -10.046728384072168       0.75988171579499664     
          55          13  -9.6491395268905045      -0.29467772818758675     
          60          13   0.0000000000000000        0.0000000000000000     
          65          13   0.0000000000000000        0.0000000000000000     
          70          13   0.0000000000000000        0.0000000000000000     
          75          13  -9.7544298637597393       0.48594270937951656     
          80          13   0.0000000000000000        0.0000000000000000     
          85          13  -10.760573309136490       0.14642747268478473     
          90          13   0.0000000000000000        0.0000000000000000     
          95          13  -10.505039995054588      -5.75613300635158254E-003
           0          14  -12.054878350730817      -0.84151364044937615     
           5          14   0.0000000000000000        0.0000000000000000     
          10          14  -11.218279829862675      -0.25332916240183856     
          15          14  -10.628134155183377       0.14454391806029143     
          20          14  -10.185849232146603      -0.55000262623672302     
          25          14   0.0000000000000000        0.0000000000000000     
          30          14  -10.730454895745977      -0.54674937946308511     
          35          14   0.0000000000000000        0.0000000000000000     
          40          14  -10.144552099983771       0.89329108581337469     
          45          14  -9.9273404660077382        1.0768821695283926     
          50          14   0.0000000000000000        0.0000000000000000     
          55          14   0.0000000000000000        0.0000000000000000     
          60          14   0.0000000000000000        0.0000000000000000     
          65          14  -9.8698557418153143      -0.44158939367933137     
          70          14   0.0000000000000000        0.0000000000000000     
          75          14   0.0000000000000000        0.0000000000000000     
          80          14  -10.895724649744309      -0.73980136536977437     
          85          14  -11.249187057849053      -0.18860176989488053     
          90          14  -11.165995259547756       0.27620807792505531     
          95          14  -10.243964006673156       0.41233403507673350     
           0          15  -11.181552363081172      -7.15487532726433173E-002
           5          15   0.0000000000000000        0.0000000000000000     
          10          15   0.0000000000000000        0.0000000000000000     
          15          15   0.0000000000000000        0.0000000000000000     
          20          15  -10.466242479673094        1.2440075768715975     
          25          15  -11.743234710928640       0.39118384545122620     
          30          15  -11.235805554121180      -0.74790846354699791     
          35          15  -10.683460100585073       -1.0447490564124973     
          40          15  -10.066499259268612       0.81786683463980214     
          45          15   0.0000000000000000        0.0000000000000000     
          50          15  -10.716815847187089       0.34609636952065426     
          55          15   0.0000000000000000        0.0000000000000000     
          60          15  -9.1908889502678726      -0.25265045000555375     
          65          15   0.0000000000000000        0.0000000000000000     
          70          15  -10.841720635590413       -1.2227759586791453     
          75          15  -10.974280558908589       0.66516886813416942     
          80          15  -10.748275220926473      -0.53966257004212093     
          85          15  -11.469968416486509       0.35923181622488087     
          90          15  -9.9684247703757389       0.49638323208173185     
          95          15  -11.579579562899234        1.6036984656947473     
           0          16  -12.397538139168086      -0.35805502939134648     
           5          16   0.0000000000000000        0.0000000000000000     
          10          16  -12.028184188279667      -0.59320794490169693     
          15          16  -10.708385392337870       0.43665029681561052     
          20          16   0.0000000000000000        0.0000000000000000     
          25          16   0.0000000000000000        0.0000000000000000     
          30          16   0.0000000000000000        0.0000000000000000     
          35          16  -10.103746347026043       0.20418629644303188     
          40          16  -10.013222664006504       0.22390358720314474     
          45          16   0.0000000000000000        0.0000000000000000     
          50          16   0.0000000000000000        0.0000000000000000     
          55          16   0.0000000000000000        0.0000000000000000     
          60          16   0.0000000000000000        0.0000000000000000     
          65          16  -11.294330685445164       -1.2666010487893953     
          70          16   0.0000000000000000        0.0000000000000000     
          75          16   0.0000000000000000        0.0000000000000000     
          80          16   0.0000000000000000        0.0000000000000000     
          85          16  -10.408249849660489       9.69586353322116068E-002
          90          16  -11.514215354799795        1.1344433322602043     
          95          16  -12.390810786813145      -0.79449249149488033     
           0          17   0.0000000000000000        0.0000000000000000     
           5          17  -12.122230947276615      -8.20170639165285209E-002
          10          17  -12.024159210143603       3.83610219911734163E-002
          15          17   0.0000000000000000        0.0000000000000000     
          20          17  -12.659358580136004      -0.17068024667554749     
          25          17   0.0000000000000000        0.0000000000000000     
          30          17   0.0000000000000000        0.0000000000000000     
          35          17  -21.655649879424033      -0.34519970818158718     
          40          17   0.0000000000000000        0.0000000000000000     
          45          17   0.0000000000000000        0.0000000000000000     
          50          17   0.0000000000000000        0.0000000000000000     
          55          17   0.0000000000000000        0.0000000000000000     
          60          17  -10.389551459166757      -0.24038635238199380     
          65          17   0.0000000000000000        0.0000000000000000     
          70          17   0.0000000000000000        0.0000000000000000     
          75          17   0.0000000000000000        0.0000000000000000     
          80          17   0.0000000000000000        0.0000000000000000     
          85          17  -11.955486138441884      -5.06486751816748182E-003
          90          17   0.0000000000000000        0.0000000000000000     
          95          17   0.0000000000000000        0.0000000000000000     
           0          18   0.0000000000000000        0.0000000000000000     
           5          18   0.0000000000000000        0.0000000000000000     
          10          18   0.0000000000000000        0.0000000000000000     
          15          18  -12.099057248985966      -0.23295238737341961     
          20          18  -11.294082009817297       0.52457379024983819     
          25          18   0.0000000000000000        0.0000000000000000     
          30          18   0.0000000000000000        0.0000000000000000     
          35          18  -10.128015413072843       0.16298707616047015     
          40          18  -11.404217572776320        1.0038668409523277     
          45          18   0.0000000000000000        0.0000000000000000     
          50          18   0.0000000000000000        0.0000000000000000     
          55          18   0.0000000000000000        0.0000000000000000     
          60          18  -11.011443876824956      -0.61325613932572409     
          65          18   0.0000000000000000        0.0000000000000000     
          70          18   0.0000000000000000        0.0000000000000000     
          75          18  -10.699743977879983       0.68618862370528610     
          80          18  -11.610714295651192       0.18550158095265168     
          85          18  -11.303464076473091      -0.96696343229007997     
          90          18  -11.176914220210055       -1.4134385920000492     
          95          18   0.0000000000000000        0.0000000000000000     
           0          19  -12.294798560225951      -0.14961789504053247     
           5          19  -12.209836216100570       0.34602342851797196     
          10          19   0.0000000000000000        0.0000000000000000     
          15          19   0.0000000000000000        0.0000000000000000     
          20          19   0.0000000000000000        0.0000000000000000     
          25          19   0.0000000000000000        0.0000000000000000     
          30          19   0.0000000000000000        0.0000000000000000     
          35          19   0.0000000000000000        0.0000000000000000     
          40          19   0.0000000000000000        0.0000000000000000     
          45          19   0.0000000000000000        0.0000000000000000     
          50          19   0.0000000000000000        0.0000000000000000     
          55          19   0.0000000000000000        0.0000000000000000     
          60          19   0.0000000000000000        0.0000000000000000     
          65          19  -11.165844765996802      -5.52918612928277042E-002
          70          19   0.0000000000000000        0.0000000000000000     
          75          19   0.0000000000000000        0.0000000000000000     
          80          19   0.0000000000000000        0.0000000000000000     
          85          19   0.0000000000000000        0.0000000000000000     
          90          19   0.0000000000000000        0.0000000000000000     
          95          19  -12.848421497648754      -0.65714261586746758     
           0          20   0.0000000000000000        0.0000000000000000     
           5          20   0.0000000000000000        0.0000000000000000     
          10          20   0.0000000000000000        0.0000000000000000     
          15          20  -11.535065307921588      -5.04276196855446557E-002
          20          20   0.0000000000000000        0.0000000000000000     
          25          20  -11.755861450604698       0.36820647084156999     
          30          20   0.0000000000000000        0.0000000000000000     
          35          20   0.0000000000000000        0.0000000000000000     
          40          20   0.0000000000000000        0.0000000000000000     
          45          20   0.0000000000000000        0.0000000000000000     
          50          20   0.0000000000000000        0.0000000000000000     
          55          20   0.0000000000000000        0.0000000000000000     
          60          20   0.0000000000000000        0.0000000000000000     
          65          20   0.0000000000000000        0.0000000000000000     
          70          20   0.0000000000000000        0.0000000000000000     
          75          20   0.0000000000000000        0.0000000000000000     
          80          20  -9.9293723066429251      -0.47485490058674085     
          85          20  -10.064070375213063       0.79511927200570653     
          90          20  -10.741356817982606       0.71936734330702023     
          95          20   0.0000000000000000        0.0000000000000000     
           0          21   0.0000000000000000        0.0000000000000000     
           5          21   0.0000000000000000        0.0000000000000000     
          10          21   0.0000000000000000        0.0000000000000000     
          15          21  -12.203846833769015        1.3164475993804325     
          20          21   0.0000000000000000        0.0000000000000000     
          25          21   0.0000000000000000        0.0000000000000000     
          30          21   0.0000000000000000        0.0000000000000000     
          35          21   0.0000000000000000        0.0000000000000000     
          40          21   0.0000000000000000        0.0000000000000000     
          45          21   0.0000000000000000        0.0000000000000000     
          50          21   0.0000000000000000        0.0000000000000000     
          55          21   0.0000000000000000        0.0000000000000000     
          60          21   0.0000000000000000        0.0000000000000000     
          65          21   0.0000000000000000        0.0000000000000000     
          70          21   0.0000000000000000        0.0000000000000000     
          75          21   0.0000000000000000        0.0000000000000000     
          80          21   0.0000000000000000        0.0000000000000000     
          85          21   0.0000000000000000        0.0000000000000000     
          90          21   0.0000000000000000        0.0000000000000000     
          95          21   0.0000000000000000        0.0000000000000000     
