           0           0   0.0000000000000000        0.0000000000000000     
           5           0   0.0000000000000000        0.0000000000000000     
          10           0   0.0000000000000000        0.0000000000000000     
          15           0   0.0000000000000000        0.0000000000000000     
          20           0   0.0000000000000000        0.0000000000000000     
          25           0   0.0000000000000000        0.0000000000000000     
          30           0   0.0000000000000000        0.0000000000000000     
          35           0   0.0000000000000000        0.0000000000000000     
          40           0   0.0000000000000000        0.0000000000000000     
          45           0   0.0000000000000000        0.0000000000000000     
          50           0   0.0000000000000000        0.0000000000000000     
          55           0   0.0000000000000000        0.0000000000000000     
          60           0   0.0000000000000000        0.0000000000000000     
          65           0   0.0000000000000000        0.0000000000000000     
          70           0   0.0000000000000000        0.0000000000000000     
          75           0   0.0000000000000000        0.0000000000000000     
          80           0   0.0000000000000000        0.0000000000000000     
          85           0   0.0000000000000000        0.0000000000000000     
          90           0   0.0000000000000000        0.0000000000000000     
          95           0   0.0000000000000000        0.0000000000000000     
           0           1  -9.6907832317343762E-003 -0.22423356664337535     
           5           1 -0.28317597150058493       0.34329424215582410     
          10           1 -0.23815332117010923      -0.18366897635103963     
          15           1  0.17330222546851903      -0.19922170375014786     
          20           1 -0.99661763228897637        8.2149455092259127E-002
          25           1 -0.49870639046822873       0.27665159554889768     
          30           1 -0.14928119951629348        7.5502851130081206E-003
          35           1   2.7217973653792527E-002 -0.10814400131580262     
          40           1 -0.41833789412304423      -0.14462931547234992     
          45           1 -0.34983522131659672        7.8644642783134988E-002
          50           1 -0.60453520724701448        1.7302689243187119E-003
          55           1 -0.49324186222721167      -0.11670245049697631     
          60           1 -0.64547274897019946      -0.21609998462256141     
          65           1 -0.41124601516839832       0.50447962465532958     
          70           1 -0.40415489214851164       0.71973349496115557     
          75           1  -9.4073628740254378E-002 -0.35721241979678325     
          80           1 -0.75054451441403103      -0.29844290243330462     
          85           1 -0.44849196008889258       0.18132963172920458     
          90           1   0.0000000000000000        0.0000000000000000     
          95           1 -0.13360985136046111       0.11998161483811609     
           0           2 -0.94067450809158637       -5.8225964042375733E-002
           5           2 -0.69235145015701660      -0.49240449934158381     
          10           2 -0.99506957935618923       -5.4563960451003979E-002
          15           2 -0.69507857474115919       -6.8676053844342333E-002
          20           2 -0.53815931476686174       0.12974117434692845     
          25           2 -0.73224346030797971       0.13283560395954686     
          30           2 -0.13120048988402022      -0.12002459912174857     
          35           2   0.0000000000000000        0.0000000000000000     
          40           2  -1.5010775991725067      -0.91451301868938906     
          45           2  -1.1853137715556183      -0.21645778744642380     
          50           2 -0.37373259118900215       0.33112239727840082     
          55           2 -0.94553346978720754       -6.1840174388622104E-002
          60           2  -1.2321267228943000        5.1201992569624433E-002
          65           2 -0.52126209149516711       0.45383839938906156     
          70           2 -0.12647651834063467      -0.30655489481147546     
          75           2 -0.82593132681108017       0.22960142796485394     
          80           2 -0.55826871923292387       0.26804702105313188     
          85           2  -1.0355918915505580       -2.8776799600623015E-002
          90           2 -0.38445091528505060       0.18330987116163544     
          95           2 -0.51945163999977950      -0.33701506187179542     
           0           3  -1.3167579068138011      -0.11093168443027102     
           5           3 -0.94255700405700138       0.28082637998708138     
          10           3  -1.2123781872280803       0.24712631395168438     
          15           3  -1.4122618185460900       0.11298385843086511     
          20           3  -1.6169195534693204      -0.79065614709092347     
          25           3   0.0000000000000000        0.0000000000000000     
          30           3  -1.1241018230195854      -0.15363038656943107     
          35           3 -0.28315758648089773       0.44414422089550376     
          40           3  -3.5880990828474069       -1.2677084111204633     
          45           3  -1.5278820591962949      -0.43714870627764579     
          50           3  -1.0881692006758925       0.32755562682715289     
          55           3 -0.74285352010816652       0.16295059515183952     
          60           3 -0.95636580231373003       -5.3487370567095738E-002
          65           3 -0.77526508174718956       0.51397513705753184     
          70           3  -1.7819136385854861       0.35149626689101598     
          75           3   0.0000000000000000        0.0000000000000000     
          80           3  -1.4266022114450827      -0.11527276443518142     
          85           3  -1.1564483382775492      -0.28482649593805642     
          90           3 -0.95639485821585879       0.12446103412222520     
          95           3  -1.2966785119306046      -0.10382573630812741     
           0           4  -3.9931550682862929      -0.96082723182205898     
           5           4  -2.2162844611491734      -0.10382966795355331     
          10           4  -1.5947510732325365       -5.0358637007086315E-002
          15           4  -1.5495178038293922       0.33323680475400019     
          20           4  -1.9435341016849073      -0.10681974239840075     
          25           4  -1.9583023457686588      -0.31362188714953443     
          30           4  -1.8972524546506664      -0.38914319259258923     
          35           4  -1.0031334137933223       0.19273602900340969     
          40           4  -4.0587986828399814      -0.44353102482186380     
          45           4  -1.7563650201851688       -9.1645497501818829E-002
          50           4  -1.0062953907663541       0.31471864137905259     
          55           4  -1.6188664909422279      -0.11910345392954214     
          60           4  -2.8070701195481718       0.67955806361597038     
          65           4  -2.0082924402453628      -0.42661859983972317     
          70           4  -3.0210503858563165       0.40684550847422396     
          75           4  -3.0766465467602089       0.23303563259496896     
          80           4  -1.9271462756864643      -0.17030846903812180     
          85           4  -1.9493351017019211       0.23308114640824273     
          90           4 -0.86946163939227716        9.2067859823463660E-002
          95           4  -2.1961429745998018      -0.22681924536971376     
           0           5   0.0000000000000000        0.0000000000000000     
           5           5  -1.4711558613384605       0.43681244339496828     
          10           5  -2.2786429297111388      -0.80244502973891851     
          15           5   0.0000000000000000        0.0000000000000000     
          20           5  -1.9257693184154823      -0.10314048249832064     
          25           5  -3.3064895501311309       0.22638133912650238     
          30           5  -2.3245608110616933       0.25004273425985324     
          35           5  -1.5611800574749646       0.54265909832415526     
          40           5  -1.8364553856425880       -7.4854998737550194E-002
          45           5  -1.4750857647055637       0.33617494346036003     
          50           5   0.0000000000000000        0.0000000000000000     
          55           5  -2.5130923608607247       0.20954135657794137     
          60           5   0.0000000000000000        0.0000000000000000     
          65           5  -1.9808554905376141       -5.5734258244954926E-002
          70           5  -2.3125460138295750        4.7088585141685790E-002
          75           5  -2.4745122364300265       -9.1958043755696606E-002
          80           5  -2.4463085600978651      -0.13903365768105913     
          85           5  -1.8546287942222683        3.6004775046533100E-002
          90           5  -3.7189583451291419       -9.5399464433987280E-002
          95           5  -4.6081953685916943       0.48916470175769389     
           0           6  -2.0795835618384135       0.17157395572141299     
           5           6  -2.3736025210171343       0.11929810967953314     
          10           6  -2.1043360598058114      -0.27775200649851617     
          15           6  -2.5921310750470772        5.1859204426712990E-002
          20           6  -1.8899667352167970       0.30281744125851273     
          25           6  -2.5995810213669257       0.15895598511658782     
          30           6  -3.0073016785808759      -0.22298115165478305     
          35           6  -2.6391029215960815       0.23559912422241314     
          40           6  -1.6529272160298314       0.46443748979899113     
          45           6  -4.6279722758246766       0.42297455446010934     
          50           6  -5.1430472470159749      -0.22804525439637513     
          55           6   0.0000000000000000        0.0000000000000000     
          60           6  -1.6205988632522761       0.56061390476966344     
          65           6  -2.3228847983980394       0.23583656100792383     
          70           6  -2.2366678809748741      -0.40974964563136873     
          75           6   0.0000000000000000        0.0000000000000000     
          80           6  -2.7453990844628073      -0.25714596963780090     
          85           6  -2.5579746636372747      -0.51398912580963296     
          90           6   0.0000000000000000        0.0000000000000000     
          95           6  -2.6094370489992968       -6.4376775840008227E-002
           0           7  -3.3391486289352077       0.22687051023914662     
           5           7  -2.1616988531601016       0.31862395165019319     
          10           7  -2.9524487094922947       -8.7493078498174226E-002
          15           7  -3.1051091663614194      -0.15708337065226119     
          20           7  -2.9498300466207494        8.3182575939810821E-003
          25           7  -2.6838243446886123      -0.48324255109519210     
          30           7  -3.1845067370356306      -0.14941513456864786     
          35           7  -4.8654828276850637       0.43279626496139922     
          40           7  -3.3640673105911345      -0.50681761851675833     
          45           7  -3.0049190700570660      -0.99195652825942449     
          50           7  -2.7977229494258182      -0.38116992841966124     
          55           7  -2.6688145578890321       0.48733894007543799     
          60           7   0.0000000000000000        0.0000000000000000     
          65           7   0.0000000000000000        0.0000000000000000     
          70           7  -2.6351665662227575       0.58720605872905618     
          75           7  -2.2657535656245287       0.28500767150371753     
          80           7  -2.8590238242709454        8.7003329893725612E-002
          85           7  -2.1821012311029619        7.2534352695136084E-002
          90           7  -5.7678243321057643       -6.8323037348549942E-002
          95           7  -3.3572887904886883       -6.6542432232835624E-002
           0           8   0.0000000000000000        0.0000000000000000     
           5           8  -2.8384762393245802       0.18096956148586085     
          10           8  -2.7625534700906340       0.29814481901993539     
          15           8  -2.8130799986952892        7.9240285667109278E-002
          20           8  -2.8933997130492495       0.47188471932815834     
          25           8  -2.5872017511180401       0.37035162769691321     
          30           8  -3.1979028129397458        3.6372531866807334E-002
          35           8  -3.5617478881805331      -0.74299026913124400     
          40           8   0.0000000000000000        0.0000000000000000     
          45           8   0.0000000000000000        0.0000000000000000     
          50           8   0.0000000000000000        0.0000000000000000     
          55           8   0.0000000000000000        0.0000000000000000     
          60           8  -2.4768183425538659       0.67051361991324332     
          65           8  -3.8726105064035288      -0.42332448149842716     
          70           8  -3.4560581306330995      -0.71925711983764073     
          75           8  -2.7930332425118998       0.82698245084514288     
          80           8  -2.9673797764828702        9.8613090283444782E-002
          85           8  -2.4920582213838749       0.37666176329984036     
          90           8  -4.0041836153337229      -0.63529351757171670     
          95           8   0.0000000000000000        0.0000000000000000     
           0           9  -3.6904021908467786       -5.0339767428270177E-002
           5           9  -2.8739968862947354        5.7339072800782764E-002
          10           9  -3.6010959692056588      -0.12555901559366256     
          15           9  -3.2095102014328969       0.38515101557570763     
          20           9  -3.8014700798849610       0.84838657517530280     
          25           9  -4.1691507033342345      -0.30258267107410863     
          30           9   0.0000000000000000        0.0000000000000000     
          35           9  -3.9275601358929046      -0.15463650909278148     
          40           9  -3.5532758694672983       0.25106522750992233     
          45           9  -3.7265620777032771       0.30814918647523171     
          50           9  -3.8638570280702389      -0.70451705139543130     
          55           9  -3.2665910091878025       0.55695387867663038     
          60           9  -2.9676963950331370       0.31069240972750323     
          65           9  -4.0973438766922499       0.12040769021434694     
          70           9  -3.6911812958861923      -0.48215870019616136     
          75           9  -4.4904147430324670       0.23352120988043290     
          80           9  -7.5767530468251465      -0.44317118771564079     
          85           9  -5.9872815049089034       0.42846099830018414     
          90           9  -7.7074990694536716      -0.71742987005352088     
          95           9  -3.8381385602304086       -1.0240485115303732E-002
           0          10  -3.9742036045641438      -0.22303395942849247     
           5          10  -3.5164162337383145       0.29059405860717979     
          10          10  -7.9137240099971802      -0.16749197852966580     
          15          10   0.0000000000000000        0.0000000000000000     
          20          10   0.0000000000000000        0.0000000000000000     
          25          10   0.0000000000000000        0.0000000000000000     
          30          10  -3.6758376776108159      -0.48344717520201752     
          35          10   0.0000000000000000        0.0000000000000000     
          40          10   0.0000000000000000        0.0000000000000000     
          45          10   0.0000000000000000        0.0000000000000000     
          50          10  -3.7720713838740316      -0.46666726303060124     
          55          10  -3.5751501154535070       -2.8384287721477941E-002
          60          10   0.0000000000000000        0.0000000000000000     
          65          10  -4.0030718231753859        1.5198743036487494E-002
          70          10  -3.8746542816903151       0.36185893374104938     
          75          10  -3.8976568905568776      -0.74752654585688583     
          80          10   0.0000000000000000        0.0000000000000000     
          85          10  -3.2318648943263639        1.5893901954139311E-002
          90          10  -3.3588111141602539      -0.24871846654991869     
          95          10   0.0000000000000000        0.0000000000000000     
           0          11  -4.3912302646886570       0.15751533382915572     
           5          11  -3.7599868361101043       0.13635109806661716     
          10          11   0.0000000000000000        0.0000000000000000     
          15          11   0.0000000000000000        0.0000000000000000     
          20          11   0.0000000000000000        0.0000000000000000     
          25          11  -3.7865241809725836       0.12124480526579107     
          30          11  -3.7977733519650725       0.14990421439944890     
          35          11  -4.0167018063169690       0.41682418990149350     
          40          11  -3.2420603378252588      -0.77406981102520755     
          45          11   0.0000000000000000        0.0000000000000000     
          50          11  -3.3721161782684916       0.31993922141884679     
          55          11   0.0000000000000000        0.0000000000000000     
          60          11   0.0000000000000000        0.0000000000000000     
          65          11   0.0000000000000000        0.0000000000000000     
          70          11   0.0000000000000000        0.0000000000000000     
          75          11  -4.7885681649884049       0.27048661860637480     
          80          11  -4.5268804428111320      -0.27671978222773563     
          85          11  -3.7164517638932359       0.45007450164821772     
          90          11   0.0000000000000000        0.0000000000000000     
          95          11   0.0000000000000000        0.0000000000000000     
           0          12   0.0000000000000000        0.0000000000000000     
           5          12   0.0000000000000000        0.0000000000000000     
          10          12   0.0000000000000000        0.0000000000000000     
          15          12   0.0000000000000000        0.0000000000000000     
          20          12   0.0000000000000000        0.0000000000000000     
          25          12   0.0000000000000000        0.0000000000000000     
          30          12   0.0000000000000000        0.0000000000000000     
          35          12   0.0000000000000000        0.0000000000000000     
          40          12  -3.9677364769613588       0.50821386574625982     
          45          12   0.0000000000000000        0.0000000000000000     
          50          12   0.0000000000000000        0.0000000000000000     
          55          12  -3.8125562820479075       0.78882633094592980     
          60          12   0.0000000000000000        0.0000000000000000     
          65          12   0.0000000000000000        0.0000000000000000     
          70          12   0.0000000000000000        0.0000000000000000     
          75          12   0.0000000000000000        0.0000000000000000     
          80          12   0.0000000000000000        0.0000000000000000     
          85          12   0.0000000000000000        0.0000000000000000     
          90          12   0.0000000000000000        0.0000000000000000     
          95          12   0.0000000000000000        0.0000000000000000     
           0          13   0.0000000000000000        0.0000000000000000     
           5          13   0.0000000000000000        0.0000000000000000     
          10          13   0.0000000000000000        0.0000000000000000     
          15          13   0.0000000000000000        0.0000000000000000     
          20          13   0.0000000000000000        0.0000000000000000     
          25          13   0.0000000000000000        0.0000000000000000     
          30          13   0.0000000000000000        0.0000000000000000     
          35          13   0.0000000000000000        0.0000000000000000     
          40          13   0.0000000000000000        0.0000000000000000     
          45          13   0.0000000000000000        0.0000000000000000     
          50          13   0.0000000000000000        0.0000000000000000     
          55          13  -3.9167088908764747       0.16562888011995014     
          60          13   0.0000000000000000        0.0000000000000000     
          65          13   0.0000000000000000        0.0000000000000000     
          70          13   0.0000000000000000        0.0000000000000000     
          75          13   0.0000000000000000        0.0000000000000000     
          80          13   0.0000000000000000        0.0000000000000000     
          85          13   0.0000000000000000        0.0000000000000000     
          90          13   0.0000000000000000        0.0000000000000000     
          95          13   0.0000000000000000        0.0000000000000000     
           0          14   0.0000000000000000        0.0000000000000000     
           5          14   0.0000000000000000        0.0000000000000000     
          10          14   0.0000000000000000        0.0000000000000000     
          15          14   0.0000000000000000        0.0000000000000000     
          20          14   0.0000000000000000        0.0000000000000000     
          25          14   0.0000000000000000        0.0000000000000000     
          30          14   0.0000000000000000        0.0000000000000000     
          35          14   0.0000000000000000        0.0000000000000000     
          40          14   0.0000000000000000        0.0000000000000000     
          45          14   0.0000000000000000        0.0000000000000000     
          50          14   0.0000000000000000        0.0000000000000000     
          55          14   0.0000000000000000        0.0000000000000000     
          60          14   0.0000000000000000        0.0000000000000000     
          65          14   0.0000000000000000        0.0000000000000000     
          70          14   0.0000000000000000        0.0000000000000000     
          75          14   0.0000000000000000        0.0000000000000000     
          80          14   0.0000000000000000        0.0000000000000000     
          85          14   0.0000000000000000        0.0000000000000000     
          90          14   0.0000000000000000        0.0000000000000000     
          95          14   0.0000000000000000        0.0000000000000000     
           0          15   0.0000000000000000        0.0000000000000000     
           5          15   0.0000000000000000        0.0000000000000000     
          10          15   0.0000000000000000        0.0000000000000000     
          15          15   0.0000000000000000        0.0000000000000000     
          20          15   0.0000000000000000        0.0000000000000000     
          25          15   0.0000000000000000        0.0000000000000000     
          30          15   0.0000000000000000        0.0000000000000000     
          35          15   0.0000000000000000        0.0000000000000000     
          40          15   0.0000000000000000        0.0000000000000000     
          45          15   0.0000000000000000        0.0000000000000000     
          50          15   0.0000000000000000        0.0000000000000000     
          55          15   0.0000000000000000        0.0000000000000000     
          60          15   0.0000000000000000        0.0000000000000000     
          65          15   0.0000000000000000        0.0000000000000000     
          70          15   0.0000000000000000        0.0000000000000000     
          75          15   0.0000000000000000        0.0000000000000000     
          80          15   0.0000000000000000        0.0000000000000000     
          85          15   0.0000000000000000        0.0000000000000000     
          90          15   0.0000000000000000        0.0000000000000000     
          95          15   0.0000000000000000        0.0000000000000000     
           0          16   0.0000000000000000        0.0000000000000000     
           5          16   0.0000000000000000        0.0000000000000000     
          10          16   0.0000000000000000        0.0000000000000000     
          15          16   0.0000000000000000        0.0000000000000000     
          20          16   0.0000000000000000        0.0000000000000000     
          25          16   0.0000000000000000        0.0000000000000000     
          30          16   0.0000000000000000        0.0000000000000000     
          35          16   0.0000000000000000        0.0000000000000000     
          40          16   0.0000000000000000        0.0000000000000000     
          45          16   0.0000000000000000        0.0000000000000000     
          50          16   0.0000000000000000        0.0000000000000000     
          55          16   0.0000000000000000        0.0000000000000000     
          60          16   0.0000000000000000        0.0000000000000000     
          65          16   0.0000000000000000        0.0000000000000000     
          70          16   0.0000000000000000        0.0000000000000000     
          75          16   0.0000000000000000        0.0000000000000000     
          80          16   0.0000000000000000        0.0000000000000000     
          85          16   0.0000000000000000        0.0000000000000000     
          90          16   0.0000000000000000        0.0000000000000000     
          95          16   0.0000000000000000        0.0000000000000000     
