           0           0   0.0000000000000000        0.0000000000000000     
           5           0   0.0000000000000000        0.0000000000000000     
          10           0   0.0000000000000000        0.0000000000000000     
          15           0   0.0000000000000000        0.0000000000000000     
          20           0   0.0000000000000000        0.0000000000000000     
          25           0   0.0000000000000000        0.0000000000000000     
          30           0   0.0000000000000000        0.0000000000000000     
          35           0   0.0000000000000000        0.0000000000000000     
          40           0   0.0000000000000000        0.0000000000000000     
          45           0   0.0000000000000000        0.0000000000000000     
          50           0   0.0000000000000000        0.0000000000000000     
          55           0   0.0000000000000000        0.0000000000000000     
          60           0   0.0000000000000000        0.0000000000000000     
          65           0   0.0000000000000000        0.0000000000000000     
          70           0   0.0000000000000000        0.0000000000000000     
          75           0   0.0000000000000000        0.0000000000000000     
          80           0   0.0000000000000000        0.0000000000000000     
          85           0   0.0000000000000000        0.0000000000000000     
          90           0   0.0000000000000000        0.0000000000000000     
          95           0   0.0000000000000000        0.0000000000000000     
           0           1 -0.18211325239639656      -1.33485369539949883E-002
           5           1 -0.16724438492467242       0.12200517789174789     
          10           1 -0.24229888882579265      -0.11869169922079301     
          15           1 -0.19975176959674545      -5.20803999693765507E-002
          20           1 -0.16172632130606601      -3.90012767436526131E-002
          25           1 -2.67519415608763467E-002 -2.00211675085992802E-004
          30           1 -0.17390940448891445      -0.10150002502800487     
          35           1 -0.12880298205397711       5.42094211341756504E-002
          40           1 -0.13140920906817843      -5.90339065921832717E-002
          45           1 -0.14387053019981888       1.78076703652441104E-002
          50           1 -0.10213491091093374      -1.20222851423233690E-002
          55           1 -8.62624745467943654E-002 -1.01233626423682943E-002
          60           1 -0.12640106603956092       2.81284157741326646E-002
          65           1 -0.22324786644101202       0.29202860603948222     
          70           1 -0.37771427726873696      -0.14456761590134204     
          75           1 -0.30785398463462066       0.18278735011575953     
          80           1 -0.54658380886696278      -0.20974534988438959     
          85           1 -0.12344507035910723       6.19599270461172746E-002
          90           1 -0.39316097514618953      -0.21655242450652201     
          95           1 -0.10988697047631391       4.93736246398937539E-002
           0           2 -0.30535168301991639      -1.51413630966254487E-002
           5           2 -0.25991525172672225       9.56816964534437653E-002
          10           2 -0.27632462271068303      -6.39986693787286676E-002
          15           2 -0.24409227036753522       3.38158361360904602E-002
          20           2 -0.33771284434713778       5.90429264142253163E-002
          25           2 -0.16089274388897401      -1.88693462553277125E-002
          30           2 -0.69563387256832421      -0.11403580273895014     
          35           2 -0.15518989162466301       7.29049891460414878E-003
          40           2 -0.11961134619931091       6.00534731729288063E-002
          45           2 -0.33471742489299405       4.67827184806937635E-002
          50           2 -0.39158462493804613      -4.48434954092649662E-002
          55           2 -0.27878347313436969       8.04936294242566963E-002
          60           2 -0.64136115466517651       5.70597327650967934E-003
          65           2 -0.36755599034155040       1.15995032903132289E-002
          70           2 -0.97457186497340587      -0.20880082999434613     
          75           2 -0.75166673768722880       0.47204902438813257     
          80           2 -0.35755050010743972       7.25998110992498447E-002
          85           2 -0.49408784077775714       0.30036763569340347     
          90           2 -0.36287284458591529      -8.76912460882894873E-002
          95           2 -0.20921690536579440       8.79245144679019486E-002
           0           3 -0.77664090509883077      -3.21937567057326013E-002
           5           3 -0.22589401630676575       0.12921612215152645     
          10           3 -0.87531481237176911       0.33293322286954280     
          15           3 -0.79779845797767202      -1.69294196186026147E-002
          20           3 -0.46329432435099349      -7.27160929064191164E-002
          25           3 -0.25099587729782158       0.13961554464564374     
          30           3 -0.58962909078086323      -0.19309623213746574     
          35           3 -0.89917222108826245      -0.13032332261075918     
          40           3 -0.28431169814380208      -0.10436920216051748     
          45           3 -0.45685807252671129      -9.62917287829906376E-002
          50           3 -0.43430995076199075      -7.52696754035414584E-002
          55           3 -0.86244576254390637       7.93762935416553184E-002
          60           3 -0.45139159728257994      -1.19261312987034573E-002
          65           3  -1.3996619312695024      -0.29459739612228142     
          70           3 -0.82292845515419266       0.29911965823810338     
          75           3 -0.53916166684708777      -7.84382451037707318E-002
          80           3 -0.35947836512062459       8.22699595379172699E-002
          85           3 -0.43476938190845082       0.13165066009422632     
          90           3 -0.99693462910721564      -0.22102163006913061     
          95           3 -0.82570545552163033       0.28925961402387346     
           0           4 -0.46670075921841253      -0.15913094826333629     
           5           4  -1.0056175440262964       0.20572408804757358     
          10           4 -0.45765264982206011       0.14109978604216755     
          15           4 -0.81217873379585415       0.12870492536835865     
          20           4 -0.49258786737560456      -9.40417241619001532E-002
          25           4 -0.24649841905921566       0.13886718538171083     
          30           4 -0.46040897102750389       4.36810618833355369E-002
          35           4 -0.49022199066439676       0.22660986647923820     
          40           4 -0.29611621917668973      -1.73397458445162522E-002
          45           4 -0.52919730115952301      -0.13916245470001198     
          50           4  -1.0074428714945682      -6.20220077382493962E-002
          55           4 -0.88284396009274957       0.14323988440007041     
          60           4 -0.89503394154477611       8.38439099350163364E-003
          65           4 -0.75923981838421639      -0.12007827272612903     
          70           4 -0.40729748822965206       0.21743419179390266     
          75           4 -0.80329316027083486       8.17342168694251692E-002
          80           4  -1.2779286567243808       6.37843884583599863E-002
          85           4 -0.57546972758504289       0.13703725119648680     
          90           4 -0.54916716959785283       4.69359714316830434E-002
          95           4  -1.3100741027260998       0.24482826069739672     
           0           5  -1.2295313154496998       1.73334239279843150E-002
           5           5  -1.4230650099258946      -3.36099057287458924E-002
          10           5 -0.57486195366565629       0.10042417131275738     
          15           5 -0.62974030065721109      -0.19333152752772087     
          20           5 -0.44338274798966237      -6.84087262877580704E-002
          25           5 -0.78556540028140720       7.75422838621142585E-002
          30           5  -1.0830811705347942      -0.21730332602852565     
          35           5 -0.96223337198719783      -8.50295667528117027E-002
          40           5 -0.59618568251373905       3.88203848753626568E-002
          45           5 -0.55341613791115574      -5.51439443571832832E-002
          50           5 -0.71676582842461478      -1.51425297804236303E-002
          55           5 -0.52591598867501865       0.10122787452056248     
          60           5 -0.41917870732821605      -3.95013155874562871E-002
          65           5 -0.79149554563673341      -0.18169385230366875     
          70           5 -0.41950599003248712       8.99990863333088864E-002
          75           5 -0.89781820465151263      -6.61563826352684625E-003
          80           5 -0.78665656417675756       4.22419888265052057E-002
          85           5  -1.5442609768101523      -0.10775098275225825     
          90           5 -0.89087978754953667       6.12104237766863957E-002
          95           5  -1.3226689365486433       0.52331520998698255     
           0           6 -0.65719388926646849       0.14121802147104567     
           5           6 -0.74275994073405571      -7.60876075654726147E-002
          10           6 -0.75936761838785172      -4.01202017248636356E-002
          15           6 -0.77483488292284797       3.67923984179174823E-002
          20           6   0.0000000000000000        0.0000000000000000     
          25           6 -0.47094962190519229      -8.93246323795116037E-002
          30           6 -0.85825334673217402       0.14580402309907758     
          35           6  -1.0600704875762812      -0.13429056031008524     
          40           6  -1.7042295040625710       3.25723047117643105E-002
          45           6 -0.64901752928558931      -0.10278429936186328     
          50           6 -0.54215788522493646      -9.63580074399283948E-002
          55           6 -0.84738095783021272       5.71711566739463439E-002
          60           6 -0.84055230284207916      -0.47511565793398325     
          65           6 -0.85614217817497895      -0.13201141422655716     
          70           6 -0.79347972534393740       0.19349150898448353     
          75           6 -0.69419168779338847       7.62083433947235989E-002
          80           6   0.0000000000000000        0.0000000000000000     
          85           6  -2.1034213163972915      -6.01506852208888443E-002
          90           6 -0.69230542400156025       0.30324690357533268     
          95           6 -0.88865471981169897       1.16557996131250174E-002
           0           7  -1.0260561353941411       0.25164181897338600     
           5           7 -0.68203080431122887      -5.02022009955804815E-002
          10           7 -0.72770335938082686       8.47195593671468128E-002
          15           7 -0.57726941032398837       0.17300457171368078     
          20           7  -1.5864830798589802       0.56977676584302195     
          25           7 -0.79852499591859250       0.19866352477568294     
          30           7 -0.83628481811592881       0.14151704875661753     
          35           7 -0.88824922319652444       8.78848082611072279E-002
          40           7 -0.94151442792511641      -9.21738728884569092E-003
          45           7 -0.57207239133438836      -0.10630181130524829     
          50           7 -0.82545947199252900       3.55841022982306132E-002
          55           7 -0.72814352656491721       5.67966165644639975E-002
          60           7 -0.89968070030477243       0.12052556275191084     
          65           7 -0.70590147043803064       5.43623883624000381E-002
          70           7 -0.89875045601650605       0.23577089771284476     
          75           7 -0.82438430799358642       0.26852966102206000     
          80           7 -0.88689820569642919      -9.74849439308589361E-002
          85           7  -2.0895594449998889       9.03783372642463778E-002
          90           7   0.0000000000000000        0.0000000000000000     
          95           7  -1.1597715656608276      -0.11593010752888877     
           0           8  -1.1962900148857922       0.25034135411286518     
           5           8  -1.0965070147032907      -7.49668444890994046E-003
          10           8 -0.81792788693857421      -0.22485367187310978     
          15           8 -0.86962680049651464       0.32922350223382746     
          20           8  -1.2959481672258910      -4.54664733987031333E-003
          25           8 -0.87048287262969648       4.53098708710908404E-002
          30           8   0.0000000000000000        0.0000000000000000     
          35           8 -0.83582360830558589       0.20439775261157922     
          40           8  -1.1121727885282651      -0.21132718508801163     
          45           8 -0.97058054921606018       0.17763403451762083     
          50           8 -0.87821913057006817       0.22500196807398454     
          55           8  -1.0937199085014893       0.15175515301293907     
          60           8  -1.0199457690751590       6.04884268932959213E-002
          65           8 -0.91507053863959520       3.39260686972597814E-002
          70           8   0.0000000000000000        0.0000000000000000     
          75           8 -0.85006487981265089       0.18569500832163466     
          80           8 -0.91010428241555807      -6.28589252461841941E-002
          85           8  -1.1878232487705365      -3.08508039940924572E-002
          90           8  -1.1000363229707322      -0.15676198766537142     
          95           8   0.0000000000000000        0.0000000000000000     
           0           9   0.0000000000000000        0.0000000000000000     
           5           9   0.0000000000000000        0.0000000000000000     
          10           9   0.0000000000000000        0.0000000000000000     
          15           9  -1.0804777742423610       0.19414040474521888     
          20           9 -0.91625961341046391       0.31981289654495204     
          25           9  -1.1448469953961871      -0.15933614731331036     
          30           9  -2.3053806155692858       2.99958190053128959E-002
          35           9  -1.1283657433919236       0.23360376062001031     
          40           9   0.0000000000000000        0.0000000000000000     
          45           9  -1.2130768790158397      -1.00454137370864505E-002
          50           9   0.0000000000000000        0.0000000000000000     
          55           9   0.0000000000000000        0.0000000000000000     
          60           9  -1.4655695490628506      -0.21366644476258911     
          65           9   0.0000000000000000        0.0000000000000000     
          70           9   0.0000000000000000        0.0000000000000000     
          75           9   0.0000000000000000        0.0000000000000000     
          80           9   0.0000000000000000        0.0000000000000000     
          85           9   0.0000000000000000        0.0000000000000000     
          90           9   0.0000000000000000        0.0000000000000000     
          95           9   0.0000000000000000        0.0000000000000000     
           0          10   0.0000000000000000        0.0000000000000000     
           5          10   0.0000000000000000        0.0000000000000000     
          10          10   0.0000000000000000        0.0000000000000000     
          15          10   0.0000000000000000        0.0000000000000000     
          20          10   0.0000000000000000        0.0000000000000000     
          25          10   0.0000000000000000        0.0000000000000000     
          30          10   0.0000000000000000        0.0000000000000000     
          35          10   0.0000000000000000        0.0000000000000000     
          40          10   0.0000000000000000        0.0000000000000000     
          45          10   0.0000000000000000        0.0000000000000000     
          50          10   0.0000000000000000        0.0000000000000000     
          55          10   0.0000000000000000        0.0000000000000000     
          60          10   0.0000000000000000        0.0000000000000000     
          65          10   0.0000000000000000        0.0000000000000000     
          70          10   0.0000000000000000        0.0000000000000000     
          75          10   0.0000000000000000        0.0000000000000000     
          80          10   0.0000000000000000        0.0000000000000000     
          85          10   0.0000000000000000        0.0000000000000000     
          90          10   0.0000000000000000        0.0000000000000000     
          95          10   0.0000000000000000        0.0000000000000000     
           0          11   0.0000000000000000        0.0000000000000000     
           5          11   0.0000000000000000        0.0000000000000000     
          10          11   0.0000000000000000        0.0000000000000000     
          15          11   0.0000000000000000        0.0000000000000000     
          20          11   0.0000000000000000        0.0000000000000000     
          25          11   0.0000000000000000        0.0000000000000000     
          30          11   0.0000000000000000        0.0000000000000000     
          35          11   0.0000000000000000        0.0000000000000000     
          40          11   0.0000000000000000        0.0000000000000000     
          45          11   0.0000000000000000        0.0000000000000000     
          50          11   0.0000000000000000        0.0000000000000000     
          55          11   0.0000000000000000        0.0000000000000000     
          60          11   0.0000000000000000        0.0000000000000000     
          65          11   0.0000000000000000        0.0000000000000000     
          70          11   0.0000000000000000        0.0000000000000000     
          75          11   0.0000000000000000        0.0000000000000000     
          80          11   0.0000000000000000        0.0000000000000000     
          85          11   0.0000000000000000        0.0000000000000000     
          90          11   0.0000000000000000        0.0000000000000000     
          95          11   0.0000000000000000        0.0000000000000000     
           0          12   0.0000000000000000        0.0000000000000000     
           5          12   0.0000000000000000        0.0000000000000000     
          10          12   0.0000000000000000        0.0000000000000000     
          15          12   0.0000000000000000        0.0000000000000000     
          20          12   0.0000000000000000        0.0000000000000000     
          25          12   0.0000000000000000        0.0000000000000000     
          30          12   0.0000000000000000        0.0000000000000000     
          35          12   0.0000000000000000        0.0000000000000000     
          40          12   0.0000000000000000        0.0000000000000000     
          45          12   0.0000000000000000        0.0000000000000000     
          50          12   0.0000000000000000        0.0000000000000000     
          55          12   0.0000000000000000        0.0000000000000000     
          60          12   0.0000000000000000        0.0000000000000000     
          65          12   0.0000000000000000        0.0000000000000000     
          70          12   0.0000000000000000        0.0000000000000000     
          75          12   0.0000000000000000        0.0000000000000000     
          80          12   0.0000000000000000        0.0000000000000000     
          85          12   0.0000000000000000        0.0000000000000000     
          90          12   0.0000000000000000        0.0000000000000000     
          95          12   0.0000000000000000        0.0000000000000000     
           0          13   0.0000000000000000        0.0000000000000000     
           5          13   0.0000000000000000        0.0000000000000000     
          10          13   0.0000000000000000        0.0000000000000000     
          15          13   0.0000000000000000        0.0000000000000000     
          20          13   0.0000000000000000        0.0000000000000000     
          25          13   0.0000000000000000        0.0000000000000000     
          30          13   0.0000000000000000        0.0000000000000000     
          35          13   0.0000000000000000        0.0000000000000000     
          40          13   0.0000000000000000        0.0000000000000000     
          45          13   0.0000000000000000        0.0000000000000000     
          50          13   0.0000000000000000        0.0000000000000000     
          55          13   0.0000000000000000        0.0000000000000000     
          60          13   0.0000000000000000        0.0000000000000000     
          65          13   0.0000000000000000        0.0000000000000000     
          70          13   0.0000000000000000        0.0000000000000000     
          75          13   0.0000000000000000        0.0000000000000000     
          80          13   0.0000000000000000        0.0000000000000000     
          85          13   0.0000000000000000        0.0000000000000000     
          90          13   0.0000000000000000        0.0000000000000000     
          95          13   0.0000000000000000        0.0000000000000000     
           0          14   0.0000000000000000        0.0000000000000000     
           5          14   0.0000000000000000        0.0000000000000000     
          10          14   0.0000000000000000        0.0000000000000000     
          15          14   0.0000000000000000        0.0000000000000000     
          20          14   0.0000000000000000        0.0000000000000000     
          25          14   0.0000000000000000        0.0000000000000000     
          30          14   0.0000000000000000        0.0000000000000000     
          35          14   0.0000000000000000        0.0000000000000000     
          40          14   0.0000000000000000        0.0000000000000000     
          45          14   0.0000000000000000        0.0000000000000000     
          50          14   0.0000000000000000        0.0000000000000000     
          55          14   0.0000000000000000        0.0000000000000000     
          60          14   0.0000000000000000        0.0000000000000000     
          65          14   0.0000000000000000        0.0000000000000000     
          70          14   0.0000000000000000        0.0000000000000000     
          75          14   0.0000000000000000        0.0000000000000000     
          80          14   0.0000000000000000        0.0000000000000000     
          85          14   0.0000000000000000        0.0000000000000000     
          90          14   0.0000000000000000        0.0000000000000000     
          95          14   0.0000000000000000        0.0000000000000000     
           0          15   0.0000000000000000        0.0000000000000000     
           5          15   0.0000000000000000        0.0000000000000000     
          10          15   0.0000000000000000        0.0000000000000000     
          15          15   0.0000000000000000        0.0000000000000000     
          20          15   0.0000000000000000        0.0000000000000000     
          25          15   0.0000000000000000        0.0000000000000000     
          30          15   0.0000000000000000        0.0000000000000000     
          35          15   0.0000000000000000        0.0000000000000000     
          40          15   0.0000000000000000        0.0000000000000000     
          45          15   0.0000000000000000        0.0000000000000000     
          50          15   0.0000000000000000        0.0000000000000000     
          55          15   0.0000000000000000        0.0000000000000000     
          60          15   0.0000000000000000        0.0000000000000000     
          65          15   0.0000000000000000        0.0000000000000000     
          70          15   0.0000000000000000        0.0000000000000000     
          75          15   0.0000000000000000        0.0000000000000000     
          80          15   0.0000000000000000        0.0000000000000000     
          85          15   0.0000000000000000        0.0000000000000000     
          90          15   0.0000000000000000        0.0000000000000000     
          95          15   0.0000000000000000        0.0000000000000000     
           0          16   0.0000000000000000        0.0000000000000000     
           5          16   0.0000000000000000        0.0000000000000000     
          10          16   0.0000000000000000        0.0000000000000000     
          15          16   0.0000000000000000        0.0000000000000000     
          20          16   0.0000000000000000        0.0000000000000000     
          25          16   0.0000000000000000        0.0000000000000000     
          30          16   0.0000000000000000        0.0000000000000000     
          35          16   0.0000000000000000        0.0000000000000000     
          40          16   0.0000000000000000        0.0000000000000000     
          45          16   0.0000000000000000        0.0000000000000000     
          50          16   0.0000000000000000        0.0000000000000000     
          55          16   0.0000000000000000        0.0000000000000000     
          60          16   0.0000000000000000        0.0000000000000000     
          65          16   0.0000000000000000        0.0000000000000000     
          70          16   0.0000000000000000        0.0000000000000000     
          75          16   0.0000000000000000        0.0000000000000000     
          80          16   0.0000000000000000        0.0000000000000000     
          85          16   0.0000000000000000        0.0000000000000000     
          90          16   0.0000000000000000        0.0000000000000000     
          95          16   0.0000000000000000        0.0000000000000000     
