           0           0   0.0000000000000000        0.0000000000000000     
           5           0   0.0000000000000000        0.0000000000000000     
          10           0   0.0000000000000000        0.0000000000000000     
          15           0   0.0000000000000000        0.0000000000000000     
          20           0   0.0000000000000000        0.0000000000000000     
          25           0   0.0000000000000000        0.0000000000000000     
          30           0   0.0000000000000000        0.0000000000000000     
          35           0   0.0000000000000000        0.0000000000000000     
          40           0   0.0000000000000000        0.0000000000000000     
          45           0   0.0000000000000000        0.0000000000000000     
          50           0   0.0000000000000000        0.0000000000000000     
          55           0   0.0000000000000000        0.0000000000000000     
          60           0   0.0000000000000000        0.0000000000000000     
          65           0   0.0000000000000000        0.0000000000000000     
          70           0   0.0000000000000000        0.0000000000000000     
          75           0   0.0000000000000000        0.0000000000000000     
          80           0   0.0000000000000000        0.0000000000000000     
          85           0   0.0000000000000000        0.0000000000000000     
          90           0   0.0000000000000000        0.0000000000000000     
          95           0   0.0000000000000000        0.0000000000000000     
           0           1 -2.33700166090734796E-002 -2.10964279228134655E-002
           5           1 -4.19478104773246541E-002 -9.70954187572148353E-003
          10           1 -0.72876303330582370      -0.23986089173547165     
          15           1 -0.24766801218767398       7.66704738100476568E-002
          20           1 -0.30968997262847964      -6.98898494420549521E-002
          25           1 -0.26376914826597986       5.53871752928709882E-002
          30           1 -0.41125988197499019       1.67681881158010526E-002
          35           1 -0.28459253374968352       0.23765723327734758     
          40           1 -0.17604344347221801      -7.58670546453094063E-002
          45           1 -0.20523626965363029       0.13030846805589871     
          50           1 -0.11658030796168894      -0.15634614133109431     
          55           1 -0.27766599858702889       0.19394904126971910     
          60           1 -0.14101827209400675      -0.14434191790192036     
          65           1 -4.03797345316370127E-002  4.55312515675564133E-002
          70           1 -0.18547640051047587      -0.10926855555239146     
          75           1 -0.24742979163994150       0.12849590224251958     
          80           1 -0.16600149548962051      -0.16345118816615475     
          85           1 -0.32377635961866602       3.40677284643361999E-002
          90           1 -2.36062578096163378E-002 -8.04657782516038367E-003
          95           1 -0.17517209296546987       7.08001513574640917E-002
           0           2 -0.85484933740080726      -0.35410026118325860     
           5           2 -0.45039422385123595       9.66615596534672883E-002
          10           2 -0.87162207727989327      -0.18845049531035496     
          15           2 -0.43352429876131193       9.03979522126271973E-002
          20           2  -1.3914787818747332      -0.33272695435987432     
          25           2 -0.96462863480251126       5.72429370970795048E-002
          30           2 -0.26132922840649275      -0.37387497749351989     
          35           2 -0.39956878286562247      -1.69326486465157244E-002
          40           2 -0.25617128271815393       0.20502752574102362     
          45           2 -0.66749008319988423       0.19933219599255203     
          50           2 -0.48623486063048560      -0.12524119306918380     
          55           2 -0.85791533806500730       0.10871721025134534     
          60           2 -0.11947496609376884       9.81523092791897200E-003
          65           2 -0.44214210190296477      -0.18328543672792297     
          70           2 -0.36749977040950732      -9.40377401126638035E-002
          75           2 -0.25075697958176768      -4.66270418863004577E-002
          80           2 -0.23257908480789347       5.22157532353503817E-002
          85           2   0.0000000000000000        0.0000000000000000     
          90           2 -0.38527330235016422       2.05102351692049156E-002
          95           2 -0.25147219771759488       0.13087075971879997     
           0           3 -0.39787009950413216      -0.12122355478559610     
           5           3  -1.3119167638528384      -1.07847269778527100E-002
          10           3 -0.41239739335965919      -7.79196905092288672E-002
          15           3 -0.90531743599298053       2.06917145526702706E-002
          20           3 -0.43608840533032600      -9.59494838932706262E-002
          25           3 -0.51905735125701291      -6.77355290711056934E-003
          30           3 -0.25002897584058825      -0.14997637831269672     
          35           3 -0.48282332891336210       1.40835033207720173E-002
          40           3 -0.45588158824771963       0.16074994627184036     
          45           3 -0.22473237630993292       4.52991366227395442E-002
          50           3 -0.44967331294887281      -8.04376771646603261E-002
          55           3   0.0000000000000000        0.0000000000000000     
          60           3 -0.44271080720026390      -6.99964595350655028E-002
          65           3 -0.34966821990667363      -4.12287500221181213E-002
          70           3  -1.1537231255953628      -0.12283352864014135     
          75           3 -0.56200155115426753       7.61251141991048375E-003
          80           3 -0.56000192460214926       5.04693540931064333E-002
          85           3 -0.62995064741055984      -1.91591213599337507E-002
          90           3 -0.21511995581868781       0.10170762612997375     
          95           3  -1.0585125192519307      -8.08429068854810140E-002
           0           4 -0.49824007203485599       6.36331320474220474E-002
           5           4 -0.46540885182147496      -1.71297989318142108E-002
          10           4 -0.61769161202152034       0.20870906101290443     
          15           4 -0.84757168605120725      -0.12013797745187571     
          20           4 -0.61329784150243594      -3.93643457952813636E-002
          25           4 -0.68441191581725125      -0.24433345406020546     
          30           4 -0.59994136340280058       0.14490466846830974     
          35           4 -0.43546705681796194       8.83323116974282785E-002
          40           4 -0.21473263672855403      -1.00287721825631504E-002
          45           4 -0.47443251151746413       0.17970524290665535     
          50           4 -0.96393917265791274      -4.21843677788497073E-002
          55           4 -0.88801825361750630       0.42007805360746997     
          60           4 -0.63050958256316569      -7.54075466927878191E-002
          65           4 -0.31853149241922729       6.80833341539649473E-002
          70           4 -0.58655225169568226      -9.29395918287251321E-002
          75           4 -0.79864935135121051       4.02948393305596619E-002
          80           4 -0.70504817572869527      -4.80269164195024079E-003
          85           4 -0.52755047319386073      -0.38560820954255948     
          90           4 -0.86393929824124527       0.15960878682892699     
          95           4 -0.67473026653774859      -3.33199773586839720E-002
           0           5 -0.67117047547507813       0.19788822991660682     
           5           5 -0.56348764423563846      -0.24707208459588681     
          10           5 -0.54690953433050860      -3.98902532672273935E-002
          15           5 -0.75198020488664863       5.40624129011235688E-002
          20           5 -0.77193235279743311       8.68538332032819937E-003
          25           5 -0.94374031868904584      -0.22334924883744833     
          30           5 -0.85674803028512603       7.68667077574031188E-002
          35           5 -0.75931018336194978       0.15796560720003627     
          40           5 -0.38438063682533219       9.07057680782363818E-002
          45           5   0.0000000000000000        0.0000000000000000     
          50           5 -0.72673318926796959      -7.73558511279331951E-002
          55           5 -0.73696247984145202       0.26031143251441236     
          60           5 -0.78705533489542567      -4.78087627110018731E-002
          65           5 -0.68558087504944076       5.62588619352349939E-002
          70           5 -0.75947851146396239      -0.15806188312490754     
          75           5   0.0000000000000000        0.0000000000000000     
          80           5  -1.2850736847869193       0.12363519994416927     
          85           5 -0.53316427873539851      -0.28499287138959717     
          90           5 -0.50574014061610661       5.23428320192004248E-002
          95           5 -0.49069647216404277      -1.63757670719466564E-002
           0           6 -0.79156973405724440       0.20668203747228886     
           5           6 -0.62453423098671190      -7.67383447035363542E-002
          10           6 -0.67316432874608978       9.80558048736812626E-002
          15           6 -0.51703275998654652       2.64585292608643385E-002
          20           6 -0.60262807474065205       6.12583944621658549E-002
          25           6 -0.85612284101810321      -9.20243762266709231E-002
          30           6 -0.87761893481641540      -0.14600704074593795     
          35           6 -0.52648637623831096       1.26207966975183661E-002
          40           6 -0.56869966281236639       7.64511848542342998E-002
          45           6  -1.6658714459794055       0.37372667175038232     
          50           6 -0.85782155597513565      -2.95515107495702978E-002
          55           6 -0.66122655386302576       5.23354071001180809E-002
          60           6 -0.72912753480536274       4.01143406418558168E-002
          65           6  -1.4896490118565531       2.29079569847440156E-002
          70           6 -0.72557065059597470      -0.16576568665979674     
          75           6 -0.56707275925105272      -0.25765603270909432     
          80           6 -0.79080011814114393       0.10897360096087660     
          85           6 -0.81088672284734820      -9.62457138560524061E-002
          90           6 -0.72375748373487703       7.89789711296007280E-002
          95           6   0.0000000000000000        0.0000000000000000     
           0           7  -1.0093505130202374      -0.14103689634406558     
           5           7 -0.95887539065031557      -6.90783745264933469E-002
          10           7 -0.91389851525069954       0.32145505056743739     
          15           7 -0.93387911531295220      -3.17965966860345173E-002
          20           7  -1.0066369216499282      -4.22459073957937026E-002
          25           7  -1.1019100701564755      -0.28771912716288317     
          30           7  -1.0360707367446098      -2.91533545908329028E-002
          35           7  -1.1230808390910729       4.49732866857066593E-002
          40           7  -1.7074142525863589       0.49150023304300738     
          45           7  -1.0290345807312251       0.13771383806912563     
          50           7  -1.0302856255017812      -6.15908218644378724E-002
          55           7 -0.85860509709712041       0.24705895023083291     
          60           7 -0.85026076727667821       0.28063324066449069     
          65           7 -0.81470342266354301       5.36587743495131608E-002
          70           7 -0.67673314095739734      -0.18310398234647196     
          75           7  -1.1077077766163956      -0.18377675896588674     
          80           7  -1.0732776575850256       0.14925156177597598     
          85           7 -0.80010651927309162      -0.22633771895444466     
          90           7  -1.8226100941320933      -0.21887098473685751     
          95           7  -1.8369951337215973      -6.06194294677786516E-003
           0           8  -1.0146377755016789      -5.14041224285166631E-002
           5           8 -0.86967768008247570      -0.28033972864119350     
          10           8 -0.76045573563582325       0.23173037043064393     
          15           8  -1.2971502181280403      -0.21110423318801419     
          20           8  -1.2070519658757828       0.18118747616077679     
          25           8  -1.1486768591301155      -3.54447423352166613E-002
          30           8  -1.2424196594978953       8.02280233209995419E-002
          35           8  -1.3636724987892146       0.14082206592727631     
          40           8  -1.0057874628494057       0.50758152846844262     
          45           8  -1.0909347056214935      -5.62706974240045898E-002
          50           8  -1.1891967300126094      -0.18936126838495215     
          55           8 -0.91253837188109976       0.35349998934605664     
          60           8  -1.0843685628836308       8.76972655676488966E-002
          65           8 -0.97476717164757254       5.60856614988114455E-002
          70           8  -1.2732726122888227      -0.11073610136705381     
          75           8  -2.2577112034238844      -0.28341342005022696     
          80           8  -2.0191317274220744       0.39174504270989008     
          85           8  -1.1211705851199572      -1.61468550714805037E-002
          90           8 -0.80603126824230209      -0.13737999520743727     
          95           8   0.0000000000000000        0.0000000000000000     
           0           9  -1.0415183713084015      -1.81290294752611825E-002
           5           9   0.0000000000000000        0.0000000000000000     
          10           9   0.0000000000000000        0.0000000000000000     
          15           9   0.0000000000000000        0.0000000000000000     
          20           9  -1.3534415353949614       0.30494113011106383     
          25           9   0.0000000000000000        0.0000000000000000     
          30           9   0.0000000000000000        0.0000000000000000     
          35           9   0.0000000000000000        0.0000000000000000     
          40           9   0.0000000000000000        0.0000000000000000     
          45           9   0.0000000000000000        0.0000000000000000     
          50           9  -1.2481517361073724      -3.41891119524928566E-002
          55           9   0.0000000000000000        0.0000000000000000     
          60           9   0.0000000000000000        0.0000000000000000     
          65           9   0.0000000000000000        0.0000000000000000     
          70           9   0.0000000000000000        0.0000000000000000     
          75           9   0.0000000000000000        0.0000000000000000     
          80           9   0.0000000000000000        0.0000000000000000     
          85           9   0.0000000000000000        0.0000000000000000     
          90           9   0.0000000000000000        0.0000000000000000     
          95           9   0.0000000000000000        0.0000000000000000     
           0          10   0.0000000000000000        0.0000000000000000     
           5          10   0.0000000000000000        0.0000000000000000     
          10          10   0.0000000000000000        0.0000000000000000     
          15          10   0.0000000000000000        0.0000000000000000     
          20          10   0.0000000000000000        0.0000000000000000     
          25          10   0.0000000000000000        0.0000000000000000     
          30          10   0.0000000000000000        0.0000000000000000     
          35          10   0.0000000000000000        0.0000000000000000     
          40          10   0.0000000000000000        0.0000000000000000     
          45          10   0.0000000000000000        0.0000000000000000     
          50          10   0.0000000000000000        0.0000000000000000     
          55          10   0.0000000000000000        0.0000000000000000     
          60          10   0.0000000000000000        0.0000000000000000     
          65          10   0.0000000000000000        0.0000000000000000     
          70          10   0.0000000000000000        0.0000000000000000     
          75          10   0.0000000000000000        0.0000000000000000     
          80          10   0.0000000000000000        0.0000000000000000     
          85          10   0.0000000000000000        0.0000000000000000     
          90          10   0.0000000000000000        0.0000000000000000     
          95          10   0.0000000000000000        0.0000000000000000     
           0          11   0.0000000000000000        0.0000000000000000     
           5          11   0.0000000000000000        0.0000000000000000     
          10          11   0.0000000000000000        0.0000000000000000     
          15          11   0.0000000000000000        0.0000000000000000     
          20          11   0.0000000000000000        0.0000000000000000     
          25          11   0.0000000000000000        0.0000000000000000     
          30          11   0.0000000000000000        0.0000000000000000     
          35          11   0.0000000000000000        0.0000000000000000     
          40          11   0.0000000000000000        0.0000000000000000     
          45          11   0.0000000000000000        0.0000000000000000     
          50          11   0.0000000000000000        0.0000000000000000     
          55          11   0.0000000000000000        0.0000000000000000     
          60          11   0.0000000000000000        0.0000000000000000     
          65          11   0.0000000000000000        0.0000000000000000     
          70          11   0.0000000000000000        0.0000000000000000     
          75          11   0.0000000000000000        0.0000000000000000     
          80          11   0.0000000000000000        0.0000000000000000     
          85          11   0.0000000000000000        0.0000000000000000     
          90          11   0.0000000000000000        0.0000000000000000     
          95          11   0.0000000000000000        0.0000000000000000     
           0          12   0.0000000000000000        0.0000000000000000     
           5          12   0.0000000000000000        0.0000000000000000     
          10          12   0.0000000000000000        0.0000000000000000     
          15          12   0.0000000000000000        0.0000000000000000     
          20          12   0.0000000000000000        0.0000000000000000     
          25          12   0.0000000000000000        0.0000000000000000     
          30          12   0.0000000000000000        0.0000000000000000     
          35          12   0.0000000000000000        0.0000000000000000     
          40          12   0.0000000000000000        0.0000000000000000     
          45          12   0.0000000000000000        0.0000000000000000     
          50          12   0.0000000000000000        0.0000000000000000     
          55          12   0.0000000000000000        0.0000000000000000     
          60          12   0.0000000000000000        0.0000000000000000     
          65          12   0.0000000000000000        0.0000000000000000     
          70          12   0.0000000000000000        0.0000000000000000     
          75          12   0.0000000000000000        0.0000000000000000     
          80          12   0.0000000000000000        0.0000000000000000     
          85          12   0.0000000000000000        0.0000000000000000     
          90          12   0.0000000000000000        0.0000000000000000     
          95          12   0.0000000000000000        0.0000000000000000     
           0          13   0.0000000000000000        0.0000000000000000     
           5          13   0.0000000000000000        0.0000000000000000     
          10          13   0.0000000000000000        0.0000000000000000     
          15          13   0.0000000000000000        0.0000000000000000     
          20          13   0.0000000000000000        0.0000000000000000     
          25          13   0.0000000000000000        0.0000000000000000     
          30          13   0.0000000000000000        0.0000000000000000     
          35          13   0.0000000000000000        0.0000000000000000     
          40          13   0.0000000000000000        0.0000000000000000     
          45          13   0.0000000000000000        0.0000000000000000     
          50          13   0.0000000000000000        0.0000000000000000     
          55          13   0.0000000000000000        0.0000000000000000     
          60          13   0.0000000000000000        0.0000000000000000     
          65          13   0.0000000000000000        0.0000000000000000     
          70          13   0.0000000000000000        0.0000000000000000     
          75          13   0.0000000000000000        0.0000000000000000     
          80          13   0.0000000000000000        0.0000000000000000     
          85          13   0.0000000000000000        0.0000000000000000     
          90          13   0.0000000000000000        0.0000000000000000     
          95          13   0.0000000000000000        0.0000000000000000     
           0          14   0.0000000000000000        0.0000000000000000     
           5          14   0.0000000000000000        0.0000000000000000     
          10          14   0.0000000000000000        0.0000000000000000     
          15          14   0.0000000000000000        0.0000000000000000     
          20          14   0.0000000000000000        0.0000000000000000     
          25          14   0.0000000000000000        0.0000000000000000     
          30          14   0.0000000000000000        0.0000000000000000     
          35          14   0.0000000000000000        0.0000000000000000     
          40          14   0.0000000000000000        0.0000000000000000     
          45          14   0.0000000000000000        0.0000000000000000     
          50          14   0.0000000000000000        0.0000000000000000     
          55          14   0.0000000000000000        0.0000000000000000     
          60          14   0.0000000000000000        0.0000000000000000     
          65          14   0.0000000000000000        0.0000000000000000     
          70          14   0.0000000000000000        0.0000000000000000     
          75          14   0.0000000000000000        0.0000000000000000     
          80          14   0.0000000000000000        0.0000000000000000     
          85          14   0.0000000000000000        0.0000000000000000     
          90          14   0.0000000000000000        0.0000000000000000     
          95          14   0.0000000000000000        0.0000000000000000     
           0          15   0.0000000000000000        0.0000000000000000     
           5          15   0.0000000000000000        0.0000000000000000     
          10          15   0.0000000000000000        0.0000000000000000     
          15          15   0.0000000000000000        0.0000000000000000     
          20          15   0.0000000000000000        0.0000000000000000     
          25          15   0.0000000000000000        0.0000000000000000     
          30          15   0.0000000000000000        0.0000000000000000     
          35          15   0.0000000000000000        0.0000000000000000     
          40          15   0.0000000000000000        0.0000000000000000     
          45          15   0.0000000000000000        0.0000000000000000     
          50          15   0.0000000000000000        0.0000000000000000     
          55          15   0.0000000000000000        0.0000000000000000     
          60          15   0.0000000000000000        0.0000000000000000     
          65          15   0.0000000000000000        0.0000000000000000     
          70          15   0.0000000000000000        0.0000000000000000     
          75          15   0.0000000000000000        0.0000000000000000     
          80          15   0.0000000000000000        0.0000000000000000     
          85          15   0.0000000000000000        0.0000000000000000     
          90          15   0.0000000000000000        0.0000000000000000     
          95          15   0.0000000000000000        0.0000000000000000     
           0          16   0.0000000000000000        0.0000000000000000     
           5          16   0.0000000000000000        0.0000000000000000     
          10          16   0.0000000000000000        0.0000000000000000     
          15          16   0.0000000000000000        0.0000000000000000     
          20          16   0.0000000000000000        0.0000000000000000     
          25          16   0.0000000000000000        0.0000000000000000     
          30          16   0.0000000000000000        0.0000000000000000     
          35          16   0.0000000000000000        0.0000000000000000     
          40          16   0.0000000000000000        0.0000000000000000     
          45          16   0.0000000000000000        0.0000000000000000     
          50          16   0.0000000000000000        0.0000000000000000     
          55          16   0.0000000000000000        0.0000000000000000     
          60          16   0.0000000000000000        0.0000000000000000     
          65          16   0.0000000000000000        0.0000000000000000     
          70          16   0.0000000000000000        0.0000000000000000     
          75          16   0.0000000000000000        0.0000000000000000     
          80          16   0.0000000000000000        0.0000000000000000     
          85          16   0.0000000000000000        0.0000000000000000     
          90          16   0.0000000000000000        0.0000000000000000     
          95          16   0.0000000000000000        0.0000000000000000     
