           0           0   0.0000000000000000        0.0000000000000000     
           5           0   0.0000000000000000        0.0000000000000000     
          10           0   0.0000000000000000        0.0000000000000000     
          15           0   0.0000000000000000        0.0000000000000000     
          20           0   0.0000000000000000        0.0000000000000000     
          25           0   0.0000000000000000        0.0000000000000000     
          30           0   0.0000000000000000        0.0000000000000000     
          35           0   0.0000000000000000        0.0000000000000000     
          40           0   0.0000000000000000        0.0000000000000000     
          45           0   0.0000000000000000        0.0000000000000000     
          50           0   0.0000000000000000        0.0000000000000000     
          55           0   0.0000000000000000        0.0000000000000000     
          60           0   0.0000000000000000        0.0000000000000000     
          65           0   0.0000000000000000        0.0000000000000000     
          70           0   0.0000000000000000        0.0000000000000000     
          75           0   0.0000000000000000        0.0000000000000000     
          80           0   0.0000000000000000        0.0000000000000000     
          85           0   0.0000000000000000        0.0000000000000000     
          90           0   0.0000000000000000        0.0000000000000000     
          95           0   0.0000000000000000        0.0000000000000000     
           0           1 -7.81149733815973274E-002 -0.21998044716715209     
           5           1 -5.03012912918265886E-002  2.29074463406649109E-002
          10           1 -0.35766592627287097       0.22739075439206016     
          15           1 -0.14979586397928513       6.66069231244036108E-002
          20           1 -4.82043936789189331E-002 -3.65206219376384977E-002
          25           1 -5.86054620627107781E-002  2.97709479449292935E-002
          30           1 -0.43364828731462524      -6.76943719886413664E-002
          35           1 -0.28459819957582511       6.84419902504361521E-002
          40           1 -8.31952615898412517E-002 -4.70508897453501829E-002
          45           1 -5.25183480587498863E-002  3.00728100441002844E-002
          50           1 -0.26174633565800853       0.12209732997571499     
          55           1 -9.27274130213540104E-002  3.65219590223696267E-002
          60           1 -0.22497346082728242      -3.70400902283476996E-002
          65           1 -7.46612601443263912E-002  6.29461603496653255E-002
          70           1 -0.43638556205483070      -0.39957419699249497     
          75           1 -0.12032666009464954       6.13075632135973159E-003
          80           1 -7.67940011792145327E-002 -3.89062697696979098E-002
          85           1 -0.72049391898643123      -0.33366496354731573     
          90           1  3.59559283014121434E-003  2.73011754741564472E-003
          95           1 -0.22754840166339108       0.15432867055747632     
           0           2 -0.50086614372505101       0.11958443416303088     
           5           2 -0.32457759840988365       1.23093142178481996E-002
          10           2 -0.33596440979805076       0.24187245653062295     
          15           2 -0.11657623070204792       9.69490134035758122E-002
          20           2 -0.24941135459172203      -2.60319094466318623E-002
          25           2 -0.17869075581711247      -3.86961578903791126E-002
          30           2   0.0000000000000000        0.0000000000000000     
          35           2 -0.69944643284469699       0.15964115826098968     
          40           2 -0.26894316107750615       0.21827566938081855     
          45           2 -0.55122591433698354       0.13521368501037689     
          50           2 -0.12958898950699016       5.11139006323380052E-002
          55           2 -0.14095309128436817       2.97138669264757072E-002
          60           2 -0.25229427957684791      -6.93600551143064292E-002
          65           2 -0.53361419184660974      -0.34698804591025423     
          70           2 -0.70439911883268813      -0.26320764141270908     
          75           2 -0.58284132475883155      -6.87133557373403869E-002
          80           2 -0.86675261238178258       0.27120593840228996     
          85           2 -0.32232253210695561      -9.14255364769731016E-002
          90           2 -0.15171658041546188       6.33895466491465887E-002
          95           2 -0.70388310880131755       6.84172827918050341E-002
           0           3 -0.27134463442143875      -5.41242813240777609E-002
           5           3 -0.65892665164171693      -8.63720654251803888E-003
          10           3 -0.31433863977289866       5.57407890097727510E-002
          15           3 -0.45774994305469718      -6.69757913765098301E-002
          20           3 -0.55412552175837515      -2.00561276450170189E-002
          25           3 -0.39571615102873547       0.11919431739670916     
          30           3 -0.54559036978485409       0.21854563899331714     
          35           3 -0.53569938553932328      -4.73694691530135437E-002
          40           3 -0.80665026779336291       0.12596126343175640     
          45           3 -0.43303712157105601      -0.22851323815020752     
          50           3 -0.32258175679311663       0.11710040020262991     
          55           3 -0.73879217882932835       0.18517734246614043     
          60           3 -0.86575929185817024      -0.17724409562908106     
          65           3  -1.0733739497059691      -0.32809208990333683     
          70           3 -0.72285526028448288       0.11344612180393121     
          75           3 -0.71452102236357895      -0.10721171686631920     
          80           3   0.0000000000000000        0.0000000000000000     
          85           3 -0.45295553484314688      -0.19326494986739162     
          90           3 -0.12528787997623247      -4.95736377153013774E-002
          95           3 -0.46065293888397640      -0.13984847521360255     
           0           4 -0.40741592448311281       0.19811406738477755     
           5           4   0.0000000000000000        0.0000000000000000     
          10           4 -0.42844902815794561       8.11622791689614598E-002
          15           4 -0.93488744799335999      -8.77419752686597887E-002
          20           4 -0.62201668337397154      -7.88874156432139984E-002
          25           4 -0.51554542367548972       3.66833951186834595E-002
          30           4 -0.17092055181577859       6.87223267483577649E-002
          35           4 -0.37459034811393455      -9.86915272937344268E-002
          40           4 -0.55386010374691708       3.48144297578761863E-002
          45           4 -0.43634231777389676      -0.14172001000754830     
          50           4 -0.47183136302808570       9.52385127415272814E-002
          55           4 -0.94495533770611040       0.18874786763663221     
          60           4  -1.4442649699586418      -0.48022926148215406     
          65           4 -0.59624733154906018      -0.21227764188044840     
          70           4  -1.4634877430708126       0.17655147357263645     
          75           4 -0.56757015278630085      -0.30287307237218675     
          80           4  -1.0271393609717627      -6.17473350082720085E-002
          85           4 -0.34276982577630122      -0.12637587732740319     
          90           4 -0.30011179317446235       0.17411626875622754     
          95           4 -0.32124958431745121      -3.89202076394451479E-002
           0           5 -0.60791852314216743       0.23960699789139783     
           5           5  -1.1862652249280958       4.08302893482870299E-002
          10           5  -1.0824939014539292       0.24728294985315591     
          15           5 -0.56270461532614835      -1.45811806581686021E-002
          20           5 -0.65302584131787800       1.55832950162609896E-002
          25           5   0.0000000000000000        0.0000000000000000     
          30           5 -0.58735867490111726       5.60286646481000794E-002
          35           5  -1.3598813020132550      -0.44526287437243739     
          40           5 -0.73549958583385422      -2.83838730948809959E-002
          45           5 -0.60978949415202433       0.10777008350580652     
          50           5  -1.4893653645908778       1.35950393470585240E-003
          55           5 -0.70315681616084369       0.24050302296442505     
          60           5 -0.83363671822156427      -0.37002647225441165     
          65           5 -0.62006188587981903      -7.26328785858459947E-002
          70           5 -0.67879239811330372      -3.62443344289337110E-002
          75           5 -0.55258356398746322      -0.26341296350991528     
          80           5 -0.76708733168895371      -1.04479931533479897E-002
          85           5 -0.45911879845483838       2.50788611829561026E-002
          90           5   0.0000000000000000        0.0000000000000000     
          95           5 -0.47574194878774456       7.82172605625491846E-002
           0           6 -0.56406353995870973       0.22324900436729300     
           5           6  -1.2714806006060981       6.69389028923328411E-002
          10           6 -0.63860955535330333       5.75074108360995595E-003
          15           6 -0.58734315401820503       7.64807157600799759E-002
          20           6 -0.70278543259250092      -8.96563515619119844E-002
          25           6 -0.76678781814887298       0.18684040423308512     
          30           6 -0.86528068474422959      -0.11015581496305604     
          35           6 -0.76060283752343860      -0.16176982602457424     
          40           6 -0.65197359601643079      -4.12262662280449277E-002
          45           6 -0.63647800441490876       1.60334275604856469E-002
          50           6   0.0000000000000000        0.0000000000000000     
          55           6 -0.79319856978288250       0.28215663229150256     
          60           6 -0.82080701131581613      -0.18022544072696101     
          65           6 -0.72653190159033265      -5.33456580366353794E-002
          70           6 -0.81987671383010330      -8.64771338367209541E-002
          75           6  -1.4803146242226006      -0.37842786151230656     
          80           6 -0.73839330939629022      -7.28961589682719513E-002
          85           6 -0.56065070229927016       0.14924811700955942     
          90           6 -0.61893346566477270       0.17575319596320471     
          95           6 -0.49549957697014868      -7.77477321541042432E-002
           0           7 -0.76197503890380880       0.35290277824465144     
           5           7 -0.77441833392671855       9.66828453018153677E-002
          10           7   0.0000000000000000        0.0000000000000000     
          15           7 -0.69948179991508042       0.10542679145145173     
          20           7 -0.66891105324262679      -7.64012623348520048E-002
          25           7 -0.74869526295096023       0.23300858048636020     
          30           7  -1.0012268761511178       3.23891940616494178E-002
          35           7  -1.5386072083345415      -0.25427931797300518     
          40           7 -0.65887423640720311      -3.22645920161623856E-003
          45           7 -0.80019607264947279       8.74035507746062645E-002
          50           7  -1.6433706910512491       0.20236743546925284     
          55           7 -0.89527731998884086      -0.10533864727893527     
          60           7 -0.89941155549388974      -7.32798820941849005E-002
          65           7 -0.77074504724605752      -7.58428319934389972E-002
          70           7  -1.8458740951876607      -0.37932075658025921     
          75           7 -0.75943204133177566       0.20389938145529141     
          80           7 -0.86210486116677920       6.11464972696817988E-003
          85           7 -0.73782754831830388       6.75156426062362147E-002
          90           7  -1.6124617280621756      -7.92018138622008205E-002
          95           7 -0.80143563276791063       4.86414902768628199E-002
           0           8 -0.74894467749694271       0.45440918118797025     
           5           8  -1.0330155791204998      -0.21548602789842053     
          10           8 -0.62389433722331855      -4.33198729889172629E-002
          15           8  -1.0207102488318798       7.13298504285975188E-002
          20           8 -0.77882909003734735       7.28064144621398679E-002
          25           8  -1.4997279545259090      -0.11877909071533743     
          30           8  -1.0116158857703672      -2.02444080568686680E-003
          35           8  -1.0217183761079829      -9.72759262542199910E-002
          40           8  -1.1500774859879437       7.70902372833337513E-002
          45           8 -0.97916022430311056       1.16469146708986226E-002
          50           8 -0.93881095683312488      -0.11659002093142301     
          55           8  -1.3918820998048975      -0.19700552567628038     
          60           8 -0.81771755314874461       2.87100764755077176E-002
          65           8 -0.85996369907914705       7.96379593996643376E-002
          70           8   0.0000000000000000        0.0000000000000000     
          75           8  -1.1562541837417672      -6.47681384789711156E-002
          80           8  -1.2658369585494267      -1.33989118171473631E-002
          85           8  -1.3404582355824868      -0.15488199565608096     
          90           8  -1.1295122333387919      -5.83076327832776631E-002
          95           8 -0.95674016885038959       3.13848717113651698E-002
           0           9   0.0000000000000000        0.0000000000000000     
           5           9   0.0000000000000000        0.0000000000000000     
          10           9 -0.88110226267507086      -0.20864187767963283     
          15           9 -0.96271514029022676      -7.41808842556757053E-002
          20           9 -0.87446754954367822       0.10382846860654271     
          25           9   0.0000000000000000        0.0000000000000000     
          30           9   0.0000000000000000        0.0000000000000000     
          35           9   0.0000000000000000        0.0000000000000000     
          40           9   0.0000000000000000        0.0000000000000000     
          45           9   0.0000000000000000        0.0000000000000000     
          50           9   0.0000000000000000        0.0000000000000000     
          55           9  -1.0435026547794823       0.12811889494770967     
          60           9   0.0000000000000000        0.0000000000000000     
          65           9   0.0000000000000000        0.0000000000000000     
          70           9   0.0000000000000000        0.0000000000000000     
          75           9   0.0000000000000000        0.0000000000000000     
          80           9   0.0000000000000000        0.0000000000000000     
          85           9   0.0000000000000000        0.0000000000000000     
          90           9   0.0000000000000000        0.0000000000000000     
          95           9   0.0000000000000000        0.0000000000000000     
           0          10   0.0000000000000000        0.0000000000000000     
           5          10   0.0000000000000000        0.0000000000000000     
          10          10   0.0000000000000000        0.0000000000000000     
          15          10   0.0000000000000000        0.0000000000000000     
          20          10   0.0000000000000000        0.0000000000000000     
          25          10   0.0000000000000000        0.0000000000000000     
          30          10   0.0000000000000000        0.0000000000000000     
          35          10   0.0000000000000000        0.0000000000000000     
          40          10   0.0000000000000000        0.0000000000000000     
          45          10   0.0000000000000000        0.0000000000000000     
          50          10   0.0000000000000000        0.0000000000000000     
          55          10   0.0000000000000000        0.0000000000000000     
          60          10   0.0000000000000000        0.0000000000000000     
          65          10   0.0000000000000000        0.0000000000000000     
          70          10   0.0000000000000000        0.0000000000000000     
          75          10   0.0000000000000000        0.0000000000000000     
          80          10   0.0000000000000000        0.0000000000000000     
          85          10   0.0000000000000000        0.0000000000000000     
          90          10   0.0000000000000000        0.0000000000000000     
          95          10   0.0000000000000000        0.0000000000000000     
           0          11   0.0000000000000000        0.0000000000000000     
           5          11   0.0000000000000000        0.0000000000000000     
          10          11   0.0000000000000000        0.0000000000000000     
          15          11   0.0000000000000000        0.0000000000000000     
          20          11   0.0000000000000000        0.0000000000000000     
          25          11   0.0000000000000000        0.0000000000000000     
          30          11   0.0000000000000000        0.0000000000000000     
          35          11   0.0000000000000000        0.0000000000000000     
          40          11   0.0000000000000000        0.0000000000000000     
          45          11   0.0000000000000000        0.0000000000000000     
          50          11   0.0000000000000000        0.0000000000000000     
          55          11   0.0000000000000000        0.0000000000000000     
          60          11   0.0000000000000000        0.0000000000000000     
          65          11   0.0000000000000000        0.0000000000000000     
          70          11   0.0000000000000000        0.0000000000000000     
          75          11   0.0000000000000000        0.0000000000000000     
          80          11   0.0000000000000000        0.0000000000000000     
          85          11   0.0000000000000000        0.0000000000000000     
          90          11   0.0000000000000000        0.0000000000000000     
          95          11   0.0000000000000000        0.0000000000000000     
           0          12   0.0000000000000000        0.0000000000000000     
           5          12   0.0000000000000000        0.0000000000000000     
          10          12   0.0000000000000000        0.0000000000000000     
          15          12   0.0000000000000000        0.0000000000000000     
          20          12   0.0000000000000000        0.0000000000000000     
          25          12   0.0000000000000000        0.0000000000000000     
          30          12   0.0000000000000000        0.0000000000000000     
          35          12   0.0000000000000000        0.0000000000000000     
          40          12   0.0000000000000000        0.0000000000000000     
          45          12   0.0000000000000000        0.0000000000000000     
          50          12   0.0000000000000000        0.0000000000000000     
          55          12   0.0000000000000000        0.0000000000000000     
          60          12   0.0000000000000000        0.0000000000000000     
          65          12   0.0000000000000000        0.0000000000000000     
          70          12   0.0000000000000000        0.0000000000000000     
          75          12   0.0000000000000000        0.0000000000000000     
          80          12   0.0000000000000000        0.0000000000000000     
          85          12   0.0000000000000000        0.0000000000000000     
          90          12   0.0000000000000000        0.0000000000000000     
          95          12   0.0000000000000000        0.0000000000000000     
           0          13   0.0000000000000000        0.0000000000000000     
           5          13   0.0000000000000000        0.0000000000000000     
          10          13   0.0000000000000000        0.0000000000000000     
          15          13   0.0000000000000000        0.0000000000000000     
          20          13   0.0000000000000000        0.0000000000000000     
          25          13   0.0000000000000000        0.0000000000000000     
          30          13   0.0000000000000000        0.0000000000000000     
          35          13   0.0000000000000000        0.0000000000000000     
          40          13   0.0000000000000000        0.0000000000000000     
          45          13   0.0000000000000000        0.0000000000000000     
          50          13   0.0000000000000000        0.0000000000000000     
          55          13   0.0000000000000000        0.0000000000000000     
          60          13   0.0000000000000000        0.0000000000000000     
          65          13   0.0000000000000000        0.0000000000000000     
          70          13   0.0000000000000000        0.0000000000000000     
          75          13   0.0000000000000000        0.0000000000000000     
          80          13   0.0000000000000000        0.0000000000000000     
          85          13   0.0000000000000000        0.0000000000000000     
          90          13   0.0000000000000000        0.0000000000000000     
          95          13   0.0000000000000000        0.0000000000000000     
           0          14   0.0000000000000000        0.0000000000000000     
           5          14   0.0000000000000000        0.0000000000000000     
          10          14   0.0000000000000000        0.0000000000000000     
          15          14   0.0000000000000000        0.0000000000000000     
          20          14   0.0000000000000000        0.0000000000000000     
          25          14   0.0000000000000000        0.0000000000000000     
          30          14   0.0000000000000000        0.0000000000000000     
          35          14   0.0000000000000000        0.0000000000000000     
          40          14   0.0000000000000000        0.0000000000000000     
          45          14   0.0000000000000000        0.0000000000000000     
          50          14   0.0000000000000000        0.0000000000000000     
          55          14   0.0000000000000000        0.0000000000000000     
          60          14   0.0000000000000000        0.0000000000000000     
          65          14   0.0000000000000000        0.0000000000000000     
          70          14   0.0000000000000000        0.0000000000000000     
          75          14   0.0000000000000000        0.0000000000000000     
          80          14   0.0000000000000000        0.0000000000000000     
          85          14   0.0000000000000000        0.0000000000000000     
          90          14   0.0000000000000000        0.0000000000000000     
          95          14   0.0000000000000000        0.0000000000000000     
           0          15   0.0000000000000000        0.0000000000000000     
           5          15   0.0000000000000000        0.0000000000000000     
          10          15   0.0000000000000000        0.0000000000000000     
          15          15   0.0000000000000000        0.0000000000000000     
          20          15   0.0000000000000000        0.0000000000000000     
          25          15   0.0000000000000000        0.0000000000000000     
          30          15   0.0000000000000000        0.0000000000000000     
          35          15   0.0000000000000000        0.0000000000000000     
          40          15   0.0000000000000000        0.0000000000000000     
          45          15   0.0000000000000000        0.0000000000000000     
          50          15   0.0000000000000000        0.0000000000000000     
          55          15   0.0000000000000000        0.0000000000000000     
          60          15   0.0000000000000000        0.0000000000000000     
          65          15   0.0000000000000000        0.0000000000000000     
          70          15   0.0000000000000000        0.0000000000000000     
          75          15   0.0000000000000000        0.0000000000000000     
          80          15   0.0000000000000000        0.0000000000000000     
          85          15   0.0000000000000000        0.0000000000000000     
          90          15   0.0000000000000000        0.0000000000000000     
          95          15   0.0000000000000000        0.0000000000000000     
           0          16   0.0000000000000000        0.0000000000000000     
           5          16   0.0000000000000000        0.0000000000000000     
          10          16   0.0000000000000000        0.0000000000000000     
          15          16   0.0000000000000000        0.0000000000000000     
          20          16   0.0000000000000000        0.0000000000000000     
          25          16   0.0000000000000000        0.0000000000000000     
          30          16   0.0000000000000000        0.0000000000000000     
          35          16   0.0000000000000000        0.0000000000000000     
          40          16   0.0000000000000000        0.0000000000000000     
          45          16   0.0000000000000000        0.0000000000000000     
          50          16   0.0000000000000000        0.0000000000000000     
          55          16   0.0000000000000000        0.0000000000000000     
          60          16   0.0000000000000000        0.0000000000000000     
          65          16   0.0000000000000000        0.0000000000000000     
          70          16   0.0000000000000000        0.0000000000000000     
          75          16   0.0000000000000000        0.0000000000000000     
          80          16   0.0000000000000000        0.0000000000000000     
          85          16   0.0000000000000000        0.0000000000000000     
          90          16   0.0000000000000000        0.0000000000000000     
          95          16   0.0000000000000000        0.0000000000000000     
