           0           0   0.0000000000000000        0.0000000000000000     
           5           0   0.0000000000000000        0.0000000000000000     
          10           0   0.0000000000000000        0.0000000000000000     
          15           0   0.0000000000000000        0.0000000000000000     
          20           0   0.0000000000000000        0.0000000000000000     
          25           0   0.0000000000000000        0.0000000000000000     
          30           0   0.0000000000000000        0.0000000000000000     
          35           0   0.0000000000000000        0.0000000000000000     
          40           0   0.0000000000000000        0.0000000000000000     
          45           0   0.0000000000000000        0.0000000000000000     
          50           0   0.0000000000000000        0.0000000000000000     
          55           0   0.0000000000000000        0.0000000000000000     
          60           0   0.0000000000000000        0.0000000000000000     
          65           0   0.0000000000000000        0.0000000000000000     
          70           0   0.0000000000000000        0.0000000000000000     
          75           0   0.0000000000000000        0.0000000000000000     
          80           0   0.0000000000000000        0.0000000000000000     
          85           0   0.0000000000000000        0.0000000000000000     
          90           0   0.0000000000000000        0.0000000000000000     
          95           0   0.0000000000000000        0.0000000000000000     
           0           1 -0.14656856496091542      -5.44936108026056187E-003
           5           1 -0.13285471333897292       7.61324850505687434E-002
          10           1 -9.85084928413482164E-002 -0.10350124199245622     
          15           1 -8.74504775122408873E-003  7.97670008667594743E-002
          20           1 -0.23945313847806293      -0.15103231926244520     
          25           1  5.27406468753266466E-002  8.73780979214304476E-002
          30           1 -0.11262663299871356      -2.96892434221984747E-002
          35           1 -8.79747663129482049E-002  6.29146892331018670E-002
          40           1 -0.12452039315380414      -4.28617245270754288E-002
          45           1 -0.22269671279218084      -5.96630159712535635E-002
          50           1 -3.16373577147199825E-002 -0.17253105909460081     
          55           1 -0.15949609966425804       0.11927663305009994     
          60           1 -0.11353027901561674      -7.85776001088235587E-002
          65           1 -0.20648348519780590       1.69819030053364184E-002
          70           1 -0.18273002287183537      -6.91574995782297253E-002
          75           1 -0.11277618668370515       0.13896946147940598     
          80           1 -0.14688931191497723      -3.08448490087334659E-002
          85           1 -7.30366812462523995E-002  8.70537198636479881E-002
          90           1 -0.18358430373566215      -4.48256165205135337E-002
          95           1 -0.24715287349375004       5.15334468000235024E-002
           0           2 -0.35996023833504120      -5.75262306382398614E-002
           5           2 -0.11903095043445944       8.44586691157306335E-002
          10           2 -5.58980855282220634E-002  0.13503010759394890     
          15           2 -0.18052009237212729       0.19297382939976321     
          20           2 -0.92212454947698808       9.79564788518988427E-002
          25           2 -0.74561574660347851       0.25738443986029341     
          30           2 -0.67643053521582175      -0.34395503684156448     
          35           2 -0.46203254356336210       5.80458460702412693E-002
          40           2 -0.18290644735963202      -4.16304469067624305E-003
          45           2 -0.66791828887302618      -2.44585557311258195E-002
          50           2 -0.28226331156511186      -0.14770589185111177     
          55           2 -0.71769213505823437       7.11537728940656033E-002
          60           2 -0.23600670669421397      -5.63218144071508942E-002
          65           2 -0.24683822032023350       8.67218909627806567E-002
          70           2 -0.35012671084189151      -3.61354089853035965E-002
          75           2  -1.0240233709435387       3.24644392597078779E-002
          80           2 -0.16892663232792593      -2.62143185323845951E-002
          85           2 -0.14188822775595966       6.46367012454088230E-002
          90           2 -0.46145117263196589      -7.41796839019009946E-002
          95           2 -0.33339964469303318       8.12894098640645768E-002
           0           3 -0.81093485500427143       3.69564516509990337E-002
           5           3  -1.0090614634256090       0.22091914781360161     
          10           3  -1.1052133997080382       0.10667308137035647     
          15           3 -0.96637570821206387       0.20279165195369320     
          20           3 -0.97023654510974833      -0.18504648118221334     
          25           3 -0.39423235981383975       9.95258492091088964E-002
          30           3   0.0000000000000000        0.0000000000000000     
          35           3 -0.52371000788864475       5.75892042586206854E-002
          40           3 -0.56358053950322784       7.94533645569889257E-002
          45           3 -0.24554794013031955      -0.29903877971353132     
          50           3 -0.41590421285486734       0.10471216434847219     
          55           3  -1.0495077549999010      -1.40344036379802528E-002
          60           3 -0.51735669456043354       0.25463228485827355     
          65           3 -0.50193613587046215       0.14895056510689370     
          70           3 -0.45249331704355633       0.12478714973694627     
          75           3 -0.53331534413669779      -9.64626711842664353E-002
          80           3 -0.40149637976494290       0.11985327932277634     
          85           3  -1.2979107831156966       5.52823864925083841E-003
          90           3 -0.82106247400126620      -2.97636271283027720E-002
          95           3 -0.35167568903093915       0.12415567457294691     
           0           4 -0.49709015137030294      -1.85263535259355683E-002
           5           4 -0.93688755531493029       0.13100710651206549     
          10           4 -0.64248243682077377       0.13149305909447573     
          15           4 -0.28977374020910940       0.16728752095733490     
          20           4 -0.50811498299885294      -3.17506629262526152E-002
          25           4 -0.85166106730261149      -0.25537256209566539     
          30           4  -1.1728477386707681      -0.34826165146328858     
          35           4 -0.64229564149698160       7.22767487690983979E-002
          40           4 -0.40303623832060875       0.19897610495096807     
          45           4 -0.47894057425890146      -0.16105310371598847     
          50           4 -0.47754298547864060       6.02699916674859226E-002
          55           4  -1.1396701304333678       0.10059726416766779     
          60           4 -0.58188310008144839       0.18953938545680782     
          65           4 -0.34437342272930493       0.10040539251465752     
          70           4 -0.84426997902120604       0.12180867392158623     
          75           4 -0.82962759196947289      -2.06668792557263004E-002
          80           4  -1.1167173059489777      -0.14856875154969917     
          85           4 -0.55017070594076678       5.41548095586014133E-002
          90           4 -0.69593749462137922      -0.13840106694473775     
          95           4 -0.46858945684791209       8.47692080860329433E-002
           0           5 -0.53873193263720420       7.89795123348063788E-002
           5           5 -0.56262526348084541      -2.14459604977457197E-003
          10           5 -0.69838949155409669       0.14328616302218544     
          15           5 -0.65978792723908608       9.95089476672067486E-002
          20           5 -0.71594179692824333       0.11242205607088496     
          25           5 -0.67095819254736622      -0.14706153196833438     
          30           5 -0.69763721017468416      -0.12621243908376989     
          35           5 -0.79848046338371059       4.03105550767640652E-002
          40           5 -0.62646583879166773      -6.17258808926351987E-002
          45           5  -1.1414070543835919      -0.34730497699017593     
          50           5 -0.56735910370142584       0.14690762314605033     
          55           5 -0.59794467759610725       0.15182415760955914     
          60           5 -0.50674742185119470       0.18739223264681304     
          65           5 -0.61184762548793792       0.15906488128110408     
          70           5 -0.43827968509546622       0.14020401161295160     
          75           5 -0.53431684988392014      -0.55211868455230795     
          80           5 -0.61862342035090556      -4.17468214429506101E-002
          85           5 -0.55457985253304365      -8.09539979073486959E-002
          90           5 -0.68986914277036071      -0.14986005564578131     
          95           5 -0.80310951815709686      -8.75866490697430056E-002
           0           6 -0.64544793335997730      -1.10218772965409162E-002
           5           6 -0.69626257984081730       0.17540349592934379     
          10           6 -0.69932078584133972       0.10329239101561360     
          15           6 -0.81185626676472111       0.31166623746262112     
          20           6 -0.56384084969440806       9.82112964963144375E-002
          25           6 -0.30969722205231864      -0.20635081118866583     
          30           6 -0.78294332444384107      -0.17538077814863162     
          35           6 -0.83886261134036300       6.59747101401653158E-002
          40           6 -0.64756724372561081       2.55134012680513500E-002
          45           6 -0.74385836799806260      -0.20872624123771666     
          50           6 -0.60245889466181701       0.17585094169207671     
          55           6 -0.71254937096920656       6.99514408031287616E-002
          60           6 -0.79306070785101213       0.14631692911507010     
          65           6 -0.86859652153825628       5.19120483878643402E-002
          70           6 -0.61537779811771109       0.31785936351766408     
          75           6 -0.50169937644617413      -0.13598915194687478     
          80           6 -0.73516644392479513      -8.78090819521337718E-002
          85           6 -0.67449754093229508      -2.66850897955028810E-002
          90           6 -0.60065689368227204      -7.41586166141949832E-003
          95           6 -0.82712966664177934      -4.31917788062952113E-004
           0           7 -0.92254805885875768       2.82152971188553980E-002
           5           7 -0.79209149760950393       0.17357951313759501     
          10           7 -0.98484265580789376       5.43679669785801511E-002
          15           7  -1.4583262932879593       0.63027103011426000     
          20           7 -0.87395420984404115      -0.16646124934044382     
          25           7 -0.74761873544104684      -1.85661624356459054E-002
          30           7 -0.86877012854091884      -0.11557602910869380     
          35           7  -1.6388749385215506      -7.61118633077484397E-003
          40           7 -0.86846214272739974      -8.64928522613384043E-002
          45           7 -0.92767769873269845      -0.26815683695072257     
          50           7  -1.6554418155112494       0.27374780278560662     
          55           7 -0.75341910503623488       0.14390034563285803     
          60           7  -1.0039180280863036       0.18086560946151131     
          65           7 -0.43207018230351224       0.29689815303407530     
          70           7 -0.69338303849808547       0.21759403134355426     
          75           7 -0.75899058402328912      -0.16932150198115115     
          80           7 -0.90549184430632756      -2.02785370786995323E-003
          85           7 -0.85896136798768730      -3.33682896369591475E-003
          90           7 -0.88573215456855259       9.60259883787950574E-002
          95           7 -0.82719564139854818       5.29671115782892610E-002
           0           8  -1.0287047708040440       0.11407057150039646     
           5           8 -0.78178302908293862       0.18259509677306940     
          10           8  -1.0427804187573830       0.11542957719753999     
          15           8 -0.75890514831422617       0.49070188432517869     
          20           8  -1.5300435477771934       0.70183183677074990     
          25           8 -0.90090989729063597      -7.78879519033881529E-003
          30           8  -1.0208021302998693      -1.79389454620093591E-002
          35           8  -1.2877779901682151      -0.19917786151693595     
          40           8 -0.92325152171113256       0.21254866511430381     
          45           8 -0.93045709389727449      -0.13214621593288234     
          50           8  -1.0006401224094130       0.10882893921412840     
          55           8  -1.0148150245792298       7.07224223824021170E-002
          60           8 -0.74227458850439909       0.28158005733150415     
          65           8  -1.1135669023454309       7.69257718223614884E-002
          70           8 -0.96452348621434147       4.00662112544358795E-002
          75           8 -0.75219073906063194      -9.19435422731817997E-002
          80           8   0.0000000000000000        0.0000000000000000     
          85           8   0.0000000000000000        0.0000000000000000     
          90           8 -0.94295972537072892       8.12824965122638243E-002
          95           8  -1.1156968853309746      -0.14703549662389848     
           0           9   0.0000000000000000        0.0000000000000000     
           5           9 -0.98292190814086577      -0.13656365077344135     
          10           9  -1.1627105918210479       0.11282154346189954     
          15           9   0.0000000000000000        0.0000000000000000     
          20           9   0.0000000000000000        0.0000000000000000     
          25           9  -1.1295970606356454       7.95553425499140321E-002
          30           9  -1.3952760210939052       2.79988972375078138E-002
          35           9  -1.2639214204573923      -1.76111894155395188E-002
          40           9 -0.84719467781269042       6.53597615242473839E-002
          45           9  -1.0001205077475595       0.27143874686316738     
          50           9   0.0000000000000000        0.0000000000000000     
          55           9   0.0000000000000000        0.0000000000000000     
          60           9   0.0000000000000000        0.0000000000000000     
          65           9   0.0000000000000000        0.0000000000000000     
          70           9   0.0000000000000000        0.0000000000000000     
          75           9   0.0000000000000000        0.0000000000000000     
          80           9   0.0000000000000000        0.0000000000000000     
          85           9 -0.82622708939994460       0.23086510359024426     
          90           9  -1.2785664594094914       9.09657428070642649E-002
          95           9   0.0000000000000000        0.0000000000000000     
           0          10   0.0000000000000000        0.0000000000000000     
           5          10   0.0000000000000000        0.0000000000000000     
          10          10   0.0000000000000000        0.0000000000000000     
          15          10   0.0000000000000000        0.0000000000000000     
          20          10   0.0000000000000000        0.0000000000000000     
          25          10   0.0000000000000000        0.0000000000000000     
          30          10   0.0000000000000000        0.0000000000000000     
          35          10   0.0000000000000000        0.0000000000000000     
          40          10   0.0000000000000000        0.0000000000000000     
          45          10   0.0000000000000000        0.0000000000000000     
          50          10   0.0000000000000000        0.0000000000000000     
          55          10   0.0000000000000000        0.0000000000000000     
          60          10   0.0000000000000000        0.0000000000000000     
          65          10   0.0000000000000000        0.0000000000000000     
          70          10   0.0000000000000000        0.0000000000000000     
          75          10   0.0000000000000000        0.0000000000000000     
          80          10   0.0000000000000000        0.0000000000000000     
          85          10   0.0000000000000000        0.0000000000000000     
          90          10   0.0000000000000000        0.0000000000000000     
          95          10   0.0000000000000000        0.0000000000000000     
           0          11   0.0000000000000000        0.0000000000000000     
           5          11   0.0000000000000000        0.0000000000000000     
          10          11   0.0000000000000000        0.0000000000000000     
          15          11   0.0000000000000000        0.0000000000000000     
          20          11   0.0000000000000000        0.0000000000000000     
          25          11   0.0000000000000000        0.0000000000000000     
          30          11   0.0000000000000000        0.0000000000000000     
          35          11   0.0000000000000000        0.0000000000000000     
          40          11   0.0000000000000000        0.0000000000000000     
          45          11   0.0000000000000000        0.0000000000000000     
          50          11   0.0000000000000000        0.0000000000000000     
          55          11   0.0000000000000000        0.0000000000000000     
          60          11   0.0000000000000000        0.0000000000000000     
          65          11   0.0000000000000000        0.0000000000000000     
          70          11   0.0000000000000000        0.0000000000000000     
          75          11   0.0000000000000000        0.0000000000000000     
          80          11   0.0000000000000000        0.0000000000000000     
          85          11   0.0000000000000000        0.0000000000000000     
          90          11   0.0000000000000000        0.0000000000000000     
          95          11   0.0000000000000000        0.0000000000000000     
           0          12   0.0000000000000000        0.0000000000000000     
           5          12   0.0000000000000000        0.0000000000000000     
          10          12   0.0000000000000000        0.0000000000000000     
          15          12   0.0000000000000000        0.0000000000000000     
          20          12   0.0000000000000000        0.0000000000000000     
          25          12   0.0000000000000000        0.0000000000000000     
          30          12   0.0000000000000000        0.0000000000000000     
          35          12   0.0000000000000000        0.0000000000000000     
          40          12   0.0000000000000000        0.0000000000000000     
          45          12   0.0000000000000000        0.0000000000000000     
          50          12   0.0000000000000000        0.0000000000000000     
          55          12   0.0000000000000000        0.0000000000000000     
          60          12   0.0000000000000000        0.0000000000000000     
          65          12   0.0000000000000000        0.0000000000000000     
          70          12   0.0000000000000000        0.0000000000000000     
          75          12   0.0000000000000000        0.0000000000000000     
          80          12   0.0000000000000000        0.0000000000000000     
          85          12   0.0000000000000000        0.0000000000000000     
          90          12   0.0000000000000000        0.0000000000000000     
          95          12   0.0000000000000000        0.0000000000000000     
           0          13   0.0000000000000000        0.0000000000000000     
           5          13   0.0000000000000000        0.0000000000000000     
          10          13   0.0000000000000000        0.0000000000000000     
          15          13   0.0000000000000000        0.0000000000000000     
          20          13   0.0000000000000000        0.0000000000000000     
          25          13   0.0000000000000000        0.0000000000000000     
          30          13   0.0000000000000000        0.0000000000000000     
          35          13   0.0000000000000000        0.0000000000000000     
          40          13   0.0000000000000000        0.0000000000000000     
          45          13   0.0000000000000000        0.0000000000000000     
          50          13   0.0000000000000000        0.0000000000000000     
          55          13   0.0000000000000000        0.0000000000000000     
          60          13   0.0000000000000000        0.0000000000000000     
          65          13   0.0000000000000000        0.0000000000000000     
          70          13   0.0000000000000000        0.0000000000000000     
          75          13   0.0000000000000000        0.0000000000000000     
          80          13   0.0000000000000000        0.0000000000000000     
          85          13   0.0000000000000000        0.0000000000000000     
          90          13   0.0000000000000000        0.0000000000000000     
          95          13   0.0000000000000000        0.0000000000000000     
           0          14   0.0000000000000000        0.0000000000000000     
           5          14   0.0000000000000000        0.0000000000000000     
          10          14   0.0000000000000000        0.0000000000000000     
          15          14   0.0000000000000000        0.0000000000000000     
          20          14   0.0000000000000000        0.0000000000000000     
          25          14   0.0000000000000000        0.0000000000000000     
          30          14   0.0000000000000000        0.0000000000000000     
          35          14   0.0000000000000000        0.0000000000000000     
          40          14   0.0000000000000000        0.0000000000000000     
          45          14   0.0000000000000000        0.0000000000000000     
          50          14   0.0000000000000000        0.0000000000000000     
          55          14   0.0000000000000000        0.0000000000000000     
          60          14   0.0000000000000000        0.0000000000000000     
          65          14   0.0000000000000000        0.0000000000000000     
          70          14   0.0000000000000000        0.0000000000000000     
          75          14   0.0000000000000000        0.0000000000000000     
          80          14   0.0000000000000000        0.0000000000000000     
          85          14   0.0000000000000000        0.0000000000000000     
          90          14   0.0000000000000000        0.0000000000000000     
          95          14   0.0000000000000000        0.0000000000000000     
           0          15   0.0000000000000000        0.0000000000000000     
           5          15   0.0000000000000000        0.0000000000000000     
          10          15   0.0000000000000000        0.0000000000000000     
          15          15   0.0000000000000000        0.0000000000000000     
          20          15   0.0000000000000000        0.0000000000000000     
          25          15   0.0000000000000000        0.0000000000000000     
          30          15   0.0000000000000000        0.0000000000000000     
          35          15   0.0000000000000000        0.0000000000000000     
          40          15   0.0000000000000000        0.0000000000000000     
          45          15   0.0000000000000000        0.0000000000000000     
          50          15   0.0000000000000000        0.0000000000000000     
          55          15   0.0000000000000000        0.0000000000000000     
          60          15   0.0000000000000000        0.0000000000000000     
          65          15   0.0000000000000000        0.0000000000000000     
          70          15   0.0000000000000000        0.0000000000000000     
          75          15   0.0000000000000000        0.0000000000000000     
          80          15   0.0000000000000000        0.0000000000000000     
          85          15   0.0000000000000000        0.0000000000000000     
          90          15   0.0000000000000000        0.0000000000000000     
          95          15   0.0000000000000000        0.0000000000000000     
           0          16   0.0000000000000000        0.0000000000000000     
           5          16   0.0000000000000000        0.0000000000000000     
          10          16   0.0000000000000000        0.0000000000000000     
          15          16   0.0000000000000000        0.0000000000000000     
          20          16   0.0000000000000000        0.0000000000000000     
          25          16   0.0000000000000000        0.0000000000000000     
          30          16   0.0000000000000000        0.0000000000000000     
          35          16   0.0000000000000000        0.0000000000000000     
          40          16   0.0000000000000000        0.0000000000000000     
          45          16   0.0000000000000000        0.0000000000000000     
          50          16   0.0000000000000000        0.0000000000000000     
          55          16   0.0000000000000000        0.0000000000000000     
          60          16   0.0000000000000000        0.0000000000000000     
          65          16   0.0000000000000000        0.0000000000000000     
          70          16   0.0000000000000000        0.0000000000000000     
          75          16   0.0000000000000000        0.0000000000000000     
          80          16   0.0000000000000000        0.0000000000000000     
          85          16   0.0000000000000000        0.0000000000000000     
          90          16   0.0000000000000000        0.0000000000000000     
          95          16   0.0000000000000000        0.0000000000000000     
           0          17   0.0000000000000000        0.0000000000000000     
           5          17   0.0000000000000000        0.0000000000000000     
          10          17   0.0000000000000000        0.0000000000000000     
          15          17   0.0000000000000000        0.0000000000000000     
          20          17   0.0000000000000000        0.0000000000000000     
          25          17   0.0000000000000000        0.0000000000000000     
          30          17   0.0000000000000000        0.0000000000000000     
          35          17   0.0000000000000000        0.0000000000000000     
          40          17   0.0000000000000000        0.0000000000000000     
          45          17   0.0000000000000000        0.0000000000000000     
          50          17   0.0000000000000000        0.0000000000000000     
          55          17   0.0000000000000000        0.0000000000000000     
          60          17   0.0000000000000000        0.0000000000000000     
          65          17   0.0000000000000000        0.0000000000000000     
          70          17   0.0000000000000000        0.0000000000000000     
          75          17   0.0000000000000000        0.0000000000000000     
          80          17   0.0000000000000000        0.0000000000000000     
          85          17   0.0000000000000000        0.0000000000000000     
          90          17   0.0000000000000000        0.0000000000000000     
          95          17   0.0000000000000000        0.0000000000000000     
           0          18   0.0000000000000000        0.0000000000000000     
           5          18   0.0000000000000000        0.0000000000000000     
          10          18   0.0000000000000000        0.0000000000000000     
          15          18   0.0000000000000000        0.0000000000000000     
          20          18   0.0000000000000000        0.0000000000000000     
          25          18   0.0000000000000000        0.0000000000000000     
          30          18   0.0000000000000000        0.0000000000000000     
          35          18   0.0000000000000000        0.0000000000000000     
          40          18   0.0000000000000000        0.0000000000000000     
          45          18   0.0000000000000000        0.0000000000000000     
          50          18   0.0000000000000000        0.0000000000000000     
          55          18   0.0000000000000000        0.0000000000000000     
          60          18   0.0000000000000000        0.0000000000000000     
          65          18   0.0000000000000000        0.0000000000000000     
          70          18   0.0000000000000000        0.0000000000000000     
          75          18   0.0000000000000000        0.0000000000000000     
          80          18   0.0000000000000000        0.0000000000000000     
          85          18   0.0000000000000000        0.0000000000000000     
          90          18   0.0000000000000000        0.0000000000000000     
          95          18   0.0000000000000000        0.0000000000000000     
           0          19   0.0000000000000000        0.0000000000000000     
           5          19   0.0000000000000000        0.0000000000000000     
          10          19   0.0000000000000000        0.0000000000000000     
          15          19   0.0000000000000000        0.0000000000000000     
          20          19   0.0000000000000000        0.0000000000000000     
          25          19   0.0000000000000000        0.0000000000000000     
          30          19   0.0000000000000000        0.0000000000000000     
          35          19   0.0000000000000000        0.0000000000000000     
          40          19   0.0000000000000000        0.0000000000000000     
          45          19   0.0000000000000000        0.0000000000000000     
          50          19   0.0000000000000000        0.0000000000000000     
          55          19   0.0000000000000000        0.0000000000000000     
          60          19   0.0000000000000000        0.0000000000000000     
          65          19   0.0000000000000000        0.0000000000000000     
          70          19   0.0000000000000000        0.0000000000000000     
          75          19   0.0000000000000000        0.0000000000000000     
          80          19   0.0000000000000000        0.0000000000000000     
          85          19   0.0000000000000000        0.0000000000000000     
          90          19   0.0000000000000000        0.0000000000000000     
          95          19   0.0000000000000000        0.0000000000000000     
           0          20   0.0000000000000000        0.0000000000000000     
           5          20   0.0000000000000000        0.0000000000000000     
          10          20   0.0000000000000000        0.0000000000000000     
          15          20   0.0000000000000000        0.0000000000000000     
          20          20   0.0000000000000000        0.0000000000000000     
          25          20   0.0000000000000000        0.0000000000000000     
          30          20   0.0000000000000000        0.0000000000000000     
          35          20   0.0000000000000000        0.0000000000000000     
          40          20   0.0000000000000000        0.0000000000000000     
          45          20   0.0000000000000000        0.0000000000000000     
          50          20   0.0000000000000000        0.0000000000000000     
          55          20   0.0000000000000000        0.0000000000000000     
          60          20   0.0000000000000000        0.0000000000000000     
          65          20   0.0000000000000000        0.0000000000000000     
          70          20   0.0000000000000000        0.0000000000000000     
          75          20   0.0000000000000000        0.0000000000000000     
          80          20   0.0000000000000000        0.0000000000000000     
          85          20   0.0000000000000000        0.0000000000000000     
          90          20   0.0000000000000000        0.0000000000000000     
          95          20   0.0000000000000000        0.0000000000000000     
           0          21   0.0000000000000000        0.0000000000000000     
           5          21   0.0000000000000000        0.0000000000000000     
          10          21   0.0000000000000000        0.0000000000000000     
          15          21   0.0000000000000000        0.0000000000000000     
          20          21   0.0000000000000000        0.0000000000000000     
          25          21   0.0000000000000000        0.0000000000000000     
          30          21   0.0000000000000000        0.0000000000000000     
          35          21   0.0000000000000000        0.0000000000000000     
          40          21   0.0000000000000000        0.0000000000000000     
          45          21   0.0000000000000000        0.0000000000000000     
          50          21   0.0000000000000000        0.0000000000000000     
          55          21   0.0000000000000000        0.0000000000000000     
          60          21   0.0000000000000000        0.0000000000000000     
          65          21   0.0000000000000000        0.0000000000000000     
          70          21   0.0000000000000000        0.0000000000000000     
          75          21   0.0000000000000000        0.0000000000000000     
          80          21   0.0000000000000000        0.0000000000000000     
          85          21   0.0000000000000000        0.0000000000000000     
          90          21   0.0000000000000000        0.0000000000000000     
          95          21   0.0000000000000000        0.0000000000000000     
