           0           0   0.0000000000000000        0.0000000000000000     
           5           0   0.0000000000000000        0.0000000000000000     
          10           0   0.0000000000000000        0.0000000000000000     
          15           0   0.0000000000000000        0.0000000000000000     
          20           0   0.0000000000000000        0.0000000000000000     
          25           0   0.0000000000000000        0.0000000000000000     
          30           0   0.0000000000000000        0.0000000000000000     
          35           0   0.0000000000000000        0.0000000000000000     
          40           0   0.0000000000000000        0.0000000000000000     
          45           0   0.0000000000000000        0.0000000000000000     
          50           0   0.0000000000000000        0.0000000000000000     
          55           0   0.0000000000000000        0.0000000000000000     
          60           0   0.0000000000000000        0.0000000000000000     
          65           0   0.0000000000000000        0.0000000000000000     
          70           0   0.0000000000000000        0.0000000000000000     
          75           0   0.0000000000000000        0.0000000000000000     
          80           0   0.0000000000000000        0.0000000000000000     
          85           0   0.0000000000000000        0.0000000000000000     
          90           0   0.0000000000000000        0.0000000000000000     
          95           0   0.0000000000000000        0.0000000000000000     
           0           1 -0.78466399137529030      -0.20002813642073722     
           5           1 -0.37269412211653197       0.17978835616881336     
          10           1 -0.66886236870192239       -8.3153428169797233E-002
          15           1 -0.39550130911475412       0.12798402031820658     
          20           1 -0.33401675401861786       -2.5792793896198957E-002
          25           1  -8.3165817945651810E-002   1.8817230023285975E-002
          30           1 -0.14656076631869297       -4.1871335264859894E-002
          35           1 -0.34215572511486769        5.5499147087554462E-002
          40           1 -0.27377835521591454       -2.0927331434092422E-002
          45           1 -0.36957929001879553        7.2047719868895826E-002
          50           1  -7.7603570091122620E-002  -9.1038118671532553E-002
          55           1 -0.41282554167576535       0.14755115966078730     
          60           1 -0.31311029796476930       -4.6776624471889239E-002
          65           1 -0.20891482730656108      -0.19954172054517313     
          70           1  -4.6407839023876463E-002  -3.3058143872298495E-002
          75           1 -0.51191615572765414      -0.21775741599980997     
          80           1 -0.21095584096020303       -6.0100666472648334E-002
          85           1 -0.12651220348325332        8.7172360745037952E-002
          90           1 -0.16778490322777451      -0.16252527473182773     
          95           1 -0.39719853944686356        8.4540756449483917E-002
           0           2 -0.66075025341266913      -0.12042540107583960     
           5           2 -0.60852702853060603       -7.5844431880918439E-002
          10           2 -0.60079379061703242        2.7142058476661846E-002
          15           2 -0.52643734651719454        5.9078161615440383E-002
          20           2 -0.57523996330299809       -1.4121771982691933E-002
          25           2 -0.48501772034803547        5.8703847086831462E-002
          30           2 -0.49417051125766331       -4.5165179336538464E-002
          35           2 -0.51429168347882914       0.12059880412473856     
          40           2 -0.47418898654727482      -0.18184024801710247     
          45           2 -0.47087780236765298       0.18311969640427000     
          50           2 -0.92714933885407191      -0.13155842681494834     
          55           2 -0.80561499750886334       0.18388514414064555     
          60           2 -0.90737718726363603      -0.15771747206634601     
          65           2 -0.43841324503079981        7.3568862089638809E-002
          70           2 -0.51725690127901736      -0.17281858618496682     
          75           2 -0.58037418020129294      -0.15845745878248496     
          80           2 -0.57442142401442631      -0.14677206945434146     
          85           2 -0.53297373845739848       0.20984806082102042     
          90           2 -0.63436189425059020       -5.5600901305054296E-002
          95           2 -0.42033293374932335        2.8061552495815822E-002
           0           3  -1.2329353617310548       0.11923014895817707     
           5           3 -0.99887863402620125       0.14705319391093707     
          10           3  -1.1007703056233054        6.1567913626978110E-002
          15           3  -1.1274471083921878        1.6502259711989598E-002
          20           3  -1.0983458220528708        9.9408690582766801E-002
          25           3  -1.1159938651694734       0.19131454442631451     
          30           3 -0.95647825090638960       0.10243836689155517     
          35           3 -0.90831785676537269       0.30715730875770231     
          40           3 -0.96752210317796461       0.15812497488897764     
          45           3 -0.90354691080485328       0.37157296844177179     
          50           3 -0.44926422079760719       -1.1448357608509485E-002
          55           3 -0.42727578102974562        4.5994435352858520E-002
          60           3 -0.43812813613541834        1.5412297871206238E-002
          65           3  -1.0954285379949358      -0.42248501207486910     
          70           3  -1.0765354498298851      -0.31801881172563440     
          75           3  -1.1007844313382087      -0.22833766187078941     
          80           3  -1.1835393083325929      -0.13917827136687710     
          85           3  -1.3143633978374147      -0.14432090824179761     
          90           3  -1.3359864314155256       -1.7058806728378895E-002
          95           3  -1.3501684629402266        8.5637754715858772E-002
           0           4 -0.54236740162990837        4.4865080241832112E-002
           5           4 -0.55208068175133240       -3.4935724256904277E-002
          10           4 -0.50165584981526345        5.7298767364225012E-002
          15           4 -0.50769163281338958        6.3790570944272096E-003
          20           4 -0.53105277011383789        5.9231517946095602E-002
          25           4 -0.51390577948395855        9.0100407785578818E-002
          30           4 -0.55933947067210443       0.11677281702697495     
          35           4 -0.46507383960892046       0.14432716049270211     
          40           4 -0.52204576686643023        8.9137683862636208E-002
          45           4 -0.45113497723570095       0.15649159258064593     
          50           4 -0.44947374647885674        4.4223689785877207E-002
          55           4 -0.41995820103335468        7.7477886160706722E-002
          60           4 -0.46141526574339231        2.4517628800513336E-002
          65           4 -0.55944133618202052      -0.18349926564312224     
          70           4 -0.54221006713039976      -0.15491689846415524     
          75           4 -0.54644093941291771      -0.11723891028103672     
          80           4 -0.61479585785506607       -5.1165924879817415E-002
          85           4 -0.61624291377571083       -7.3153508883608276E-002
          90           4 -0.60713565891767907        7.0639009102507755E-003
          95           4 -0.67462943222129645       -1.7762612814636869E-003
           0           5 -0.56636282707926178       -1.7538477045456191E-002
           5           5 -0.53116293912289225        2.2023965300377313E-002
          10           5 -0.54714580381670652        1.8169086871827611E-003
          15           5 -0.55957487304802989        2.7890115535389448E-002
          20           5 -0.54647938613788805        5.8560860787051916E-002
          25           5 -0.48577033389063384       0.13091714471231974     
          30           5 -0.53809183584774267        5.8719214353838978E-002
          35           5 -0.42882260663457128       0.13270853661588589     
          40           5 -0.49497493171291040       0.10333092061019788     
          45           5 -0.44600960062424200       0.19843426171277379     
          50           5 -0.41503881289317590        5.1217820720983465E-002
          55           5 -0.34235345955035967        3.0430114567603361E-002
          60           5 -0.47301429372481607        3.8852269498845793E-002
          65           5 -0.49226428897597430      -0.15355529106877985     
          70           5 -0.48889145487396313      -0.17705400317188924     
          75           5 -0.56697221797574748      -0.11212672694778381     
          80           5 -0.57876053261352034       -4.1871428567361035E-002
          85           5 -0.61924059064466519       -7.7207777877535966E-002
          90           5 -0.59584220162944845       -8.1383185617442400E-002
          95           5 -0.60303712004161625       -3.8628736379123230E-002
           0           6 -0.53040260822720053        2.7787669404089055E-002
           5           6 -0.54191586682086901       -3.9668222512057039E-002
          10           6 -0.53921930566316889       -1.9152310630626834E-002
          15           6 -0.56083115025556962        3.2126565537304863E-002
          20           6 -0.50278368882300528        4.0923082805927047E-002
          25           6 -0.50700625002009225        9.1636786100357526E-002
          30           6 -0.55623417010819409       0.11260788188117987     
          35           6 -0.78175283678982854       0.30525677984720445     
          40           6 -0.96824129497574685       0.22213455741521004     
          45           6 -0.95694727688666603       0.23878153148179648     
          50           6 -0.84820639326799174       0.15620449069962683     
          55           6 -0.80054016249442306       0.27453342745287213     
          60           6 -0.82464833859430264       0.10802295189828170     
          65           6 -0.86767534896781129      -0.23393424886712644     
          70           6  -1.0394092805365851      -0.29836383925251064     
          75           6 -0.58177523992619662      -0.12013534751435795     
          80           6  -1.1374057884994127      -0.16978622187711900     
          85           6 -0.58942499952086003       -6.7026748576948236E-002
          90           6  -1.8513682128251663      -0.20069068079948960     
          95           6 -0.64614009708252595        7.7943292427218314E-003
           0           7  -1.5648134226963699       0.12709810831137980     
           5           7  -1.4724769403692135       -5.6536844511567708E-002
          10           7  -1.6055940412069980       -1.4375161108692858E-002
          15           7  -1.7569932061337057       0.11167248368068594     
          20           7  -1.0077069653657844        8.5869989593090335E-002
          25           7  -1.5331667378981617       0.22401108732653108     
          30           7 -0.93691926898009648        8.9932688893679114E-002
          35           7 -0.41591105212790414       0.10509000681363512     
          40           7 -0.49099614374992218       0.12211390358049523     
          45           7 -0.43942761833004607        6.9104764358340898E-002
          50           7 -0.43899058122853774       0.11916457720972939     
          55           7 -0.41351410879131301       0.18201331170877855     
          60           7 -0.36857890443053876        8.6873053807556833E-002
          65           7 -0.44487963607453551      -0.12854708726930952     
          70           7 -0.51771332037708895      -0.14783299974965858     
          75           7  -1.1402454595899059      -0.25591490486767676     
          80           7  -1.0724644091530955      -0.15904019847204354     
          85           7  -1.1605856911578449      -0.11328054498063733     
          90           7 -0.58944106923641826       -5.5818237004318094E-002
          95           7  -1.9031054554796700       -6.9178890898663470E-002
           0           8  -1.0386800503857883       0.11497875990834627     
           5           8 -0.50151424946021095       -2.1679199349172729E-002
          10           8  -1.1503962185266392        4.9715639394987132E-002
          15           8 -0.57622423817377255        4.0356677244168804E-002
          20           8 -0.51434915157355654        2.1859879408281380E-002
          25           8 -0.53698053931183765        6.3371619517527122E-002
          30           8 -0.42872698392482089        6.6126996836335383E-002
          35           8 -0.44009651983201170        7.2810127325489971E-002
          40           8 -0.91610244302486876       0.19773765038019753     
          45           8 -0.44188934804900715        7.6651355104123686E-002
          50           8 -0.43332604279466835       0.12050275575437031     
          55           8 -0.48121816342061585        3.3602559654094533E-002
          60           8 -0.42411930766594885       0.14069481354933577     
          65           8 -0.50022753702361200       -9.5539217576240398E-002
          70           8 -0.49710075771369766      -0.13063674471763820     
          75           8 -0.57257086721440587      -0.12297603475278085     
          80           8 -0.56512120112484077       -9.8030997924963836E-002
          85           8 -0.55113577706156214       -4.8812084558064184E-002
          90           8  -1.1722362624511096      -0.10674609174116112     
          95           8 -0.57182900672692050       -3.5140642774406095E-002
           0           9 -0.59160394877863853        6.1902094127957996E-002
           5           9  -1.0065984318009118       -3.6532725366383856E-002
          10           9 -0.55996078964906659        4.6479457728454410E-003
          15           9  -1.0783104776312946        5.3412146943376815E-002
          20           9 -0.51778566573540408        1.7938300702624588E-002
          25           9  -1.0384520782230622       0.15039698722851824     
          30           9 -0.42298938432161481        6.3826672863781519E-002
          35           9 -0.48288408986685294        5.0084708960729252E-002
          40           9 -0.40462808710006737       0.13468779327160951     
          45           9 -0.44713260821005463        8.1129535232649097E-002
          50           9 -0.40419777380895638        9.2969647863955229E-002
          55           9 -0.40477984378783916       0.15566603990990746     
          60           9 -0.46606776599844579       0.17623486339088390     
          65           9 -0.50663243826187809       -8.8423568848639000E-002
          70           9 -0.52942396984834161      -0.10638413543373471     
          75           9 -0.54014940343183326      -0.14284305301537348     
          80           9 -0.55749562152151988      -0.10249358382785623     
          85           9  -1.1490665093616403       -7.0388088827672002E-002
          90           9 -0.59434934889135427       -9.1472244803519898E-002
          95           9  -1.1561076198773890       -6.6126422950674169E-002
           0          10  -1.8104818761389727       0.18740972214895124     
           5          10 -0.51838374410057009       -2.4010183101857985E-002
          10          10  -1.0833490298189918       -1.0103698745433931E-002
          15          10  -1.6241589745091822        2.9818241424339753E-002
          20          10 -0.52147697847920726        1.8155092015581520E-002
          25          10  -1.4795252217891797       0.17057111700108374     
          30          10  -1.2728570073156087       0.17389283737706540     
          35          10  -1.2961630999769325        3.2909983097434425E-002
          40          10  -1.2794577437141852       0.42435414367519853     
          45          10 -0.80147716351286480       0.14347917910523256     
          50          10 -0.84384371667356461       0.28820529358208891     
          55          10 -0.88105916815961471       0.26200177442592398     
          60          10 -0.87799407912592109       0.43261348978140823     
          65          10 -0.87385491928548831      -0.18485113007921106     
          70          10 -0.94221183031484301      -0.22979599819741847     
          75          10  -1.0201976991441875      -0.29299055363307680     
          80          10  -1.1186011264863183      -0.21356290226440255     
          85          10  -1.7905942898233107      -0.12607694574451322     
          90          10  -1.7947554077557548      -0.19025196284327972     
          95          10  -1.7850536154639940       -8.4439149391490886E-002
           0          11  -1.1782491797381711       0.15011773547429774     
           5          11  -1.5827281966478146       -5.0752673116521985E-002
          10          11  -1.5935936035757492        7.0640006229610863E-002
          15          11 -0.53134502597168565       -3.4398619698505772E-003
          20          11  -1.0284744318833638        6.2094348513008768E-002
          25          11 -0.47953628390995373        5.8765220146972386E-002
          30          11 -0.83298230293238351        7.9211132348183666E-002
          35          11 -0.42357897171274583        1.7508179470937524E-002
          40          11 -0.81352460312100749       0.28429398113621884     
          45          11 -0.38208250494942142       0.11319010805088681     
          50          11 -0.47706266485536553       0.19715518874696691     
          55          11 -0.41612102791299677       0.16066203723810735     
          60          11 -0.46026102118346124       0.20704867005477690     
          65          11 -0.39643174151837712       -2.6095542224185975E-002
          70          11 -0.51995516405778375       -5.6681631147442735E-002
          75          11 -0.55019306866244122      -0.10977324974556502     
          80          11  -1.1470515770795053      -0.21148742525484154     
          85          11 -0.59612480168613757       -4.5292535616470175E-002
          90          11  -1.1772781021246459      -0.15515672804708447     
          95          11 -0.59283557917400032       -2.4992822291597383E-002
           0          12 -0.61118011654044679        5.2832644256983752E-002
           5          12  -1.0909333868146938        3.7869083121810920E-002
          10          12 -0.53588857066008688        4.7505107284295800E-002
          15          12 -0.52710039642606121       -6.6018810285228824E-003
          20          12 -0.51929453232596456        2.0813190608759413E-002
          25          12 -0.91072653017942873        9.8800553494371446E-002
          30          12 -0.44477847508050949        5.1720806019395216E-002
          35          12 -0.82062727168374927        8.6603878871466256E-002
          40          12 -0.45815188475406554       0.10204065354832426     
          45          12 -0.47492691069406234        9.4030626537344730E-002
          50          12 -0.43921000919433517       0.21983220990270946     
          55          12 -0.42337173346229662       0.15564802488363116     
          60          12 -0.46462478699660359       0.21565017588445756     
          65          12 -0.46406145477018157        5.9710802406687247E-003
          70          12 -0.55510214371778943       -3.7201476348336371E-002
          75          12  -1.1301820644216143      -0.19171814104074203     
          80          12 -0.59235271819724211      -0.11975866760272069     
          85          12  -1.1767651767025100       -7.9928072895529834E-002
          90          12 -0.57656347533741048       -9.3727106158514317E-002
          95          12  -1.2100328792963300       -8.2451156448171137E-002
           0          13  -1.1713245261286684       -5.9101250868276445E-003
           5          13 -0.53775986719482860        4.9901016527242881E-002
          10          13 -0.53189829547592438        2.2920412245941435E-002
          15          13 -0.52841908328438159        2.2670270286018201E-003
          20          13 -0.51389969992071682        3.2421999156817538E-002
          25          13 -0.46485604326240715        5.5278337519892862E-002
          30          13 -0.44280534696683471        4.6248958351646774E-002
          35          13 -0.42456038601423884        6.1974676288656383E-002
          40          13 -0.87608361041213723       0.20668816639757281     
          45          13 -0.42848553170604653        7.6473045447500443E-002
          50          13  -1.2817188530234169       0.77325553485357856     
          55          13 -0.88238728540468436       0.29573936444426963     
          60          13 -0.86462728044800485       0.30377565055833555     
          65          13 -0.44431337849815122       -6.4045734032847079E-002
          70          13 -0.52259828981937595       -5.4150523471352408E-002
          75          13 -0.58627029067337411       -6.3369576203675670E-002
          80          13  -1.1901517887313862      -0.23975454094576909     
          85          13 -0.58783364036085750       -3.0136710095773900E-002
          90          13 -0.59602106648792841       -9.0563602538895616E-002
          95          13 -0.57085150318436639       -2.7154709055232651E-002
           0          14  -1.1507245104736779      -0.18042699673148643     
           5          14  -1.6937555957612789       -7.1726249202264114E-002
          10          14  -1.0747566219909688        8.4983460751641982E-002
          15          14 -0.52627993006287843        4.1872738770765139E-003
          20          14  -1.0488018271012645        2.9025874975496802E-002
          25          14 -0.93971614509136270        6.4745986009251411E-002
          30          14 -0.86873889960759065       0.10986249972477768     
          35          14 -0.85138076759250225        7.4534280837257327E-002
          40          14 -0.86904501413909152       0.21074542714633049     
          45          14  -1.4120857426336286       0.31417962257557219     
          50          14 -0.87015313649962955       0.37874764352241463     
          55          14 -0.45625515745828515       0.17207941453128983     
          60          14 -0.97579482385090621       0.40938349170543953     
          65          14 -0.75347628045174808       -1.3407076025484521E-002
          70          14  -1.5955848825222052      -0.16205745344666234     
          75          14  -1.7776086294984950      -0.22946363961912075     
          80          14  -1.8074134637691142      -0.37521474827273416     
          85          14  -1.7703566759508238       -8.4695174723259381E-002
          90          14  -1.2105997929734436      -0.12568308507210357     
          95          14  -1.1313567674275937       -5.2550450957422612E-002
           0          15 -0.56999480135992875       -8.1258325459465652E-002
           5          15 -0.48494668977799860       -1.4154075328731697E-002
          10          15 -0.50659392154331351        3.7135311541924843E-002
          15          15  -1.0719199222924969       -6.9307827438025438E-002
          20          15 -0.51549437507986129       -2.8245454808395465E-004
          25          15 -0.49120368565080952        1.7592594992177357E-002
          30          15 -0.44346245951898400       0.13012262572442701     
          35          15 -0.41498082062385588        7.5920711555266251E-002
          40          15 -0.49203889264826106       0.10038602800799268     
          45          15 -0.37348276720028384        8.6377726498665375E-002
          50          15 -0.44036253997736807       0.21880850858274625     
          55          15 -0.93048957214736383       0.33261263873624047     
          60          15 -0.49586060387185604       0.23261857348910731     
          65          15  -1.0275835455597626        8.6204810491319339E-002
          70          15 -0.53439687041190176       -7.2606653554185829E-002
          75          15  -1.2351056932802251      -0.23110578902779677     
          80          15 -0.62631282496727891      -0.12746237926214432     
          85          15 -0.56722982149426393       -4.2063018639293404E-002
          90          15 -0.59549757095100908       -3.8772464655556504E-002
          95          15 -0.55116826357948234       -4.0049611794434892E-002
           0          16 -0.57598727375804404       -8.9093726789446492E-002
           5          16 -0.54022253171463752       -5.9634826037879840E-002
          10          16 -0.53431378494672721        2.0822079807025773E-002
          15          16 -0.51454963026692502       -1.9360919033539759E-002
          20          16 -0.51057241370167095       -9.4951453302738464E-003
          25          16 -0.51595404089332941        3.1324522585252090E-002
          30          16 -0.46925079359938504       0.15057556416453455     
          35          16 -0.44541641291140355        7.1502335495798874E-002
          40          16 -0.44873183540905526        7.4473985436918078E-002
          45          16 -0.40020936497742188       0.13874889585319128     
          50          16 -0.88098642670897398       0.42416362524971829     
          55          16 -0.45312907082539766       0.20439844654496220     
          60          16  -1.0444685487531746       0.42766925064358086     
          65          16 -0.42850596619681269       0.15996866197492965     
          70          16  -1.1558826092372687      -0.13678062324773421     
          75          16 -0.61598136317453367      -0.11660507458877145     
          80          16  -1.2603151698409309      -0.25045005031643086     
          85          16 -0.59407949963063977       -4.0027105145945541E-002
          90          16 -0.57110531438087087       -5.1377696120291638E-002
          95          16 -0.56912250988805368       -2.4353286837974775E-002
           0          17 -0.54090538437439295       -8.7016910881865250E-002
           5          17 -0.55711200944628947       -6.2580489691987928E-002
          10          17 -0.51870675456491822       -1.3178892524501329E-003
          15          17 -0.51477635090363405       -2.2549606333299721E-002
          20          17 -0.52499640394720881       -1.9161527689826041E-002
          25          17 -0.52334141854626370        2.2128621770534096E-002
          30          17  -1.0035325981222476       0.21425772612410077     
          35          17 -0.46351770786545732        7.9758307637289860E-002
          40          17 -0.96316903810289567       0.13608921871299806     
          45          17 -0.73383903807400230       0.21841018530033285     
          50          17 -0.38638294406423412       0.13577954426163830     
          55          17  -1.2409570640059542       0.52892547995786465     
          60          17  -1.2840288055115945       0.89592355539763746     
          65          17  -1.3060345931559247       0.45776886958920349     
          70          17  -1.1767332307455192      -0.19723397063520220     
          75          17  -1.1751387113878575      -0.26179895337791192     
          80          17 -0.62203944042882320      -0.12061881069502789     
          85          17 -0.60428461895578600       -5.4550353718041400E-002
          90          17 -0.58777479399085841       -1.7558444113108251E-002
          95          17  -1.0721918217204696       -8.7914172963443615E-002
           0          18  -1.1095572647747911      -0.17526663061068204     
           5          18  -1.1242159441321453      -0.19155920823465955     
          10          18  -1.0212939104561891       -4.6579333718710370E-002
          15          18  -1.0520186747259297       -2.7216302146415572E-002
          20          18  -1.0265313365587225       -4.8603509242295395E-003
          25          18  -1.0482868467276418        7.4702130840598180E-002
          30          18 -0.48078641757320906        5.9476180087614239E-002
          35          18 -0.96345780806861292       0.21477259766922163     
          40          18 -0.46798003853043557        4.1910814178036659E-002
          45          18 -0.43780978886853728       0.21934252406430321     
          50          18  -1.4026848254833357       0.32567140716144305     
          55          18   0.0000000000000000        0.0000000000000000     
          60          18 -0.84041536886680923       0.10077401840169475     
          65          18 -0.49493055190086288       0.16557421633089930     
          70          18 -0.59584224088360394       -7.8499109690266522E-002
          75          18  -1.2475109478105040      -0.23810315830152806     
          80          18  -1.4415233147091477      -0.18479298060980476     
          85          18  -1.4327104172551230       -5.4906618968675325E-002
          90          18  -1.1192660387693287        5.3926520082736573E-003
          95          18   0.0000000000000000        0.0000000000000000     
           0          19   0.0000000000000000        0.0000000000000000     
           5          19   0.0000000000000000        0.0000000000000000     
          10          19   0.0000000000000000        0.0000000000000000     
          15          19   0.0000000000000000        0.0000000000000000     
          20          19   0.0000000000000000        0.0000000000000000     
          25          19   0.0000000000000000        0.0000000000000000     
          30          19   0.0000000000000000        0.0000000000000000     
          35          19   0.0000000000000000        0.0000000000000000     
          40          19   0.0000000000000000        0.0000000000000000     
          45          19   0.0000000000000000        0.0000000000000000     
          50          19   0.0000000000000000        0.0000000000000000     
          55          19   0.0000000000000000        0.0000000000000000     
          60          19   0.0000000000000000        0.0000000000000000     
          65          19   0.0000000000000000        0.0000000000000000     
          70          19   0.0000000000000000        0.0000000000000000     
          75          19   0.0000000000000000        0.0000000000000000     
          80          19   0.0000000000000000        0.0000000000000000     
          85          19   0.0000000000000000        0.0000000000000000     
          90          19   0.0000000000000000        0.0000000000000000     
          95          19   0.0000000000000000        0.0000000000000000     
           0          20   0.0000000000000000        0.0000000000000000     
           5          20   0.0000000000000000        0.0000000000000000     
          10          20   0.0000000000000000        0.0000000000000000     
          15          20   0.0000000000000000        0.0000000000000000     
          20          20   0.0000000000000000        0.0000000000000000     
          25          20   0.0000000000000000        0.0000000000000000     
          30          20   0.0000000000000000        0.0000000000000000     
          35          20   0.0000000000000000        0.0000000000000000     
          40          20   0.0000000000000000        0.0000000000000000     
          45          20   0.0000000000000000        0.0000000000000000     
          50          20   0.0000000000000000        0.0000000000000000     
          55          20   0.0000000000000000        0.0000000000000000     
          60          20   0.0000000000000000        0.0000000000000000     
          65          20   0.0000000000000000        0.0000000000000000     
          70          20   0.0000000000000000        0.0000000000000000     
          75          20   0.0000000000000000        0.0000000000000000     
          80          20   0.0000000000000000        0.0000000000000000     
          85          20   0.0000000000000000        0.0000000000000000     
          90          20   0.0000000000000000        0.0000000000000000     
          95          20   0.0000000000000000        0.0000000000000000     
           0          21   0.0000000000000000        0.0000000000000000     
           5          21   0.0000000000000000        0.0000000000000000     
          10          21   0.0000000000000000        0.0000000000000000     
          15          21   0.0000000000000000        0.0000000000000000     
          20          21   0.0000000000000000        0.0000000000000000     
          25          21   0.0000000000000000        0.0000000000000000     
          30          21   0.0000000000000000        0.0000000000000000     
          35          21   0.0000000000000000        0.0000000000000000     
          40          21   0.0000000000000000        0.0000000000000000     
          45          21   0.0000000000000000        0.0000000000000000     
          50          21   0.0000000000000000        0.0000000000000000     
          55          21   0.0000000000000000        0.0000000000000000     
          60          21   0.0000000000000000        0.0000000000000000     
          65          21   0.0000000000000000        0.0000000000000000     
          70          21   0.0000000000000000        0.0000000000000000     
          75          21   0.0000000000000000        0.0000000000000000     
          80          21   0.0000000000000000        0.0000000000000000     
          85          21   0.0000000000000000        0.0000000000000000     
          90          21   0.0000000000000000        0.0000000000000000     
          95          21   0.0000000000000000        0.0000000000000000     
           0          22   0.0000000000000000        0.0000000000000000     
           5          22   0.0000000000000000        0.0000000000000000     
          10          22   0.0000000000000000        0.0000000000000000     
          15          22   0.0000000000000000        0.0000000000000000     
          20          22   0.0000000000000000        0.0000000000000000     
          25          22   0.0000000000000000        0.0000000000000000     
          30          22   0.0000000000000000        0.0000000000000000     
          35          22   0.0000000000000000        0.0000000000000000     
          40          22   0.0000000000000000        0.0000000000000000     
          45          22   0.0000000000000000        0.0000000000000000     
          50          22   0.0000000000000000        0.0000000000000000     
          55          22   0.0000000000000000        0.0000000000000000     
          60          22   0.0000000000000000        0.0000000000000000     
          65          22   0.0000000000000000        0.0000000000000000     
          70          22   0.0000000000000000        0.0000000000000000     
          75          22   0.0000000000000000        0.0000000000000000     
          80          22   0.0000000000000000        0.0000000000000000     
          85          22   0.0000000000000000        0.0000000000000000     
          90          22   0.0000000000000000        0.0000000000000000     
          95          22   0.0000000000000000        0.0000000000000000     
           0          23   0.0000000000000000        0.0000000000000000     
           5          23   0.0000000000000000        0.0000000000000000     
          10          23   0.0000000000000000        0.0000000000000000     
          15          23   0.0000000000000000        0.0000000000000000     
          20          23   0.0000000000000000        0.0000000000000000     
          25          23   0.0000000000000000        0.0000000000000000     
          30          23   0.0000000000000000        0.0000000000000000     
          35          23   0.0000000000000000        0.0000000000000000     
          40          23   0.0000000000000000        0.0000000000000000     
          45          23   0.0000000000000000        0.0000000000000000     
          50          23   0.0000000000000000        0.0000000000000000     
          55          23   0.0000000000000000        0.0000000000000000     
          60          23   0.0000000000000000        0.0000000000000000     
          65          23   0.0000000000000000        0.0000000000000000     
          70          23   0.0000000000000000        0.0000000000000000     
          75          23   0.0000000000000000        0.0000000000000000     
          80          23   0.0000000000000000        0.0000000000000000     
          85          23   0.0000000000000000        0.0000000000000000     
          90          23   0.0000000000000000        0.0000000000000000     
          95          23   0.0000000000000000        0.0000000000000000     
           0          24   0.0000000000000000        0.0000000000000000     
           5          24   0.0000000000000000        0.0000000000000000     
          10          24   0.0000000000000000        0.0000000000000000     
          15          24   0.0000000000000000        0.0000000000000000     
          20          24   0.0000000000000000        0.0000000000000000     
          25          24   0.0000000000000000        0.0000000000000000     
          30          24   0.0000000000000000        0.0000000000000000     
          35          24   0.0000000000000000        0.0000000000000000     
          40          24   0.0000000000000000        0.0000000000000000     
          45          24   0.0000000000000000        0.0000000000000000     
          50          24   0.0000000000000000        0.0000000000000000     
          55          24   0.0000000000000000        0.0000000000000000     
          60          24   0.0000000000000000        0.0000000000000000     
          65          24   0.0000000000000000        0.0000000000000000     
          70          24   0.0000000000000000        0.0000000000000000     
          75          24   0.0000000000000000        0.0000000000000000     
          80          24   0.0000000000000000        0.0000000000000000     
          85          24   0.0000000000000000        0.0000000000000000     
          90          24   0.0000000000000000        0.0000000000000000     
          95          24   0.0000000000000000        0.0000000000000000     
           0          25   0.0000000000000000        0.0000000000000000     
           5          25   0.0000000000000000        0.0000000000000000     
          10          25   0.0000000000000000        0.0000000000000000     
          15          25   0.0000000000000000        0.0000000000000000     
          20          25   0.0000000000000000        0.0000000000000000     
          25          25   0.0000000000000000        0.0000000000000000     
          30          25   0.0000000000000000        0.0000000000000000     
          35          25   0.0000000000000000        0.0000000000000000     
          40          25   0.0000000000000000        0.0000000000000000     
          45          25   0.0000000000000000        0.0000000000000000     
          50          25   0.0000000000000000        0.0000000000000000     
          55          25   0.0000000000000000        0.0000000000000000     
          60          25   0.0000000000000000        0.0000000000000000     
          65          25   0.0000000000000000        0.0000000000000000     
          70          25   0.0000000000000000        0.0000000000000000     
          75          25   0.0000000000000000        0.0000000000000000     
          80          25   0.0000000000000000        0.0000000000000000     
          85          25   0.0000000000000000        0.0000000000000000     
          90          25   0.0000000000000000        0.0000000000000000     
          95          25   0.0000000000000000        0.0000000000000000     
           0          26   0.0000000000000000        0.0000000000000000     
           5          26   0.0000000000000000        0.0000000000000000     
          10          26   0.0000000000000000        0.0000000000000000     
          15          26   0.0000000000000000        0.0000000000000000     
          20          26   0.0000000000000000        0.0000000000000000     
          25          26   0.0000000000000000        0.0000000000000000     
          30          26   0.0000000000000000        0.0000000000000000     
          35          26   0.0000000000000000        0.0000000000000000     
          40          26   0.0000000000000000        0.0000000000000000     
          45          26   0.0000000000000000        0.0000000000000000     
          50          26   0.0000000000000000        0.0000000000000000     
          55          26   0.0000000000000000        0.0000000000000000     
          60          26   0.0000000000000000        0.0000000000000000     
          65          26   0.0000000000000000        0.0000000000000000     
          70          26   0.0000000000000000        0.0000000000000000     
          75          26   0.0000000000000000        0.0000000000000000     
          80          26   0.0000000000000000        0.0000000000000000     
          85          26   0.0000000000000000        0.0000000000000000     
          90          26   0.0000000000000000        0.0000000000000000     
          95          26   0.0000000000000000        0.0000000000000000     
           0          27   0.0000000000000000        0.0000000000000000     
           5          27   0.0000000000000000        0.0000000000000000     
          10          27   0.0000000000000000        0.0000000000000000     
          15          27   0.0000000000000000        0.0000000000000000     
          20          27   0.0000000000000000        0.0000000000000000     
          25          27   0.0000000000000000        0.0000000000000000     
          30          27   0.0000000000000000        0.0000000000000000     
          35          27   0.0000000000000000        0.0000000000000000     
          40          27   0.0000000000000000        0.0000000000000000     
          45          27   0.0000000000000000        0.0000000000000000     
          50          27   0.0000000000000000        0.0000000000000000     
          55          27   0.0000000000000000        0.0000000000000000     
          60          27   0.0000000000000000        0.0000000000000000     
          65          27   0.0000000000000000        0.0000000000000000     
          70          27   0.0000000000000000        0.0000000000000000     
          75          27   0.0000000000000000        0.0000000000000000     
          80          27   0.0000000000000000        0.0000000000000000     
          85          27   0.0000000000000000        0.0000000000000000     
          90          27   0.0000000000000000        0.0000000000000000     
          95          27   0.0000000000000000        0.0000000000000000     
           0          28   0.0000000000000000        0.0000000000000000     
           5          28   0.0000000000000000        0.0000000000000000     
          10          28   0.0000000000000000        0.0000000000000000     
          15          28   0.0000000000000000        0.0000000000000000     
          20          28   0.0000000000000000        0.0000000000000000     
          25          28   0.0000000000000000        0.0000000000000000     
          30          28   0.0000000000000000        0.0000000000000000     
          35          28   0.0000000000000000        0.0000000000000000     
          40          28   0.0000000000000000        0.0000000000000000     
          45          28   0.0000000000000000        0.0000000000000000     
          50          28   0.0000000000000000        0.0000000000000000     
          55          28   0.0000000000000000        0.0000000000000000     
          60          28   0.0000000000000000        0.0000000000000000     
          65          28   0.0000000000000000        0.0000000000000000     
          70          28   0.0000000000000000        0.0000000000000000     
          75          28   0.0000000000000000        0.0000000000000000     
          80          28   0.0000000000000000        0.0000000000000000     
          85          28   0.0000000000000000        0.0000000000000000     
          90          28   0.0000000000000000        0.0000000000000000     
          95          28   0.0000000000000000        0.0000000000000000     
           0          29   0.0000000000000000        0.0000000000000000     
           5          29   0.0000000000000000        0.0000000000000000     
          10          29   0.0000000000000000        0.0000000000000000     
          15          29   0.0000000000000000        0.0000000000000000     
          20          29   0.0000000000000000        0.0000000000000000     
          25          29   0.0000000000000000        0.0000000000000000     
          30          29   0.0000000000000000        0.0000000000000000     
          35          29   0.0000000000000000        0.0000000000000000     
          40          29   0.0000000000000000        0.0000000000000000     
          45          29   0.0000000000000000        0.0000000000000000     
          50          29   0.0000000000000000        0.0000000000000000     
          55          29   0.0000000000000000        0.0000000000000000     
          60          29   0.0000000000000000        0.0000000000000000     
          65          29   0.0000000000000000        0.0000000000000000     
          70          29   0.0000000000000000        0.0000000000000000     
          75          29   0.0000000000000000        0.0000000000000000     
          80          29   0.0000000000000000        0.0000000000000000     
          85          29   0.0000000000000000        0.0000000000000000     
          90          29   0.0000000000000000        0.0000000000000000     
          95          29   0.0000000000000000        0.0000000000000000     
           0          30   0.0000000000000000        0.0000000000000000     
           5          30   0.0000000000000000        0.0000000000000000     
          10          30   0.0000000000000000        0.0000000000000000     
          15          30   0.0000000000000000        0.0000000000000000     
          20          30   0.0000000000000000        0.0000000000000000     
          25          30   0.0000000000000000        0.0000000000000000     
          30          30   0.0000000000000000        0.0000000000000000     
          35          30   0.0000000000000000        0.0000000000000000     
          40          30   0.0000000000000000        0.0000000000000000     
          45          30   0.0000000000000000        0.0000000000000000     
          50          30   0.0000000000000000        0.0000000000000000     
          55          30   0.0000000000000000        0.0000000000000000     
          60          30   0.0000000000000000        0.0000000000000000     
          65          30   0.0000000000000000        0.0000000000000000     
          70          30   0.0000000000000000        0.0000000000000000     
          75          30   0.0000000000000000        0.0000000000000000     
          80          30   0.0000000000000000        0.0000000000000000     
          85          30   0.0000000000000000        0.0000000000000000     
          90          30   0.0000000000000000        0.0000000000000000     
          95          30   0.0000000000000000        0.0000000000000000     
           0          31   0.0000000000000000        0.0000000000000000     
           5          31   0.0000000000000000        0.0000000000000000     
          10          31   0.0000000000000000        0.0000000000000000     
          15          31   0.0000000000000000        0.0000000000000000     
          20          31   0.0000000000000000        0.0000000000000000     
          25          31   0.0000000000000000        0.0000000000000000     
          30          31   0.0000000000000000        0.0000000000000000     
          35          31   0.0000000000000000        0.0000000000000000     
          40          31   0.0000000000000000        0.0000000000000000     
          45          31   0.0000000000000000        0.0000000000000000     
          50          31   0.0000000000000000        0.0000000000000000     
          55          31   0.0000000000000000        0.0000000000000000     
          60          31   0.0000000000000000        0.0000000000000000     
          65          31   0.0000000000000000        0.0000000000000000     
          70          31   0.0000000000000000        0.0000000000000000     
          75          31   0.0000000000000000        0.0000000000000000     
          80          31   0.0000000000000000        0.0000000000000000     
          85          31   0.0000000000000000        0.0000000000000000     
          90          31   0.0000000000000000        0.0000000000000000     
          95          31   0.0000000000000000        0.0000000000000000     
