           1           1   0.0000000000000000     
           2           1   0.0000000000000000     
           3           1   0.0000000000000000     
           4           1   0.0000000000000000     
           5           1   0.0000000000000000     
           6           1   0.0000000000000000     
           7           1   0.0000000000000000     
           8           1   0.0000000000000000     
           9           1   0.0000000000000000     
          10           1   0.0000000000000000     
          11           1   0.0000000000000000     
          12           1   0.0000000000000000     
          13           1   0.0000000000000000     
          14           1   0.0000000000000000     
          15           1   0.0000000000000000     
          16           1   0.0000000000000000     
          17           1   0.0000000000000000     
          18           1   0.0000000000000000     
          19           1   0.0000000000000000     
          20           1   0.0000000000000000     
          21           1   0.0000000000000000     
          22           1   0.0000000000000000     
          23           1   0.0000000000000000     
          24           1   0.0000000000000000     
          25           1   0.0000000000000000     
          26           1   0.0000000000000000     
          27           1   0.0000000000000000     
          28           1   0.0000000000000000     
          29           1   0.0000000000000000     
          30           1   0.0000000000000000     
          31           1   0.0000000000000000     
          32           1   0.0000000000000000     
          33           1   0.0000000000000000     
          34           1   0.0000000000000000     
          35           1   0.0000000000000000     
          36           1   0.0000000000000000     
          37           1   0.0000000000000000     
          38           1   0.0000000000000000     
          39           1   0.0000000000000000     
          40           1   0.0000000000000000     
          41           1   0.0000000000000000     
          42           1   0.0000000000000000     
          43           1   0.0000000000000000     
          44           1   0.0000000000000000     
          45           1   0.0000000000000000     
          46           1   0.0000000000000000     
          47           1   0.0000000000000000     
          48           1   0.0000000000000000     
          49           1   0.0000000000000000     
           1           2   0.0000000000000000     
           2           2   0.0000000000000000     
           3           2   0.0000000000000000     
           4           2   0.0000000000000000     
           5           2   0.0000000000000000     
           6           2   0.0000000000000000     
           7           2   0.0000000000000000     
           8           2   0.0000000000000000     
           9           2   0.0000000000000000     
          10           2   0.0000000000000000     
          11           2   0.0000000000000000     
          12           2   0.0000000000000000     
          13           2   0.0000000000000000     
          14           2   0.0000000000000000     
          15           2   0.0000000000000000     
          16           2   0.0000000000000000     
          17           2   0.0000000000000000     
          18           2   0.0000000000000000     
          19           2   0.0000000000000000     
          20           2   0.0000000000000000     
          21           2   0.0000000000000000     
          22           2   0.0000000000000000     
          23           2   0.0000000000000000     
          24           2   0.0000000000000000     
          25           2   0.0000000000000000     
          26           2   0.0000000000000000     
          27           2   0.0000000000000000     
          28           2   0.0000000000000000     
          29           2   0.0000000000000000     
          30           2   0.0000000000000000     
          31           2   0.0000000000000000     
          32           2   0.0000000000000000     
          33           2   0.0000000000000000     
          34           2   0.0000000000000000     
          35           2   0.0000000000000000     
          36           2   0.0000000000000000     
          37           2   0.0000000000000000     
          38           2   0.0000000000000000     
          39           2   0.0000000000000000     
          40           2   0.0000000000000000     
          41           2   0.0000000000000000     
          42           2   0.0000000000000000     
          43           2   0.0000000000000000     
          44           2   0.0000000000000000     
          45           2   0.0000000000000000     
          46           2   0.0000000000000000     
          47           2   0.0000000000000000     
          48           2   0.0000000000000000     
          49           2   0.0000000000000000     
           1           3   0.0000000000000000     
           2           3   0.0000000000000000     
           3           3  0.65045670807407818     
           4           3  0.64785003868842894     
           5           3  0.67706690148434101     
           6           3  0.64764026786857432     
           7           3  0.64525913604594187     
           8           3  0.65299806279169359     
           9           3  0.65471358685505054     
          10           3  0.65089631385380764     
          11           3  0.64533905980215334     
          12           3  0.64171374112715529     
          13           3  0.65834160255068563     
          14           3  0.62997783796949369     
          15           3  0.64590269358160879     
          16           3  0.64985892019857683     
          17           3  0.64167399730446451     
          18           3  0.59718300009965275     
          19           3  0.59336649428990418     
          20           3  0.57026460555246605     
          21           3  0.58684835809823244     
          22           3  0.54757193634089008     
          23           3  0.59404821226995252     
          24           3  0.57001453153553350     
          25           3  0.62327588816818358     
          26           3  0.62918392372571119     
          27           3  0.63481215278964764     
          28           3  0.60893078408832024     
          29           3  0.61736490812391165     
          30           3  0.61225584087741347     
          31           3  0.61471043354092769     
          32           3  0.66158084511490278     
          33           3  0.64195290254495840     
          34           3  0.63554960543565320     
          35           3  0.66275505711270699     
          36           3  0.63530993905425448     
          37           3  0.66375563950065597     
          38           3  0.65986091397950131     
          39           3  0.63244735219960335     
          40           3  0.67701749997211269     
          41           3  0.62555562460541569     
          42           3  0.62096892184750996     
          43           3  0.62427712965187132     
          44           3  0.59749393929725603     
          45           3  0.63433923875756892     
          46           3  0.68307452646717259     
          47           3   0.0000000000000000     
          48           3   0.0000000000000000     
          49           3   0.0000000000000000     
           1           4   0.0000000000000000     
           2           4   0.0000000000000000     
           3           4  0.67708815907388309     
           4           4  0.64379297396801938     
           5           4  0.65296681006122770     
           6           4  0.64556045939566464     
           7           4  0.64438017609157083     
           8           4  0.65331907590507254     
           9           4  0.68204529299204797     
          10           4  0.65339600181708657     
          11           4  0.64862748535608317     
          12           4  0.64611720901967629     
          13           4  0.63486073660450071     
          14           4  0.66381360498628805     
          15           4  0.62644705508074028     
          16           4  0.60506221403406413     
          17           4  0.61285960502178127     
          18           4  0.59427657607552131     
          19           4  0.60894987556523339     
          20           4  0.56617815366882496     
          21           4  0.61541264205577406     
          22           4  0.55470247264740935     
          23           4  0.57716380696808367     
          24           4  0.60742115882431580     
          25           4  0.60830713435120232     
          26           4  0.63021847015973331     
          27           4  0.66008621928094180     
          28           4  0.63643942566121969     
          29           4  0.61868920024209939     
          30           4  0.61554106454046620     
          31           4  0.59517333263804106     
          32           4  0.59551448471675472     
          33           4  0.62193001514482604     
          34           4  0.59132957771669759     
          35           4  0.58510786321133079     
          36           4  0.60921419808117516     
          37           4  0.61122932185442269     
          38           4  0.63667323012978250     
          39           4  0.66033737212462362     
          40           4  0.63115273121361526     
          41           4  0.60421477494664177     
          42           4  0.59775333782278794     
          43           4  0.59856782697336164     
          44           4  0.62762582824830770     
          45           4  0.60945806593041807     
          46           4  0.63606344528965342     
          47           4   0.0000000000000000     
          48           4   0.0000000000000000     
          49           4   0.0000000000000000     
           1           5   0.0000000000000000     
           2           5   0.0000000000000000     
           3           5  0.68526423329427122     
           4           5  0.64899831797429186     
           5           5  0.65112811138463056     
           6           5  0.63957669173922060     
           7           5  0.66437220649624540     
           8           5  0.64143123344148278     
           9           5  0.66732676375959787     
          10           5  0.64029715794770470     
          11           5  0.63381392258409797     
          12           5  0.65816005864479199     
          13           5  0.62310497008738475     
          14           5  0.60272592796986946     
          15           5  0.59325775949974791     
          16           5  0.57505857693875162     
          17           5  0.58221836998001253     
          18           5  0.56400825932978194     
          19           5  0.60688911191112893     
          20           5  0.58892573874493348     
          21           5  0.59106899707328764     
          22           5  0.60904424405291413     
          23           5  0.60461418641648024     
          24           5  0.60914606572873276     
          25           5  0.63126858172447575     
          26           5  0.62965560829869072     
          27           5  0.63438720179067398     
          28           5  0.60838991677356402     
          29           5  0.61605588076473838     
          30           5  0.61626078531679218     
          31           5  0.59544481435654661     
          32           5  0.59723143979962190     
          33           5  0.59923797112344790     
          34           5  0.59707933778189226     
          35           5  0.64595487145408925     
          36           5  0.61139728137412375     
          37           5  0.63845205503496760     
          38           5  0.63773487834985576     
          39           5  0.63277241148548857     
          40           5  0.63396732636689213     
          41           5  0.60951203981341562     
          42           5  0.60018858764691141     
          43           5  0.57622418728527358     
          44           5  0.60634519789903096     
          45           5  0.58375102053154693     
          46           5  0.61178529172019980     
          47           5   0.0000000000000000     
          48           5   0.0000000000000000     
          49           5   0.0000000000000000     
           1           6   0.0000000000000000     
           2           6   0.0000000000000000     
           3           6  0.65838882815440647     
           4           6  0.64470708323728032     
           5           6  0.66956840511255999     
           6           6  0.63533062812546759     
           7           6  0.63691296795955921     
           8           6  0.63617890589975723     
           9           6  0.66022523365785002     
          10           6  0.66218724906061477     
          11           6  0.65463679135467345     
          12           6  0.62871767863271633     
          13           6  0.62601745918816165     
          14           6  0.60654358696109179     
          15           6  0.59913793186233999     
          16           6  0.57979304655286268     
          17           6  0.58465565286588805     
          18           6  0.56432350667858944     
          19           6  0.57991196010581814     
          20           6  0.55830221335743235     
          21           6  0.58683617322920245     
          22           6  0.60542174001081883     
          23           6  0.60342796180766756     
          24           6  0.60996524409904285     
          25           6  0.63162483367001221     
          26           6  0.62746376967274009     
          27           6  0.62765191522122088     
          28           6  0.60077306730884983     
          29           6  0.60893833042617806     
          30           6  0.61081287235419790     
          31           6  0.61293671176577957     
          32           6  0.59049468034293806     
          33           6  0.59677627374933817     
          34           6  0.62172211825454482     
          35           6  0.59332164116759434     
          36           6  0.64589464963429821     
          37           6  0.62348737222006756     
          38           6  0.64422205389196763     
          39           6  0.63481116304370189     
          40           6  0.63879268264430877     
          41           6  0.61356589908477344     
          42           6  0.58252961389095659     
          43           6  0.58284529049385170     
          44           6  0.56373819144608350     
          45           6  0.56613911591848665     
          46           6  0.61653012192995205     
          47           6   0.0000000000000000     
          48           6   0.0000000000000000     
          49           6   0.0000000000000000     
           1           7   0.0000000000000000     
           2           7   0.0000000000000000     
           3           7  0.65746752379899731     
           4           7  0.64354094042740217     
           5           7  0.64148056885649551     
           6           7  0.66052129962369310     
           7           7  0.63017427899155876     
           8           7  0.65100998719373970     
           9           7  0.62150306419732293     
          10           7  0.62362326395979562     
          11           7  0.62444521453031210     
          12           7  0.60117965010479091     
          13           7  0.62351883456791324     
          14           7  0.60222332200283213     
          15           7  0.57370640918599969     
          16           7  0.57660442062716366     
          17           7  0.62850990861381784     
          18           7  0.61121780584327645     
          19           7  0.63192786181966387     
          20           7  0.63626783076040072     
          21           7  0.66430504067128193     
          22           7  0.66902392938875177     
          23           7  0.63924746514839748     
          24           7  0.64233386028417572     
          25           7  0.63900441613875936     
          26           7  0.63228965159374573     
          27           7  0.65285161056354268     
          28           7  0.62535607710039964     
          29           7  0.60789167305528524     
          30           7  0.63704531872621495     
          31           7  0.59023259972422371     
          32           7  0.59302264965748452     
          33           7  0.59548220059912649     
          34           7  0.59543587518547314     
          35           7  0.58866417154879458     
          36           7  0.61119599414273151     
          37           7  0.61837915040185176     
          38           7  0.64412001753186765     
          39           7  0.63480737558663425     
          40           7  0.64463898286404786     
          41           7  0.64672837817336126     
          42           7  0.61976357123241543     
          43           7  0.59020318029014529     
          44           7  0.57045848724187065     
          45           7  0.57229408334280873     
          46           7  0.59920279833779677     
          47           7   0.0000000000000000     
          48           7   0.0000000000000000     
          49           7   0.0000000000000000     
           1           8   0.0000000000000000     
           2           8   0.0000000000000000     
           3           8  0.64943956911697376     
           4           8  0.64100561638679088     
           5           8  0.63998030799424166     
           6           8  0.63951635391107098     
           7           8  0.64220711401748887     
           8           8  0.63368906588010432     
           9           8  0.63087589710212788     
          10           8  0.65686301362466193     
          11           8  0.63210220116695470     
          12           8  0.60454750527206813     
          13           8  0.60247721800079690     
          14           8  0.60982437815576152     
          15           8  0.60698388519194046     
          16           8  0.60660940238733640     
          17           8  0.60728264164667578     
          18           8  0.61258552507188446     
          19           8  0.63550163440706831     
          20           8  0.66226720862155175     
          21           8  0.64234581100248467     
          22           8  0.65382706106314892     
          23           8  0.64887882186539447     
          24           8  0.64869690136131986     
          25           8  0.64425074939673499     
          26           8  0.65836210828400221     
          27           8  0.62175002199979001     
          28           8  0.62581675547504612     
          29           8  0.63107251512011964     
          30           8  0.63548076208501414     
          31           8  0.66621490122977545     
          32           8  0.64252411469755588     
          33           8  0.58956133360563157     
          34           8  0.58842323409871422     
          35           8  0.57987553185571639     
          36           8  0.60274251844023963     
          37           8  0.66607468160747108     
          38           8  0.61475381604124857     
          39           8  0.60829372905164381     
          40           8  0.64478137150700665     
          41           8  0.65316016045260317     
          42           8  0.59469544691104548     
          43           8  0.64629557606533805     
          44           8  0.60312108258963271     
          45           8  0.63117952084646356     
          46           8  0.60395860300887316     
          47           8   0.0000000000000000     
          48           8   0.0000000000000000     
          49           8   0.0000000000000000     
           1           9   0.0000000000000000     
           2           9   0.0000000000000000     
           3           9  0.61278757006286100     
           4           9  0.63341765093750058     
           5           9  0.63250844928693517     
           6           9  0.63677689020152473     
           7           9  0.63959847141750048     
           8           9  0.63538443711888659     
           9           9  0.63268639910897417     
          10           9  0.63267696369199466     
          11           9  0.63249269654444729     
          12           9  0.60374622876981321     
          13           9  0.60291744005292558     
          14           9  0.58145015852086523     
          15           9  0.58483039956694560     
          16           9  0.58062194957172542     
          17           9  0.63456730300260444     
          18           9  0.61229058630681221     
          19           9  0.61343101134258915     
          20           9  0.60982900924679695     
          21           9  0.61177945924282362     
          22           9  0.62221179210299593     
          23           9  0.61654649528736916     
          24           9  0.63779644001604774     
          25           9  0.66136073851058608     
          26           9  0.63026369942733429     
          27           9  0.62302042066823060     
          28           9  0.62429766942183285     
          29           9  0.65621537786140882     
          30           9  0.63361474906778958     
          31           9  0.64159995270872605     
          32           9  0.64041733059831774     
          33           9  0.66741027729141189     
          34           9  0.63495002229834641     
          35           9  0.63185160169217769     
          36           9  0.65081496422058993     
          37           9  0.63642962564678751     
          38           9  0.60889382529657354     
          39           9  0.63366856494316459     
          40           9  0.61764026694070595     
          41           9  0.62829124704327921     
          42           9  0.60061802364948014     
          43           9  0.62445902220341376     
          44           9  0.60516207485136975     
          45           9  0.60372925532589083     
          46           9  0.62195249487632032     
          47           9   0.0000000000000000     
          48           9   0.0000000000000000     
          49           9   0.0000000000000000     
           1          10   0.0000000000000000     
           2          10   0.0000000000000000     
           3          10  0.60089043777182627     
           4          10  0.62840682061029474     
           5          10  0.63217736148326276     
           6          10  0.63783116453976108     
           7          10  0.64563960963227651     
           8          10  0.67312032364388175     
           9          10  0.64137909392634207     
          10          10  0.63852916698576156     
          11          10  0.64429454522637353     
          12          10  0.61602940060682843     
          13          10  0.61403082071559290     
          14          10  0.66722541476720565     
          15          10  0.61644600771933167     
          16          10  0.61054217395435695     
          17          10  0.63458251478747107     
          18          10  0.64003648405853864     
          19          10  0.64293256984661395     
          20          10  0.61620846459501721     
          21          10  0.61219329681415779     
          22          10  0.62573202102213366     
          23          10  0.62076689991339729     
          24          10  0.64190376682827621     
          25          10  0.64446766375319842     
          26          10  0.63999256700935470     
          27          10  0.62989756899149574     
          28          10  0.63218594821111818     
          29          10  0.63445018855058577     
          30          10  0.63270654600071807     
          31          10  0.63951675217950144     
          32          10  0.66484323161248193     
          33          10  0.63551196418311273     
          34          10  0.65662315583477393     
          35          10  0.65898877618138174     
          36          10  0.62660888265209014     
          37          10  0.60889100486627712     
          38          10  0.57942409312539367     
          39          10  0.57784573358530766     
          40          10  0.55827434635152284     
          41          10  0.57086525801536858     
          42          10  0.62096982861731476     
          43          10  0.61721809670514904     
          44          10  0.62688856284919225     
          45          10  0.62849986451830009     
          46          10  0.61762552841559093     
          47          10   0.0000000000000000     
          48          10   0.0000000000000000     
          49          10   0.0000000000000000     
           1          11   0.0000000000000000     
           2          11   0.0000000000000000     
           3          11  0.63021928868830368     
           4          11  0.60651181385194253     
           5          11  0.63641761342078351     
           6          11  0.68998180992419222     
           7          11  0.67189337634100332     
           8          11  0.64918552544944097     
           9          11  0.66419123124781954     
          10          11  0.63689944381917774     
          11          11  0.64421518786936649     
          12          11  0.58703831147050078     
          13          11  0.58071143280158111     
          14          11  0.58754719799459687     
          15          11  0.61225532628093526     
          16          11  0.60694232568348194     
          17          11  0.62833535625865522     
          18          11  0.63146486511035826     
          19          11  0.60794916497473273     
          20          11  0.60829798611580777     
          21          11  0.60321707337778452     
          22          11  0.64690851541745509     
          23          11  0.62223406738824338     
          24          11  0.64568274476875953     
          25          11  0.65079141701921639     
          26          11  0.67502367124513707     
          27          11  0.64373478386265948     
          28          11  0.64094558350793374     
          29          11  0.64065207984537997     
          30          11  0.63730085831975747     
          31          11  0.64254343748079101     
          32          11  0.64114609684169011     
          33          11  0.63704016669907593     
          34          11  0.63168527682668030     
          35          11  0.65243346498462085     
          36          11  0.61872000759607426     
          37          11  0.59968001111137093     
          38          11  0.57706625906314335     
          39          11  0.57513100910820303     
          40          11  0.55630850444653202     
          41          11  0.54603412663333228     
          42          11  0.59498385963544720     
          43          11  0.58609400489439845     
          44          11  0.62320975607985396     
          45          11  0.65096403693023763     
          46          11  0.63855470942722148     
          47          11   0.0000000000000000     
          48          11   0.0000000000000000     
          49          11   0.0000000000000000     
           1          12   0.0000000000000000     
           2          12   0.0000000000000000     
           3          12  0.57905898841118464     
           4          12  0.60649518394681190     
           5          12  0.63222646401249005     
           6          12  0.63197552297200510     
           7          12  0.64229431522677538     
           8          12  0.64445855814166608     
           9          12  0.64359584686762150     
          10          12  0.69091310432812247     
          11          12  0.64984398785944797     
          12          12  0.61927366062728639     
          13          12  0.61357225964080508     
          14          12  0.61735923843093288     
          15          12  0.61434251373199500     
          16          12  0.61035497087120683     
          17          12  0.65604814336659367     
          18          12  0.63268176589064318     
          19          12  0.60723426893415877     
          20          12  0.63615128234786789     
          21          12  0.63147943819426289     
          22          12  0.61726597494244240     
          23          12  0.64310488145162081     
          24          12  0.66842478671433470     
          25          12  0.64249480475565623     
          26          12  0.64347750710277085     
          27          12  0.63731816170928279     
          28          12  0.63484872536095138     
          29          12  0.63035800245634199     
          30          12  0.66060711681542539     
          31          12  0.61311093266976779     
          32          12  0.61497355349364335     
          33          12  0.61372657707218881     
          34          12  0.61451441690498876     
          35          12  0.60710817270068596     
          36          12  0.62766560915681424     
          37          12  0.62704832530031651     
          38          12  0.57881936458358929     
          39          12  0.55194158564566165     
          40          12  0.58131277282465399     
          41          12  0.54093071543254245     
          42          12  0.56846232389738149     
          43          12  0.58520880070153192     
          44          12  0.61550832351865814     
          45          12  0.61282288613053637     
          46          12  0.63248931288965538     
          47          12   0.0000000000000000     
          48          12   0.0000000000000000     
          49          12   0.0000000000000000     
           1          13   0.0000000000000000     
           2          13   0.0000000000000000     
           3          13  0.60914279104073599     
           4          13  0.61307885537963092     
           5          13  0.63304249143489710     
           6          13  0.62858981847959738     
           7          13  0.63291133889053774     
           8          13  0.63897056816124553     
           9          13  0.64114760973858720     
          10          13  0.64550909430759884     
          11          13  0.67746373404599525     
          12          13  0.67437281713776709     
          13          13  0.61629501809321541     
          14          13  0.61533748871736527     
          15          13  0.58533083937503150     
          16          13  0.60566168356000782     
          17          13  0.60112552812044129     
          18          13  0.60110645536515228     
          19          13  0.57509611652710790     
          20          13  0.62906218659274626     
          21          13  0.60222735347013889     
          22          13  0.61485597357396016     
          23          13  0.61860139986181450     
          24          13  0.64653651703026138     
          25          13  0.64404211693427071     
          26          13  0.64998522299551642     
          27          13  0.64608112256521766     
          28          13  0.63892352984473944     
          29          13  0.63109564007180896     
          30          13  0.63268096729107504     
          31          13  0.63528914657393776     
          32          13  0.58326290545538728     
          33          13  0.58257124117671610     
          34          13  0.58715882113333728     
          35          13  0.60703564605658566     
          36          13  0.62529738004725954     
          37          13  0.59814877641339381     
          38          13  0.60475704066142855     
          39          13  0.60168244781528302     
          40          13  0.58042790983950121     
          41          13  0.56013085875910129     
          42          13  0.58839984914551979     
          43          13  0.58145632494291166     
          44          13  0.63763725314405706     
          45          13  0.60563412620424995     
          46          13  0.63194974220888356     
          47          13   0.0000000000000000     
          48          13   0.0000000000000000     
          49          13   0.0000000000000000     
           1          14   0.0000000000000000     
           2          14   0.0000000000000000     
           3          14  0.63742337981074204     
           4          14  0.64197171034077982     
           5          14  0.64013457823829523     
           6          14  0.63519600894744666     
           7          14  0.61379111080575022     
           8          14  0.61696888146544548     
           9          14  0.59333396144253558     
          10          14  0.59670152884718641     
          11          14  0.60023451261397198     
          12          14  0.59509415349410544     
          13          14  0.59087804268297717     
          14          14  0.63801315242535372     
          15          14  0.60561279651997713     
          16          14  0.60250741015192755     
          17          14  0.57208707989167262     
          18          14  0.54664939415186808     
          19          14  0.52240872557328155     
          20          14  0.55890970634472981     
          21          14  0.55407965564158912     
          22          14  0.59342462082847613     
          23          14  0.62307747608844777     
          24          14  0.65264677788710745     
          25          14  0.69730059153483237     
          26          14  0.65382268068337224     
          27          14  0.64748214274245419     
          28          14  0.64246575044123633     
          29          14  0.65258316167440333     
          30          14  0.60783608391349930     
          31          14  0.57829319813874125     
          32          14  0.55394802787543185     
          33          14  0.55129248514739293     
          34          14  0.56218677547589146     
          35          14  0.57696874244630081     
          36          14  0.60215923387461145     
          37          14  0.57521096116454817     
          38          14  0.58464455956733352     
          39          14  0.60258787740818742     
          40          14  0.56341253686031190     
          41          14  0.53950641151862644     
          42          14  0.56488789588506805     
          43          14  0.55866975630424487     
          44          14  0.58579435992231765     
          45          14  0.60216719948904074     
          46          14  0.65681268729394482     
          47          14   0.0000000000000000     
          48          14   0.0000000000000000     
          49          14   0.0000000000000000     
           1          15   0.0000000000000000     
           2          15   0.0000000000000000     
           3          15  0.48702805680444594     
           4          15  0.54483827363656379     
           5          15  0.56448830036692732     
           6          15  0.56183288799561659     
           7          15  0.56384069194607211     
           8          15  0.56422071239766214     
           9          15  0.56998327479941757     
          10          15  0.51881237402846592     
          11          15  0.49428047396929559     
          12          15  0.46554288286231321     
          13          15  0.48952804156324170     
          14          15  0.51304173833319489     
          15          15  0.50643479474493958     
          16          15  0.53209109845507674     
          17          15  0.50052555664338594     
          18          15  0.47118147207640315     
          19          15  0.44583482683249737     
          20          15  0.47556123657251970     
          21          15  0.47458733055622493     
          22          15  0.51027919016258616     
          23          15  0.56438468679129850     
          24          15  0.56766622287188762     
          25          15  0.59041422816872990     
          26          15  0.59413888380713653     
          27          15  0.61332274082164362     
          28          15  0.58579514392605370     
          29          15  0.57567301494113643     
          30          15  0.55561288503803119     
          31          15  0.52596645531028274     
          32          15  0.47709385486233197     
          33          15  0.49778999578449801     
          34          15  0.50517529035235365     
          35          15  0.51886185334776036     
          36          15  0.54845230605367945     
          37          15  0.52180894398276667     
          38          15  0.53690196407052515     
          39          15  0.56050502565470606     
          40          15  0.56867749777852405     
          41          15  0.56617441311829442     
          42          15  0.56953226011436142     
          43          15  0.58956392519322098     
          44          15  0.56232941972788031     
          45          15  0.58021773697492518     
          46          15  0.63498182365082767     
          47          15   0.0000000000000000     
          48          15   0.0000000000000000     
          49          15   0.0000000000000000     
           1          16   0.0000000000000000     
           2          16   0.0000000000000000     
           3          16  0.35763185833452155     
           4          16  0.38535004438944376     
           5          16  0.40928064805897618     
           6          16  0.45948232710509956     
           7          16  0.45687575928004887     
           8          16  0.45957572658129636     
           9          16  0.41550235996466373     
          10          16  0.41817046109287115     
          11          16  0.36732285979850698     
          12          16  0.39247010791496162     
          13          16  0.39266851215118559     
          14          16  0.43834750022327545     
          15          16  0.43489993565602053     
          16          16  0.43255828746393454     
          17          16  0.40591614205975496     
          18          16  0.35018374833441418     
          19          16  0.32742210847845871     
          20          16  0.35701114761755859     
          21          16  0.35544003930012041     
          22          16  0.38856284682387643     
          23          16  0.43845872084529619     
          24          16  0.46416564286098461     
          25          16  0.43294078938989555     
          26          16  0.48350333323693034     
          27          16  0.50324223391937306     
          28          16  0.50780489186900157     
          29          16  0.47230605484297300     
          30          16  0.45198405454443252     
          31          16  0.37798382728738061     
          32          16  0.35108570868729821     
          33          16  0.37101229931492724     
          34          16  0.37913813620914755     
          35          16  0.37230348732424440     
          36          16  0.40093811225127512     
          37          16  0.39962773132281137     
          38          16  0.41088166379173491     
          39          16  0.43506676795718385     
          40          16  0.44085569780204154     
          41          16  0.43668274590097172     
          42          16  0.46537711653210112     
          43          16  0.46435230278153750     
          44          16  0.46258327418439332     
          45          16  0.48312256848026680     
          46          16  0.51179564064193594     
          47          16   0.0000000000000000     
          48          16   0.0000000000000000     
          49          16   0.0000000000000000     
           1          17   0.0000000000000000     
           2          17   0.0000000000000000     
           3          17   0.0000000000000000     
           4          17   0.0000000000000000     
           5          17   0.0000000000000000     
           6          17   0.0000000000000000     
           7          17   0.0000000000000000     
           8          17   0.0000000000000000     
           9          17   0.0000000000000000     
          10          17   0.0000000000000000     
          11          17   0.0000000000000000     
          12          17   0.0000000000000000     
          13          17   0.0000000000000000     
          14          17   0.0000000000000000     
          15          17   0.0000000000000000     
          16          17   0.0000000000000000     
          17          17   0.0000000000000000     
          18          17   0.0000000000000000     
          19          17   0.0000000000000000     
          20          17   0.0000000000000000     
          21          17   0.0000000000000000     
          22          17   0.0000000000000000     
          23          17   0.0000000000000000     
          24          17   0.0000000000000000     
          25          17   0.0000000000000000     
          26          17   0.0000000000000000     
          27          17   0.0000000000000000     
          28          17   0.0000000000000000     
          29          17   0.0000000000000000     
          30          17   0.0000000000000000     
          31          17   0.0000000000000000     
          32          17   0.0000000000000000     
          33          17   0.0000000000000000     
          34          17   0.0000000000000000     
          35          17   0.0000000000000000     
          36          17   0.0000000000000000     
          37          17   0.0000000000000000     
          38          17   0.0000000000000000     
          39          17   0.0000000000000000     
          40          17   0.0000000000000000     
          41          17   0.0000000000000000     
          42          17   0.0000000000000000     
          43          17   0.0000000000000000     
          44          17   0.0000000000000000     
          45          17   0.0000000000000000     
          46          17   0.0000000000000000     
          47          17   0.0000000000000000     
          48          17   0.0000000000000000     
          49          17   0.0000000000000000     
           1          18   0.0000000000000000     
           2          18   0.0000000000000000     
           3          18   0.0000000000000000     
           4          18   0.0000000000000000     
           5          18   0.0000000000000000     
           6          18   0.0000000000000000     
           7          18   0.0000000000000000     
           8          18   0.0000000000000000     
           9          18   0.0000000000000000     
          10          18   0.0000000000000000     
          11          18   0.0000000000000000     
          12          18   0.0000000000000000     
          13          18   0.0000000000000000     
          14          18   0.0000000000000000     
          15          18   0.0000000000000000     
          16          18   0.0000000000000000     
          17          18   0.0000000000000000     
          18          18   0.0000000000000000     
          19          18   0.0000000000000000     
          20          18   0.0000000000000000     
          21          18   0.0000000000000000     
          22          18   0.0000000000000000     
          23          18   0.0000000000000000     
          24          18   0.0000000000000000     
          25          18   0.0000000000000000     
          26          18   0.0000000000000000     
          27          18   0.0000000000000000     
          28          18   0.0000000000000000     
          29          18   0.0000000000000000     
          30          18   0.0000000000000000     
          31          18   0.0000000000000000     
          32          18   0.0000000000000000     
          33          18   0.0000000000000000     
          34          18   0.0000000000000000     
          35          18   0.0000000000000000     
          36          18   0.0000000000000000     
          37          18   0.0000000000000000     
          38          18   0.0000000000000000     
          39          18   0.0000000000000000     
          40          18   0.0000000000000000     
          41          18   0.0000000000000000     
          42          18   0.0000000000000000     
          43          18   0.0000000000000000     
          44          18   0.0000000000000000     
          45          18   0.0000000000000000     
          46          18   0.0000000000000000     
          47          18   0.0000000000000000     
          48          18   0.0000000000000000     
          49          18   0.0000000000000000     
           1          19   0.0000000000000000     
           2          19   0.0000000000000000     
           3          19   0.0000000000000000     
           4          19   0.0000000000000000     
           5          19   0.0000000000000000     
           6          19   0.0000000000000000     
           7          19   0.0000000000000000     
           8          19   0.0000000000000000     
           9          19   0.0000000000000000     
          10          19   0.0000000000000000     
          11          19   0.0000000000000000     
          12          19   0.0000000000000000     
          13          19   0.0000000000000000     
          14          19   0.0000000000000000     
          15          19   0.0000000000000000     
          16          19   0.0000000000000000     
          17          19   0.0000000000000000     
          18          19   0.0000000000000000     
          19          19   0.0000000000000000     
          20          19   0.0000000000000000     
          21          19   0.0000000000000000     
          22          19   0.0000000000000000     
          23          19   0.0000000000000000     
          24          19   0.0000000000000000     
          25          19   0.0000000000000000     
          26          19   0.0000000000000000     
          27          19   0.0000000000000000     
          28          19   0.0000000000000000     
          29          19   0.0000000000000000     
          30          19   0.0000000000000000     
          31          19   0.0000000000000000     
          32          19   0.0000000000000000     
          33          19   0.0000000000000000     
          34          19   0.0000000000000000     
          35          19   0.0000000000000000     
          36          19   0.0000000000000000     
          37          19   0.0000000000000000     
          38          19   0.0000000000000000     
          39          19   0.0000000000000000     
          40          19   0.0000000000000000     
          41          19   0.0000000000000000     
          42          19   0.0000000000000000     
          43          19   0.0000000000000000     
          44          19   0.0000000000000000     
          45          19   0.0000000000000000     
          46          19   0.0000000000000000     
          47          19   0.0000000000000000     
          48          19   0.0000000000000000     
          49          19   0.0000000000000000     
           1          20   0.0000000000000000     
           2          20   0.0000000000000000     
           3          20   0.0000000000000000     
           4          20   0.0000000000000000     
           5          20   0.0000000000000000     
           6          20   0.0000000000000000     
           7          20   0.0000000000000000     
           8          20   0.0000000000000000     
           9          20   0.0000000000000000     
          10          20   0.0000000000000000     
          11          20   0.0000000000000000     
          12          20   0.0000000000000000     
          13          20   0.0000000000000000     
          14          20   0.0000000000000000     
          15          20   0.0000000000000000     
          16          20   0.0000000000000000     
          17          20   0.0000000000000000     
          18          20   0.0000000000000000     
          19          20   0.0000000000000000     
          20          20   0.0000000000000000     
          21          20   0.0000000000000000     
          22          20   0.0000000000000000     
          23          20   0.0000000000000000     
          24          20   0.0000000000000000     
          25          20   0.0000000000000000     
          26          20   0.0000000000000000     
          27          20   0.0000000000000000     
          28          20   0.0000000000000000     
          29          20   0.0000000000000000     
          30          20   0.0000000000000000     
          31          20   0.0000000000000000     
          32          20   0.0000000000000000     
          33          20   0.0000000000000000     
          34          20   0.0000000000000000     
          35          20   0.0000000000000000     
          36          20   0.0000000000000000     
          37          20   0.0000000000000000     
          38          20   0.0000000000000000     
          39          20   0.0000000000000000     
          40          20   0.0000000000000000     
          41          20   0.0000000000000000     
          42          20   0.0000000000000000     
          43          20   0.0000000000000000     
          44          20   0.0000000000000000     
          45          20   0.0000000000000000     
          46          20   0.0000000000000000     
          47          20   0.0000000000000000     
          48          20   0.0000000000000000     
          49          20   0.0000000000000000     
           1          21   0.0000000000000000     
           2          21   0.0000000000000000     
           3          21   0.0000000000000000     
           4          21   0.0000000000000000     
           5          21   0.0000000000000000     
           6          21   0.0000000000000000     
           7          21   0.0000000000000000     
           8          21   0.0000000000000000     
           9          21   0.0000000000000000     
          10          21   0.0000000000000000     
          11          21   0.0000000000000000     
          12          21   0.0000000000000000     
          13          21   0.0000000000000000     
          14          21   0.0000000000000000     
          15          21   0.0000000000000000     
          16          21   0.0000000000000000     
          17          21   0.0000000000000000     
          18          21   0.0000000000000000     
          19          21   0.0000000000000000     
          20          21   0.0000000000000000     
          21          21   0.0000000000000000     
          22          21   0.0000000000000000     
          23          21   0.0000000000000000     
          24          21   0.0000000000000000     
          25          21   0.0000000000000000     
          26          21   0.0000000000000000     
          27          21   0.0000000000000000     
          28          21   0.0000000000000000     
          29          21   0.0000000000000000     
          30          21   0.0000000000000000     
          31          21   0.0000000000000000     
          32          21   0.0000000000000000     
          33          21   0.0000000000000000     
          34          21   0.0000000000000000     
          35          21   0.0000000000000000     
          36          21   0.0000000000000000     
          37          21   0.0000000000000000     
          38          21   0.0000000000000000     
          39          21   0.0000000000000000     
          40          21   0.0000000000000000     
          41          21   0.0000000000000000     
          42          21   0.0000000000000000     
          43          21   0.0000000000000000     
          44          21   0.0000000000000000     
          45          21   0.0000000000000000     
          46          21   0.0000000000000000     
          47          21   0.0000000000000000     
          48          21   0.0000000000000000     
          49          21   0.0000000000000000     
