           0           0   0.0000000000000000        0.0000000000000000     
           5           0   0.0000000000000000        0.0000000000000000     
          10           0   0.0000000000000000        0.0000000000000000     
          15           0   0.0000000000000000        0.0000000000000000     
          20           0   0.0000000000000000        0.0000000000000000     
          25           0   0.0000000000000000        0.0000000000000000     
          30           0   0.0000000000000000        0.0000000000000000     
          35           0   0.0000000000000000        0.0000000000000000     
          40           0   0.0000000000000000        0.0000000000000000     
          45           0   0.0000000000000000        0.0000000000000000     
          50           0   0.0000000000000000        0.0000000000000000     
          55           0   0.0000000000000000        0.0000000000000000     
          60           0   0.0000000000000000        0.0000000000000000     
          65           0   0.0000000000000000        0.0000000000000000     
          70           0   0.0000000000000000        0.0000000000000000     
          75           0   0.0000000000000000        0.0000000000000000     
          80           0   0.0000000000000000        0.0000000000000000     
          85           0   0.0000000000000000        0.0000000000000000     
          90           0   0.0000000000000000        0.0000000000000000     
          95           0   0.0000000000000000        0.0000000000000000     
           0           1  -6.7229747641220874E-002 -0.10652267639521540     
           5           1  -3.2284318157854708E-002   1.8169256618388169E-002
          10           1   2.8640773641203099E-002  -2.8376460503194700E-002
          15           1  -3.1163891521246434E-002   4.1696626607249515E-002
          20           1  -2.1200097585216682E-002   7.6206780293477938E-003
          25           1  -9.4173603333858047E-002  -5.6095528916302179E-002
          30           1   3.4113441177985315E-002   1.7296092424887166E-002
          35           1  -2.3966844807654653E-002   4.8141124960737747E-003
          40           1 -0.28251697667291964       -2.4750763966286532E-002
          45           1 -0.34211386088389695      -0.24407809915336781     
          50           1   6.6135143482748404E-002 -0.16369941676596528     
          55           1   9.4918642120633834E-002  -4.2754387321892323E-002
          60           1 -0.17284741876122389      -0.14778929686770290     
          65           1 -0.18573431792123785        6.8224758336902364E-002
          70           1 -0.12435283156975174        1.1614780156318089E-002
          75           1 -0.26116317532021149       -4.9515076885661008E-002
          80           1  -3.6474814312237314E-002  -1.6088391368955512E-002
          85           1 -0.53227999044724861      -0.27066824494574249     
          90           1 -0.13735270095294183       0.11171747039365187     
          95           1 -0.17587851905975782       0.12393090685371838     
           0           2  0.12722252357065533       0.13250415280250533     
           5           2 -0.43923561876935135        7.5765712458722434E-002
          10           2 -0.58010867696883794      -0.41396759864087418     
          15           2  -1.1080236130719956       0.16102990066088618     
          20           2 -0.93041601462701129      -0.11271790603843007     
          25           2 -0.36721170085407540        1.6874182845877383E-002
          30           2  -7.7365577459409529E-002  -2.0122172811505579E-002
          35           2 -0.16360710871965445      -0.25335506754747134     
          40           2 -0.17836257524161958       -5.7249396818864762E-002
          45           2   0.0000000000000000        0.0000000000000000     
          50           2 -0.50955708226996244      -0.32172616909409424     
          55           2 -0.40707464080691480       -4.7100003586209027E-002
          60           2 -0.31574429466219023        6.3526225921560486E-002
          65           2 -0.37327472486858859       0.21341840304400089     
          70           2 -0.36691684549561288       0.14925565745536190     
          75           2 -0.10757131620353633       0.11233938170911867     
          80           2 -0.49089044865224807       0.31742956617484414     
          85           2 -0.31450395002852183       -9.0901428162482034E-002
          90           2 -0.29295713414700941       0.14557836862785778     
          95           2 -0.74179581194599997       0.15370051386718458     
           0           3  -2.0461433626766699      -0.25850859318322233     
           5           3  -1.4818114004060134       -3.5206214013434878E-002
          10           3 -0.34922047922575361       0.13325300749746083     
          15           3 -0.56316192662109188      -0.18739805347167682     
          20           3  -1.1969506215422920      -0.13953500519081619     
          25           3  -1.3499178510484322       0.12012483624573161     
          30           3 -0.21953255062101551       -2.3175464773303456E-002
          35           3 -0.92705912520474332      -0.15228891137916006     
          40           3  -1.1062126268396311        8.3973616243002147E-002
          45           3  -1.1101451312783839        8.9378782787349897E-002
          50           3  -1.2462372392696430      -0.35782379368659578     
          55           3 -0.61776339408403658      -0.13316157472527401     
          60           3 -0.70530446763306109       0.37888486328199744     
          65           3 -0.20829851399839505        4.7744107390113033E-002
          70           3 -0.25732351373264351        7.0264706392222931E-002
          75           3 -0.68536564838406200       0.26140947236678869     
          80           3 -0.47278135951844824       0.13983424243760312     
          85           3 -0.60150135997805165       0.12980804085172687     
          90           3 -0.66655483958455441        5.4004220753009480E-002
          95           3 -0.81512251762005938      -0.15087396783151907     
           0           4 -0.80878642974293535      -0.17120891204265576     
           5           4 -0.87478883944093477       -1.2183284398420424E-002
          10           4 -0.81079744046044788        2.8434905301397140E-002
          15           4  -1.4124315122279740       -4.3405330426155020E-002
          20           4 -0.76338030001760204       -1.2290016188284958E-002
          25           4 -0.85622098197624119        3.5625333040523177E-003
          30           4 -0.88968582604820323      -0.11540411154462027     
          35           4 -0.79350225435426136       0.13560673136188417     
          40           4 -0.68555043999218856      -0.15646318804567183     
          45           4 -0.79135771408500588        9.3719000128639207E-002
          50           4 -0.71687439022527499      -0.19354270948103436     
          55           4 -0.52357049216245066       -2.6185494922739694E-002
          60           4 -0.32411760278461266       0.19790653922317769     
          65           4 -0.22824144968569549       -9.1970061458571117E-002
          70           4 -0.16337187211390436       0.20015634201557553     
          75           4 -0.41718984757022071       0.11873881864445102     
          80           4  -1.1759598544547334       0.18749200248031894     
          85           4 -0.63458528537729819       -2.2850486786768487E-003
          90           4  -1.0272071508743430       0.13059026639859750     
          95           4 -0.79588469553470986       -4.2262357177053067E-003
           0           5 -0.81150505664640682      -0.13771205967551270     
           5           5 -0.88345651129168035        9.7233334039117936E-002
          10           5 -0.71791038290192066       0.24692993483940717     
          15           5 -0.81828740386064025        1.0597859724098546E-002
          20           5 -0.79095868265488534       -9.0075806725292695E-003
          25           5 -0.88452612255263130       -1.8129672982106215E-002
          30           5 -0.88030111413617274       -4.7923597369173287E-002
          35           5 -0.97456000622941907        1.1204027218214563E-002
          40           5 -0.88892258095274457      -0.36912968424458736     
          45           5 -0.88991600272980698       0.23000588532030852     
          50           5 -0.74643137708552132       -9.0133080012030908E-002
          55           5 -0.77216527841983407       -2.3905589760231383E-002
          60           5 -0.73264274670026275       0.21042245097156742     
          65           5 -0.77551157209865274      -0.14403735262728812     
          70           5 -0.74879492197310604       -1.5492343532971797E-002
          75           5  -1.2450869849744972       0.65603012608203559     
          80           5 -0.47917280625364711        4.5639747614234505E-002
          85           5 -0.77916827785462495        3.9634971523913598E-002
          90           5  -1.5827466130946544        7.7318873761139661E-003
          95           5 -0.81709232391480313       0.25240417218075351     
           0           6 -0.95649121130741666       -2.1431287115097897E-002
           5           6 -0.94642460493198077       0.12668243496771758     
          10           6  -1.7716467470342556       0.35335084724905097     
          15           6 -0.88406818597341896       -4.1283515641310498E-002
          20           6 -0.78481524642320943       -9.0747328231194357E-002
          25           6 -0.79986150039956794       -8.5460840455742204E-003
          30           6 -0.80981693804216270       -1.6607490998105101E-002
          35           6 -0.87102850465148318       -9.9994295912203546E-002
          40           6 -0.87745828638519097      -0.28842033921436250     
          45           6 -0.71883906487657523       0.14276672608184993     
          50           6 -0.87274748866605911       -2.6568158140172216E-002
          55           6 -0.82851966653030296        5.1472442322564316E-002
          60           6  -1.7047929733715605       0.51172241224098358     
          65           6 -0.94624908994034307      -0.11116130747029773     
          70           6 -0.99004472566832646        2.5642488200305902E-002
          75           6 -0.57105259409939713       0.34799337576232880     
          80           6 -0.66186347331353979       0.10840691574323658     
          85           6  -1.3467541533584981       0.25221110637067834     
          90           6 -0.86686705299321432       -8.6524136620885761E-002
          95           6 -0.89132096179334042       0.30618716532607171     
           0           7  -1.9321670764717020       -8.9626302799961088E-002
           5           7 -0.96123417354446183       0.10845830326386419     
          10           7  -1.0259984011287693       0.11572371017690153     
          15           7 -0.94996583922785094       -1.1008155252623109E-002
          20           7  -1.1589322857144535       -9.8630557482520809E-002
          25           7 -0.89511339629366748        3.5347899906418290E-002
          30           7 -0.88247103642524749       -8.3197522793287959E-003
          35           7  -2.0596501416775270      -0.25075871785684711     
          40           7  -1.2618871487163341      -0.17620328749565206     
          45           7  -1.0675448171587609       0.15906735513618320     
          50           7  -1.0949041612062782        5.5708108137597634E-003
          55           7 -0.74877735672718160       0.23416803648965145     
          60           7 -0.74795621027523573       0.28885663522867921     
          65           7 -0.99194175305572507      -0.18423740183057258     
          70           7  -1.0710163563265596        1.5114108117830760E-002
          75           7 -0.86177645136298331       0.35548558162581956     
          80           7 -0.99540415255394699       0.28320383995888987     
          85           7 -0.86632975230926945       0.27895191703916633     
          90           7 -0.82777867362882063       -2.4465383247490591E-002
          95           7 -0.96772651532073262       0.17485511275880383     
           0           8  -1.9269979807474056       -9.2698852147549138E-002
           5           8 -0.89629854265770026       0.14463257002730878     
          10           8  -1.7790351264956872       0.37347570595258617     
          15           8 -0.98739445326068154       -6.5571215753235101E-002
          20           8  -1.2324426279086698       -3.8193713465112245E-002
          25           8  -3.4090786443469190      -0.15330113987632732     
          30           8  -1.9771439641930177       0.15551316283904382     
          35           8  -2.1861968389358388       -6.2862750082326446E-002
          40           8  -1.1891356949950138      -0.22846603751056072     
          45           8  -2.3936813065006390       0.22705702238251524     
          50           8  -1.0653259597426246       -2.6634031822653226E-002
          55           8  -2.1669401414070588        6.1702476577552012E-002
          60           8  -1.2646292275830806        1.8163065058224293E-002
          65           8  -3.8147737184301977       -4.4376500606818636E-002
          70           8  -2.3857124745862990        7.3466473487909800E-002
          75           8  -2.1744246555066571       -6.3435479669554651E-002
          80           8 -0.91631939758918257        2.1792305734125161E-002
          85           8  -1.1756283244324095       0.19703876947746446     
          90           8 -0.84550112621761819        3.5922992228792916E-002
          95           8  -2.1172584058271049       0.14644236958807899     
           0           9  -1.2127973793650462        6.6833046963310494E-002
           5           9  -3.6651708337761404       0.80502070603102882     
          10           9  -1.0230941912069136       0.22578447760282505     
          15           9  -2.2007103280791140        5.6244949353939644E-002
          20           9  -1.1829919684527845        8.3222183750591983E-002
          25           9  -1.2008448113232095       -9.9594400407299055E-002
          30           9  -2.3165135550634597       0.32105230986623212     
          35           9  -1.2479715495966603        2.1765585803135146E-002
          40           9  -1.3253859125050838      -0.11021370417529930     
          45           9  -1.5593832637467164        7.2763966578598405E-002
          50           9  -2.2417099724258982       -1.4433693915211210E-002
          55           9  -1.2682275435949020        5.3750507278266246E-002
          60           9  -2.7367616557771868       0.24427913963176451     
          65           9  -1.4411621793197771      -0.14376602792742776     
          70           9  -2.6283710044716635       -7.3371466439153821E-002
          75           9  -1.3863932023172598       -8.0137028919680109E-003
          80           9  -1.2964316897678962        3.9341338849557816E-002
          85           9  -2.5935219239447971       0.23659461301520079     
          90           9  -3.0114226477351291      -0.45365865689983575     
          95           9  -1.3415836204788700       0.13149965765527072     
           0          10  -1.3901832668517140        9.4927291720003915E-002
           5          10  -1.3869034301040166       0.17992298237262672     
          10          10  -1.3788042731027739       -3.3660948708935656E-004
          15          10  -2.2107071073385054      -0.37537121880593105     
          20          10  -1.3645836862513638       0.14729399764906725     
          25          10  -1.3075821377567243       -1.0738929454440216E-002
          30          10  -1.1101569140664624       0.12704160280790910     
          35          10  -1.4564822482981965       0.12628220751265129     
          40          10  -2.8515850674265542      -0.10292991302160437     
          45          10  -1.5727059054398973       0.17572939440033131     
          50          10  -2.7201975572399562       0.27109943411693371     
          55          10  -1.5654408487386640        7.1586096494352658E-002
          60          10  -1.5711677824481463       0.11553863488930616     
          65          10  -1.3841832709338142      -0.15123823439544548     
          70          10  -1.4406565384927905       -1.0525725329252333E-002
          75          10  -1.3258086994105689       0.10416043387764806     
          80          10  -2.7530831645738996       -3.4286014995166259E-002
          85          10  -1.3366687808891164       0.11469139111874860     
          90          10  -1.4949405619546496      -0.20695861715949726     
          95          10  -1.4751089600217870      -0.19277451137597601     
           0          11  -1.4273709646731718       0.25251169761070225     
           5          11  -1.4541340186800811       0.24767392041644132     
          10          11  -1.2009077273200663        5.8007917487779004E-002
          15          11  -1.4788511197716403      -0.16061711470713447     
          20          11  -1.3941923498470010       0.12494011308622488     
          25          11  -1.5254977557110916       -3.4866902453717374E-002
          30          11  -1.6151170498868161        3.0470729572712463E-002
          35          11  -1.5169541274390186        3.6578097776102103E-002
          40          11  -3.1417170082848056      -0.12168031006648539     
          45          11  -1.5859055018213608       0.28238965812166228     
          50          11  -1.4394297065056794      -0.19229421970731742     
          55          11  -3.0335656031932334       0.38689636935637650     
          60          11  -1.6248294994902768       0.13206227586062824     
          65          11  -1.5395752941005370      -0.16597651398359003     
          70          11  -1.4838774047853942        4.2095942745651316E-002
          75          11  -1.4520379183902143       0.10315256385937110     
          80          11  -1.4796297474140019       -1.4570337465158456E-002
          85          11  -1.3550814799268007       0.11668286022739616     
          90          11  -1.5979094706719543      -0.19233409115776423     
          95          11  -1.3784657790216759      -0.16821242275186221     
           0          12  -1.5353640650641285       0.28316957002505472     
           5          12  -3.0719273523297645       0.48024379155867103     
          10          12  -1.5092748211326112       -3.7097134734515036E-002
          15          12  -3.3240300659248545      -0.33750633834830901     
          20          12  -1.5457383479172693       0.10928474578258962     
          25          12  -1.4796851683307466        8.9999004278251693E-002
          30          12  -1.7149042632641498        6.3175812967664058E-002
          35          12  -3.2168854025615978       -6.3071395188796231E-002
          40          12  -1.5891657311500884      -0.10372498910879435     
          45          12  -1.7702343499076401      -0.17236789696839505     
          50          12  -3.1555945998551493        3.2124681054596094E-002
          55          12  -1.6752349079607320       0.14715972650541920     
          60          12  -1.6336028332142316       0.15313174528047702     
          65          12  -1.7344552491016518      -0.14848112840484817     
          70          12  -3.2255214365684015        9.5255475842659365E-002
          75          12  -1.5095367739503818       0.10045051935608784     
          80          12  -1.4842605787490637       -2.6867966858301617E-002
          85          12  -1.4405841901832250       0.18777320864915570     
          90          12  -3.3574210410103333      -0.41264642814023422     
          95          12  -1.5358836276735399      -0.23550040359740509     
           0          13  -3.0987217365874633       0.44512673999019814     
           5          13  -3.0730446818619246       0.42903260825843947     
          10          13  -3.0495060507407246        4.6893960459204465E-002
          15          13  -1.6602917896607616       0.12100113248675326     
          20          13  -1.5994020177306778       0.12572275314398640     
          25          13  -1.6652402269418110        5.3657609769275361E-002
          30          13  -3.3710930973351871       -2.1642303097424431E-002
          35          13  -3.4001413668366398        7.7803036829526828E-002
          40          13   0.0000000000000000        0.0000000000000000     
          45          13  -1.8411219915825949       -6.8156904426408538E-002
          50          13  -1.6482745368306961       0.10897404883303263     
          55          13   0.0000000000000000        0.0000000000000000     
          60          13  -1.6701655433581930       0.11413428449874585     
          65          13  -1.7153601821173758      -0.16218822338848193     
          70          13  -1.8955749628768448        9.4913023993004053E-002
          75          13  -1.6723399459095400       0.13127416470082309     
          80          13  -1.6176894728447966       -6.6212231919493547E-004
          85          13  -1.4380308760564287        5.5942911847406407E-002
          90          13  -5.1535747639697149      -0.75886176193862287     
          95          13  -1.5885747529820193      -0.21185208456120375     
           0          14  -1.7763622852122201       0.24741299124275695     
           5          14  -1.7851368534266969       0.30555301294615811     
          10          14  -1.5886681679028181        7.9817407975801835E-002
          15          14  -1.8237715647045905       -5.2148417493680377E-002
          20          14  -3.3276880956245591       0.20969908388068781     
          25          14  -3.3613531685305897        3.3770668216304145E-002
          30          14  -1.6084972185120838      -0.12024755751294247     
          35          14  -1.7282159517068019       -6.4153944729361534E-002
          40          14  -3.7463152458605542       -5.7435317294129984E-002
          45          14  -3.7218456081444806      -0.13078364721474944     
          50          14  -1.8262133592250596        2.2810162988995408E-002
          55          14  -1.6905735195638094       0.14749370866484757     
          60          14  -1.8255093016039670       0.20707133859126925     
          65          14  -3.5240370455991155      -0.15377712311998026     
          70          14  -1.7504105519206004       -5.4428146678275890E-002
          75          14  -1.7352218239896633        5.9558601576414905E-002
          80          14  -3.5511130091125942       -5.6152253743169123E-002
          85          14  -1.7417922268525565        2.1195840432808311E-002
          90          14  -1.8803908906883660       -9.6889188777038449E-002
          95          14  -3.5638034122831286      -0.27545388030070228     
           0          15  -1.9358143731066506       0.24289033145385996     
           5          15  -2.0964288746357083       0.15411973418810732     
          10          15  -1.7059437821796697        9.1961341564528176E-002
          15          15  -1.8117162797276487        9.3178059028253823E-002
          20          15  -3.8917434516633209       0.30285943998314968     
          25          15  -1.9608143398869293        3.7944000307876813E-002
          30          15  -2.0014039801835581      -0.22586592345330558     
          35          15  -2.0527437263911930      -0.35849950293764810     
          40          15  -2.0162848817734114       -1.7377163291643072E-002
          45          15  -3.8820163743136238      -0.16261394997829637     
          50          15  -3.8087878519954543       0.29321164312340331     
          55          15  -4.1686033462828842       0.15531142539632059     
          60          15  -1.8672206311143302       0.20998813138051187     
          65          15  -1.8209840558569557        5.7762193835797504E-002
          70          15  -1.7298117512987154      -0.10809205627876350     
          75          15  -3.4676072899075816       0.16858377334727503     
          80          15  -3.6417296407376121        7.4139726223831914E-002
          85          15  -1.8182365541152823        5.3883845811120157E-002
          90          15  -1.9102723670283428      -0.24984749069700829     
          95          15  -1.8388263394564230       -4.9343292152503881E-002
           0          16  -2.0581835485022251       0.14513400610705052     
           5          16  -1.8832767933948251        6.2828809722914603E-002
          10          16  -2.0517250296508971        5.9260215871104194E-002
          15          16  -2.0240579381097801        5.7887386317734268E-003
          20          16  -2.0199737300519160       0.11304281053559073     
          25          16  -1.8331456228343201       0.20762246857652933     
          30          16  -2.0795065896700438      -0.19017849514246787     
          35          16  -1.9628679813493699      -0.30931297407776892     
          40          16  -2.2215868064495714      -0.33083343705442303     
          45          16  -4.0869469072013498      -0.35448948037308803     
          50          16  -4.1166191887331838      -0.48892832766378458     
          55          16  -2.1113832535935018       0.21475996772990502     
          60          16  -4.2225651980964951       0.43631920412984249     
          65          16  -1.9723316880637665      -0.20209461826403707     
          70          16  -1.8138632908104579       -3.3333625009956958E-002
          75          16  -1.7995911785206875        7.3080647646495134E-002
          80          16  -1.7551550648786662       -8.9434050254966202E-002
          85          16  -3.9758258374178457       0.20298655606071359     
          90          16  -2.0603015134590397      -0.26246516729888647     
          95          16  -2.0444097888250301      -0.18970049899563746     
           0          17  -2.1232199756247847       0.24554642622798273     
           5          17  -3.6971954003665877       0.33765359018389507     
          10          17  -2.1053334061485462        2.6644635960915153E-002
          15          17  -1.9909548065413785       0.12515288766973276     
          20          17  -1.9630845409795983        6.2561456323773079E-002
          25          17  -1.9079067084554202       0.17953096733580587     
          30          17  -1.8842246689887432      -0.13798792128150161     
          35          17  -2.1305210845301570      -0.34363506310391978     
          40          17  -4.3511259332951191      -0.35116002305324301     
          45          17  -2.1948391930620703      -0.22581315469671903     
          50          17  -2.3379342922724700      -0.24980806587526772     
          55          17  -2.0069321350013603       0.10664426006945504     
          60          17  -2.3049024677024299       0.14606675820261206     
          65          17  -2.0060843637759174      -0.14847104181481274     
          70          17  -2.0851899967688770      -0.12828360445471532     
          75          17  -1.9688893518932105        4.0791320543576148E-002
          80          17  -2.0592552361142769       -1.1580862689375415E-002
          85          17  -2.2697937521243272        2.0173401632517241E-003
          90          17  -2.0484475628945731       -7.7323649661786842E-002
          95          17  -1.9984076743317924      -0.13171049111138089     
           0          18  -2.3313524591802790       0.25691404321015465     
           5          18  -1.9063919421041797       0.16981910017144219     
          10          18  -2.2457151702223732       -6.1421204104739058E-002
          15          18  -1.9476746910584986        6.4271196388854257E-002
          20          18  -1.9892460477421992       0.11626458379071503     
          25          18  -2.0048359219987377       0.28313001594754139     
          30          18  -2.0107966051358117        2.6918395050201660E-002
          35          18  -4.4034052370028887      -0.36847128272898821     
          40          18  -2.3240751989622721      -0.13341471821914919     
          45          18   0.0000000000000000        0.0000000000000000     
          50          18  -2.3660889476384561      -0.17198497079679020     
          55          18  -2.0927117170843612        1.7905410774066155E-002
          60          18  -2.1283451474640724      -0.11608064653445549     
          65          18  -2.0371633151150537       -7.5275842835176299E-002
          70          18  -3.9579026383018689       -9.7757649316909667E-002
          75          18  -2.0477532964624512        5.2803638922460649E-003
          80          18  -2.1542884429692766       -4.6138395775052743E-002
          85          18  -2.1689022523385670       0.10427155045150682     
          90          18  -2.1212375176526965       -5.7058068638204951E-002
          95          18  -4.3486620903676609      -0.17692648562966928     
           0          19  -2.3644739519117173       0.19381824791497859     
           5          19  -2.0134624240776553        2.6674269224535863E-002
          10          19  -2.1992034942883154        5.4838695093817336E-002
          15          19  -2.0413931328319701        8.7568167942142505E-002
          20          19  -2.2265260693943301       0.18420681749453660     
          25          19  -2.1650039977633151       0.13255349134766448     
          30          19  -2.0568429019768297       -1.4836068575885264E-002
          35          19  -2.2111241871863863      -0.13328219804098485     
          40          19  -2.3706128043038399       -8.3175864006301836E-002
          45          19  -4.6394775802116595      -0.32393079516856993     
          50          19  -2.1659688327579918      -0.16147018225970422     
          55          19  -2.3409107070804236      -0.13399279605530445     
          60          19  -4.6115290786707952       -6.1103857446620502E-002
          65          19  -4.1740570899517770      -0.19841118319652296     
          70          19  -2.0109462829009939      -0.10535319239279861     
          75          19  -2.0237941759282396        4.5517323472576976E-002
          80          19  -2.0029551857236871      -0.10559414937272305     
          85          19   0.0000000000000000        0.0000000000000000     
          90          19  -4.2771882774128578       -3.6172667123857138E-002
          95          19  -2.2927582059095730      -0.16132144159963779     
           0          20   0.0000000000000000        0.0000000000000000     
           5          20  -2.4807517694042103       -9.7656132795886919E-002
          10          20  -2.3284232649639636       0.14945700482160706     
          15          20  -4.2291841907104999       0.65711815439767340     
          20          20  -2.1742841931857160       0.10443767446216556     
          25          20   0.0000000000000000        0.0000000000000000     
          30          20  -2.4446224709712139       0.15526358127015971     
          35          20   0.0000000000000000        0.0000000000000000     
          40          20   0.0000000000000000        0.0000000000000000     
          45          20   0.0000000000000000        0.0000000000000000     
          50          20   0.0000000000000000        0.0000000000000000     
          55          20  -2.5537694156485546      -0.16950148100491891     
          60          20  -2.2088324104529988      -0.20777998514076579     
          65          20  -2.2879809102038795      -0.19779377247508556     
          70          20  -2.1013694320370924      -0.12225589810815896     
          75          20  -2.2371820595179503       0.11388326888128741     
          80          20   0.0000000000000000        0.0000000000000000     
          85          20   0.0000000000000000        0.0000000000000000     
          90          20  -2.1849283063135605        5.4304563836260478E-002
          95          20   0.0000000000000000        0.0000000000000000     
           0          21   0.0000000000000000        0.0000000000000000     
           5          21   0.0000000000000000        0.0000000000000000     
          10          21   0.0000000000000000        0.0000000000000000     
          15          21   0.0000000000000000        0.0000000000000000     
          20          21   0.0000000000000000        0.0000000000000000     
          25          21  -2.4518434388592913       0.17396747844899974     
          30          21   0.0000000000000000        0.0000000000000000     
          35          21   0.0000000000000000        0.0000000000000000     
          40          21  -2.6744900074432421       0.10327510927832240     
          45          21   0.0000000000000000        0.0000000000000000     
          50          21   0.0000000000000000        0.0000000000000000     
          55          21   0.0000000000000000        0.0000000000000000     
          60          21   0.0000000000000000        0.0000000000000000     
          65          21   0.0000000000000000        0.0000000000000000     
          70          21   0.0000000000000000        0.0000000000000000     
          75          21   0.0000000000000000        0.0000000000000000     
          80          21   0.0000000000000000        0.0000000000000000     
          85          21   0.0000000000000000        0.0000000000000000     
          90          21   0.0000000000000000        0.0000000000000000     
          95          21   0.0000000000000000        0.0000000000000000     
           0          22   0.0000000000000000        0.0000000000000000     
           5          22   0.0000000000000000        0.0000000000000000     
          10          22   0.0000000000000000        0.0000000000000000     
          15          22   0.0000000000000000        0.0000000000000000     
          20          22   0.0000000000000000        0.0000000000000000     
          25          22   0.0000000000000000        0.0000000000000000     
          30          22   0.0000000000000000        0.0000000000000000     
          35          22   0.0000000000000000        0.0000000000000000     
          40          22   0.0000000000000000        0.0000000000000000     
          45          22   0.0000000000000000        0.0000000000000000     
          50          22   0.0000000000000000        0.0000000000000000     
          55          22   0.0000000000000000        0.0000000000000000     
          60          22   0.0000000000000000        0.0000000000000000     
          65          22   0.0000000000000000        0.0000000000000000     
          70          22   0.0000000000000000        0.0000000000000000     
          75          22   0.0000000000000000        0.0000000000000000     
          80          22   0.0000000000000000        0.0000000000000000     
          85          22   0.0000000000000000        0.0000000000000000     
          90          22   0.0000000000000000        0.0000000000000000     
          95          22   0.0000000000000000        0.0000000000000000     
           0          23   0.0000000000000000        0.0000000000000000     
           5          23   0.0000000000000000        0.0000000000000000     
          10          23   0.0000000000000000        0.0000000000000000     
          15          23   0.0000000000000000        0.0000000000000000     
          20          23   0.0000000000000000        0.0000000000000000     
          25          23   0.0000000000000000        0.0000000000000000     
          30          23   0.0000000000000000        0.0000000000000000     
          35          23   0.0000000000000000        0.0000000000000000     
          40          23   0.0000000000000000        0.0000000000000000     
          45          23   0.0000000000000000        0.0000000000000000     
          50          23   0.0000000000000000        0.0000000000000000     
          55          23   0.0000000000000000        0.0000000000000000     
          60          23   0.0000000000000000        0.0000000000000000     
          65          23   0.0000000000000000        0.0000000000000000     
          70          23   0.0000000000000000        0.0000000000000000     
          75          23   0.0000000000000000        0.0000000000000000     
          80          23   0.0000000000000000        0.0000000000000000     
          85          23   0.0000000000000000        0.0000000000000000     
          90          23   0.0000000000000000        0.0000000000000000     
          95          23   0.0000000000000000        0.0000000000000000     
           0          24   0.0000000000000000        0.0000000000000000     
           5          24   0.0000000000000000        0.0000000000000000     
          10          24   0.0000000000000000        0.0000000000000000     
          15          24   0.0000000000000000        0.0000000000000000     
          20          24   0.0000000000000000        0.0000000000000000     
          25          24   0.0000000000000000        0.0000000000000000     
          30          24   0.0000000000000000        0.0000000000000000     
          35          24   0.0000000000000000        0.0000000000000000     
          40          24   0.0000000000000000        0.0000000000000000     
          45          24   0.0000000000000000        0.0000000000000000     
          50          24   0.0000000000000000        0.0000000000000000     
          55          24   0.0000000000000000        0.0000000000000000     
          60          24   0.0000000000000000        0.0000000000000000     
          65          24   0.0000000000000000        0.0000000000000000     
          70          24   0.0000000000000000        0.0000000000000000     
          75          24   0.0000000000000000        0.0000000000000000     
          80          24   0.0000000000000000        0.0000000000000000     
          85          24   0.0000000000000000        0.0000000000000000     
          90          24   0.0000000000000000        0.0000000000000000     
          95          24   0.0000000000000000        0.0000000000000000     
           0          25   0.0000000000000000        0.0000000000000000     
           5          25   0.0000000000000000        0.0000000000000000     
          10          25   0.0000000000000000        0.0000000000000000     
          15          25   0.0000000000000000        0.0000000000000000     
          20          25   0.0000000000000000        0.0000000000000000     
          25          25   0.0000000000000000        0.0000000000000000     
          30          25   0.0000000000000000        0.0000000000000000     
          35          25   0.0000000000000000        0.0000000000000000     
          40          25   0.0000000000000000        0.0000000000000000     
          45          25   0.0000000000000000        0.0000000000000000     
          50          25   0.0000000000000000        0.0000000000000000     
          55          25   0.0000000000000000        0.0000000000000000     
          60          25   0.0000000000000000        0.0000000000000000     
          65          25   0.0000000000000000        0.0000000000000000     
          70          25   0.0000000000000000        0.0000000000000000     
          75          25   0.0000000000000000        0.0000000000000000     
          80          25   0.0000000000000000        0.0000000000000000     
          85          25   0.0000000000000000        0.0000000000000000     
          90          25   0.0000000000000000        0.0000000000000000     
          95          25   0.0000000000000000        0.0000000000000000     
           0          26   0.0000000000000000        0.0000000000000000     
           5          26   0.0000000000000000        0.0000000000000000     
          10          26   0.0000000000000000        0.0000000000000000     
          15          26   0.0000000000000000        0.0000000000000000     
          20          26   0.0000000000000000        0.0000000000000000     
          25          26   0.0000000000000000        0.0000000000000000     
          30          26   0.0000000000000000        0.0000000000000000     
          35          26   0.0000000000000000        0.0000000000000000     
          40          26   0.0000000000000000        0.0000000000000000     
          45          26   0.0000000000000000        0.0000000000000000     
          50          26   0.0000000000000000        0.0000000000000000     
          55          26   0.0000000000000000        0.0000000000000000     
          60          26   0.0000000000000000        0.0000000000000000     
          65          26   0.0000000000000000        0.0000000000000000     
          70          26   0.0000000000000000        0.0000000000000000     
          75          26   0.0000000000000000        0.0000000000000000     
          80          26   0.0000000000000000        0.0000000000000000     
          85          26   0.0000000000000000        0.0000000000000000     
          90          26   0.0000000000000000        0.0000000000000000     
          95          26   0.0000000000000000        0.0000000000000000     
           0          27   0.0000000000000000        0.0000000000000000     
           5          27   0.0000000000000000        0.0000000000000000     
          10          27   0.0000000000000000        0.0000000000000000     
          15          27   0.0000000000000000        0.0000000000000000     
          20          27   0.0000000000000000        0.0000000000000000     
          25          27   0.0000000000000000        0.0000000000000000     
          30          27   0.0000000000000000        0.0000000000000000     
          35          27   0.0000000000000000        0.0000000000000000     
          40          27   0.0000000000000000        0.0000000000000000     
          45          27   0.0000000000000000        0.0000000000000000     
          50          27   0.0000000000000000        0.0000000000000000     
          55          27   0.0000000000000000        0.0000000000000000     
          60          27   0.0000000000000000        0.0000000000000000     
          65          27   0.0000000000000000        0.0000000000000000     
          70          27   0.0000000000000000        0.0000000000000000     
          75          27   0.0000000000000000        0.0000000000000000     
          80          27   0.0000000000000000        0.0000000000000000     
          85          27   0.0000000000000000        0.0000000000000000     
          90          27   0.0000000000000000        0.0000000000000000     
          95          27   0.0000000000000000        0.0000000000000000     
           0          28   0.0000000000000000        0.0000000000000000     
           5          28   0.0000000000000000        0.0000000000000000     
          10          28   0.0000000000000000        0.0000000000000000     
          15          28   0.0000000000000000        0.0000000000000000     
          20          28   0.0000000000000000        0.0000000000000000     
          25          28   0.0000000000000000        0.0000000000000000     
          30          28   0.0000000000000000        0.0000000000000000     
          35          28   0.0000000000000000        0.0000000000000000     
          40          28   0.0000000000000000        0.0000000000000000     
          45          28   0.0000000000000000        0.0000000000000000     
          50          28   0.0000000000000000        0.0000000000000000     
          55          28   0.0000000000000000        0.0000000000000000     
          60          28   0.0000000000000000        0.0000000000000000     
          65          28   0.0000000000000000        0.0000000000000000     
          70          28   0.0000000000000000        0.0000000000000000     
          75          28   0.0000000000000000        0.0000000000000000     
          80          28   0.0000000000000000        0.0000000000000000     
          85          28   0.0000000000000000        0.0000000000000000     
          90          28   0.0000000000000000        0.0000000000000000     
          95          28   0.0000000000000000        0.0000000000000000     
           0          29   0.0000000000000000        0.0000000000000000     
           5          29   0.0000000000000000        0.0000000000000000     
          10          29   0.0000000000000000        0.0000000000000000     
          15          29   0.0000000000000000        0.0000000000000000     
          20          29   0.0000000000000000        0.0000000000000000     
          25          29   0.0000000000000000        0.0000000000000000     
          30          29   0.0000000000000000        0.0000000000000000     
          35          29   0.0000000000000000        0.0000000000000000     
          40          29   0.0000000000000000        0.0000000000000000     
          45          29   0.0000000000000000        0.0000000000000000     
          50          29   0.0000000000000000        0.0000000000000000     
          55          29   0.0000000000000000        0.0000000000000000     
          60          29   0.0000000000000000        0.0000000000000000     
          65          29   0.0000000000000000        0.0000000000000000     
          70          29   0.0000000000000000        0.0000000000000000     
          75          29   0.0000000000000000        0.0000000000000000     
          80          29   0.0000000000000000        0.0000000000000000     
          85          29   0.0000000000000000        0.0000000000000000     
          90          29   0.0000000000000000        0.0000000000000000     
          95          29   0.0000000000000000        0.0000000000000000     
           0          30   0.0000000000000000        0.0000000000000000     
           5          30   0.0000000000000000        0.0000000000000000     
          10          30   0.0000000000000000        0.0000000000000000     
          15          30   0.0000000000000000        0.0000000000000000     
          20          30   0.0000000000000000        0.0000000000000000     
          25          30   0.0000000000000000        0.0000000000000000     
          30          30   0.0000000000000000        0.0000000000000000     
          35          30   0.0000000000000000        0.0000000000000000     
          40          30   0.0000000000000000        0.0000000000000000     
          45          30   0.0000000000000000        0.0000000000000000     
          50          30   0.0000000000000000        0.0000000000000000     
          55          30   0.0000000000000000        0.0000000000000000     
          60          30   0.0000000000000000        0.0000000000000000     
          65          30   0.0000000000000000        0.0000000000000000     
          70          30   0.0000000000000000        0.0000000000000000     
          75          30   0.0000000000000000        0.0000000000000000     
          80          30   0.0000000000000000        0.0000000000000000     
          85          30   0.0000000000000000        0.0000000000000000     
          90          30   0.0000000000000000        0.0000000000000000     
          95          30   0.0000000000000000        0.0000000000000000     
           0          31   0.0000000000000000        0.0000000000000000     
           5          31   0.0000000000000000        0.0000000000000000     
          10          31   0.0000000000000000        0.0000000000000000     
          15          31   0.0000000000000000        0.0000000000000000     
          20          31   0.0000000000000000        0.0000000000000000     
          25          31   0.0000000000000000        0.0000000000000000     
          30          31   0.0000000000000000        0.0000000000000000     
          35          31   0.0000000000000000        0.0000000000000000     
          40          31   0.0000000000000000        0.0000000000000000     
          45          31   0.0000000000000000        0.0000000000000000     
          50          31   0.0000000000000000        0.0000000000000000     
          55          31   0.0000000000000000        0.0000000000000000     
          60          31   0.0000000000000000        0.0000000000000000     
          65          31   0.0000000000000000        0.0000000000000000     
          70          31   0.0000000000000000        0.0000000000000000     
          75          31   0.0000000000000000        0.0000000000000000     
          80          31   0.0000000000000000        0.0000000000000000     
          85          31   0.0000000000000000        0.0000000000000000     
          90          31   0.0000000000000000        0.0000000000000000     
          95          31   0.0000000000000000        0.0000000000000000     
