           0           0   0.0000000000000000        0.0000000000000000     
           5           0   0.0000000000000000        0.0000000000000000     
          10           0   0.0000000000000000        0.0000000000000000     
          15           0   0.0000000000000000        0.0000000000000000     
          20           0   0.0000000000000000        0.0000000000000000     
          25           0   0.0000000000000000        0.0000000000000000     
          30           0   0.0000000000000000        0.0000000000000000     
          35           0   0.0000000000000000        0.0000000000000000     
          40           0   0.0000000000000000        0.0000000000000000     
          45           0   0.0000000000000000        0.0000000000000000     
          50           0   0.0000000000000000        0.0000000000000000     
          55           0   0.0000000000000000        0.0000000000000000     
          60           0   0.0000000000000000        0.0000000000000000     
          65           0   0.0000000000000000        0.0000000000000000     
          70           0   0.0000000000000000        0.0000000000000000     
          75           0   0.0000000000000000        0.0000000000000000     
          80           0   0.0000000000000000        0.0000000000000000     
          85           0   0.0000000000000000        0.0000000000000000     
          90           0   0.0000000000000000        0.0000000000000000     
          95           0   0.0000000000000000        0.0000000000000000     
           0           1  -8.5853622468082605E-002  -1.5966317417192427E-002
           5           1 -0.13726605390562696       -1.7981481135777300E-002
          10           1   3.1092732684367963E-003 -0.10089718423141741     
          15           1  -8.9817108342993279E-002 -0.14477048040943338     
          20           1 -0.13555809330212387        3.5359995855816645E-002
          25           1 -0.11642726058302966        8.0163423680744417E-002
          30           1 -0.29008094659610517       -1.7018357205758616E-002
          35           1   8.6229471069065866E-003   5.1460392276152234E-002
          40           1 -0.48145035906554945      -0.21834471184522045     
          45           1  -9.0954686979838328E-002   6.1108594885186940E-002
          50           1 -0.10922330299756311      -0.20167860644342006     
          55           1 -0.34479395908060262       0.16936285918161056     
          60           1 -0.52456360156494242      -0.15801528282212429     
          65           1   9.9396929242878684E-003   2.3176886519860745E-002
          70           1 -0.64719911994637336        5.4153121215420874E-002
          75           1   2.0487371311661562E-002  -2.6099250725868800E-002
          80           1  -8.9920427096545907E-002  -1.8099939256867315E-002
          85           1  -9.7538324461687864E-002   7.9097665885465018E-002
          90           1 -0.42263539610787326      -0.18477580248636716     
          95           1 -0.19369856322559720        1.3692572084621907E-002
           0           2 -0.45171045672381338       0.26109959985920472     
           5           2 -0.42164330271411699       0.13160466798913667     
          10           2 -0.23958903978604784      -0.12655413324697690     
          15           2 -0.53299050120081404       -5.6899355895152770E-002
          20           2 -0.19935263603082509        4.0695341479574099E-002
          25           2 -0.27843980209885100       0.20725591677255017     
          30           2 -0.23569646417587187        1.9545629351760962E-002
          35           2 -0.85446103997299794        6.7635401108968873E-002
          40           2 -0.19505282645104760        6.5902642492378372E-002
          45           2 -0.31789996374043117      -0.19193710364667077     
          50           2 -0.18665953629648513      -0.12881693326385196     
          55           2  -1.4536385776875438       0.44715879843115758     
          60           2 -0.37790797747905280       -4.6891242679765466E-002
          65           2 -0.17579764839958933       0.18513921266220812     
          70           2 -0.42965033639985606       0.13999079074216575     
          75           2 -0.11796577864320312        6.5684963239040495E-003
          80           2  -2.0429632643370610E-002   1.6349837435210290E-002
          85           2 -0.17646008497740340       0.16887319844664794     
          90           2 -0.12995452388087081        6.1048150730470818E-002
          95           2 -0.24753511295050323       0.18443578707259128     
           0           3 -0.60898901503091563       0.14998716708958248     
           5           3  -1.4607413030434668       0.21543615384804482     
          10           3 -0.55751835703610197      -0.13499220572622816     
          15           3  -1.1467530608474941       -1.8851373839584573E-002
          20           3 -0.99902775894306073        4.4769110884232410E-002
          25           3 -0.38057162037030690       0.25509145568695935     
          30           3 -0.77190342606558993       0.25302375881157413     
          35           3 -0.48836955680253702        8.4386587525381307E-003
          40           3 -0.71340332847447119       0.19991596079477897     
          45           3 -0.28748973471548478       -7.7381691218486592E-002
          50           3 -0.94929668282284219       -6.0787361319293576E-002
          55           3 -0.46336920301093265       -6.1278137904324792E-002
          60           3 -0.84973624882023202       0.17423220857831073     
          65           3 -0.71935536141709555      -0.63637107065667164     
          70           3 -0.23736046881661643       0.23441817796170106     
          75           3 -0.61541146770038857       0.14469841525328181     
          80           3  -1.1662692099112526      -0.10988988600725558     
          85           3  -1.0460979344040222       0.50381821102712254     
          90           3  -1.1006471503849369       0.21236337954873286     
          95           3 -0.69091786093156138       0.27628940016531656     
           0           4 -0.69422921198209264       0.12041972998130812     
           5           4 -0.96685950683059185       -6.6301705841168013E-002
          10           4  -1.6981528433583637      -0.24335205371449342     
          15           4 -0.72708721165687384       -5.5271450658950227E-002
          20           4 -0.56717763624286599        1.4987823630380204E-002
          25           4 -0.41578042123235903       -6.0701863058634786E-002
          30           4 -0.49040443058867567       0.18769327388777624     
          35           4  -1.1403023372180687        3.2075627513020177E-002
          40           4 -0.68640860399871162       0.21153659576597650     
          45           4 -0.75224378094373989      -0.10370239894627598     
          50           4 -0.62570489704039112      -0.27760620894622112     
          55           4 -0.50782142923422313      -0.18423474482005819     
          60           4 -0.58287154732994395       0.23290284596855226     
          65           4 -0.45791775693304615        9.7432456732590711E-002
          70           4 -0.92884918166058483       0.31406568709362037     
          75           4  -1.2985489440930920      -0.20134492100934431     
          80           4 -0.53128465455132279       0.18721020632252172     
          85           4 -0.42535015004285803       0.12008846527550299     
          90           4 -0.57848894547851692       0.20278398036720213     
          95           4  -1.5822335611248572       0.37785584306615494     
           0           5  -1.6005791188949416       0.36380974354453810     
           5           5 -0.88979061034631657       -5.6324103627491962E-002
          10           5  -1.8113906846070615      -0.39458780934004123     
          15           5 -0.65823380833218703       -8.0446101470704745E-002
          20           5 -0.72996263350666446       -3.2050952443254954E-002
          25           5  -1.1745269537188907       0.20190344025186602     
          30           5 -0.82843938322307853       0.19334625110674353     
          35           5 -0.69318543418739331       -2.3102035708807978E-002
          40           5 -0.83411733360017060       0.25393972554861588     
          45           5  -1.3751870415701362      -0.49839315123124950     
          50           5  -1.5119282128428502      -0.52993006021261058     
          55           5 -0.60055093825339689       -6.7527920531926244E-002
          60           5 -0.84352794884279270       0.14704959273130480     
          65           5 -0.70157847895102599       0.22998814316929628     
          70           5 -0.40002571039865487       0.13105538437863107     
          75           5 -0.53715663419939830       -6.4733777432879336E-003
          80           5 -0.57156371448985333       -2.3166293499424229E-002
          85           5 -0.66207774226945126       -3.4763115351263418E-002
          90           5 -0.54082804098021242       0.13059031134618482     
          95           5  -1.1603043867547402       0.37342716993703229     
           0           6 -0.85139900210983577       0.23103560243042942     
           5           6  -1.8983351386687302      -0.19423814781441284     
          10           6 -0.89919535267879436      -0.11736370687145947     
          15           6  -1.6662022715094316        5.8679981891074373E-002
          20           6 -0.83572831249628665       -4.1345386018187824E-002
          25           6 -0.78246767873657586        7.7672186096222617E-002
          30           6 -0.75203521695599296       0.12586577726125814     
          35           6 -0.85001820456009902        3.6597365002666304E-002
          40           6  -1.7135598150030962       0.45169581714646356     
          45           6 -0.80973690893659800      -0.32310027490559112     
          50           6 -0.85579166233418213       -5.3947354011069093E-002
          55           6 -0.75809970145113148       -8.8136908006075654E-002
          60           6 -0.76509272431746211       -9.8513903247499091E-003
          65           6  -1.5316508889362535       0.77585797392726308     
          70           6   0.0000000000000000        0.0000000000000000     
          75           6 -0.78844603529248936        8.8890091964055618E-002
          80           6 -0.96472844224870791      -0.11848901742203544     
          85           6 -0.81770524592461591        9.0693810144149012E-002
          90           6  -1.1358499219549234        9.7403472008802949E-002
          95           6 -0.73950603814765259        1.8784772486818424E-002
           0           7  -1.7827840288269337       0.31595941983694753     
           5           7 -0.90989489339242391       -7.9098485984557820E-002
          10           7 -0.91286121954109456       -8.5727759864123732E-002
          15           7  -1.8770978610196942       -5.9618738942474048E-002
          20           7  -1.9200739629710029      -0.11771713092398328     
          25           7 -0.95897335395112027       -2.0602409477044059E-002
          30           7 -0.70994020793802015        6.9087465103950807E-002
          35           7  -1.0651672576034166        5.5192100446993519E-002
          40           7  -1.1112515007871693       0.23905316353864392     
          45           7 -0.86869208493212113      -0.34798204086181062     
          50           7  -1.0144430147163153      -0.28403065939319738     
          55           7  -1.6934590141426398      -0.19507665038193123     
          60           7  -1.4245583523353478       0.36203206451548842     
          65           7  -1.1900186179247818       0.28629771798807657     
          70           7  -1.5693000177940952       0.31494346811863916     
          75           7  -2.1543426615655559       -7.2637814676063117E-002
          80           7  -2.0757107765478899       -3.1201549101494974E-002
          85           7  -1.9908426740500307       0.55005927693835277     
          90           7  -2.6838830475528486       0.12392985031500769     
          95           7 -0.98922894757769164       -1.2789348149133684E-002
           0           8  -1.0888833095805752       0.13102211473645098     
           5           8  -1.9750719113702935       0.12481024217858572     
          10           8 -0.85801972387306025        1.9388484765320291E-002
          15           8  -1.1199998893235419       -7.4318927698879822E-002
          20           8  -2.3557725487374781       -6.9168137831060461E-002
          25           8 -0.91430609252374229        8.7839646403797822E-003
          30           8  -2.0225894600789385       0.18975559560541200     
          35           8  -2.1728987748476092       0.24700895410012524     
          40           8  -2.0956293289181582       0.40421390270592439     
          45           8 -0.95730981790553837      -0.12118941445121711     
          50           8  -1.0744641242077524      -0.16656784514304523     
          55           8  -1.0041431648633026        5.2203411529533339E-002
          60           8  -2.5909509141897047       0.43602204830128777     
          65           8  -2.3420162883736051       0.65065567015784587     
          70           8  -2.3820026852061638      -0.17279851751525466     
          75           8 -0.93225488477899354       0.15053104922627125     
          80           8  -1.1854380359566097      -0.21111696580866646     
          85           8  -1.1610383543736447      -0.11951878757576750     
          90           8  -1.2985483741556614       0.10346086275730970     
          95           8 -0.87198054197101804       -4.0401577435650315E-002
           0           9  -2.2488774111475509        7.6726103213908825E-003
           5           9  -1.0653503753207949       0.19856154836420115     
          10           9  -2.0578129524490008      -0.10740910357492917     
          15           9  -1.0847234987487742       -1.9827083932721923E-002
          20           9  -1.2955583345983235       -7.7711880483166684E-002
          25           9  -2.8064882439698957      -0.12217778915538102     
          30           9  -1.5596299571757344        6.1099272465753307E-002
          35           9  -1.2083841906601611       0.15143206899312367     
          40           9  -1.1590237490571864       0.14384597293248813     
          45           9  -1.0290061616491375       -1.2387522077550450E-004
          50           9  -1.2727809489032627      -0.24409062451422048     
          55           9 -0.97806549498757889       -1.5505918923852668E-004
          60           9  -1.1418014623987283       0.24307194220085648     
          65           9  -1.3738674391627903       0.34782478542327855     
          70           9  -1.2050712337108305      -0.26294339455848470     
          75           9  -1.0465160047423705        3.7771610354453422E-002
          80           9  -1.0901429424492459      -0.42762143295169142     
          85           9  -1.3182173170178668      -0.19158215011985669     
          90           9  -1.3380336705892670       0.14726432714842752     
          95           9  -1.1182492165329183       -7.7702507218085914E-002
           0          10  -1.2945640671085035       -1.6011004405069862E-002
           5          10 -0.94723612366245935       0.20092372726862595     
          10          10  -1.1785435198620464       -3.4924813463732551E-002
          15          10  -1.2431526334338860       0.10190571380200297     
          20          10  -2.5383699689152106       -5.6493557260423044E-002
          25          10  -1.4507082614878541       -9.7004703334124809E-002
          30          10  -1.4417676539851820       0.10319047427514993     
          35          10  -1.6452713610648484       -1.4420440154622183E-002
          40          10  -1.4855942119090804        5.8733073674682723E-002
          45          10  -1.2048625529398338      -0.11951434514434478     
          50          10  -4.0671755301258106      -0.44675268464813844     
          55          10  -2.5851834399948093      -0.19226182019341231     
          60          10  -2.6000756635524702       0.29109161762894131     
          65          10  -1.3395257298698393       0.37267837794160985     
          70          10  -1.2289663854581079      -0.22085888554568278     
          75          10  -1.1467845444845803       -4.8697346693993282E-003
          80          10 -0.91793156560271427      -0.48687757149751265     
          85          10  -1.4578041561552624      -0.23807226596075926     
          90          10  -2.4926998379060095      -0.10090893943534573     
          95          10  -1.0120254581280630       -5.3171032793342121E-003
           0          11  -1.6553844444032721       0.19516085416976248     
           5          11  -1.0909997509019054       0.43136741694690950     
          10          11  -1.2033266340613635        5.3285345151393715E-002
          15          11  -2.6554214082646910       0.23241673687529607     
          20          11  -1.4734089698337227      -0.10799871756686508     
          25          11  -1.5262079292799324       -4.2427808644024401E-002
          30          11  -1.5455564011562783        8.1904371820457067E-002
          35          11  -1.7367783782845647      -0.18637781043454038     
          40          11  -1.6891958368747684       -4.6334818246118736E-002
          45          11  -1.3626021656198972        1.1873856995137100E-002
          50          11  -1.2383556510009441       0.34471499382793258     
          55          11  -1.3228296622669333       -9.8394614793384516E-003
          60          11  -1.6635549267485228       0.10540832682995327     
          65          11  -1.4047932097704940       0.24323000619705382     
          70          11  -1.3138382586463937      -0.18789834093646540     
          75          11  -4.0682981066031410       -7.7532240279759579E-002
          80          11  -1.1192648683677753       -4.3479703724230712E-002
          85          11  -2.9692517576207500      -0.33791733559163095     
          90          11  -2.9297566662311869       0.27625764244129658     
          95          11  -2.6027187705801591       0.13710584083670430     
           0          12  -3.8936512290273573       0.20082842642973886     
           5          12  -1.8519788580081964       0.10104304446409418     
          10          12  -1.5653216386574131        4.3336217187411874E-002
          15          12  -1.6933495398810394       -4.6502574155837806E-002
          20          12  -1.5287302465794017       -8.9148332386712603E-002
          25          12  -2.0451294044637747      -0.29052564977316564     
          30          12  -3.1160800900875696        4.6040978300965207E-002
          35          12  -3.3091924603767531      -0.34258496072123168     
          40          12  -1.5728241520251984      -0.14450189705972338     
          45          12  -2.9876957572105844       -2.6087429788046457E-002
          50          12  -1.3893485533900130       0.49146075474071349     
          55          12  -1.5920663925150791        1.7548906620090676E-002
          60          12  -1.7453724987592789      -0.19209738557568468     
          65          12  -3.2343901426634680       0.34575413481965911     
          70          12  -2.9836677889250041      -0.35736078963996554     
          75          12  -1.5992244946860801      -0.18610185270606650     
          80          12  -1.4246012415386478       0.19870267082125470     
          85          12  -1.6686221189943229        2.9226418259975517E-002
          90          12  -1.5598057572707713       0.11780011649642486     
          95          12  -1.7532108493145682       0.22393145287846750     
           0          13  -3.9296793539700481       0.28781546916656353     
           5          13  -3.5395943367363261       0.36157161961897222     
          10          13  -3.9497882769495840      -0.51648741760751404     
          15          13  -3.5680194736747994       -2.8456033893675681E-002
          20          13  -1.6668031264119310       -8.5931389634252842E-002
          25          13  -1.8072334406932233      -0.28257092919203863     
          30          13  -1.7485455224397484       -2.0647512270488555E-002
          35          13  -1.7067010618959655      -0.10105877805144381     
          40          13  -3.4628637833244991      -0.13129039717507673     
          45          13  -1.7367926231487418        3.7589484957745167E-002
          50          13  -1.7501485611826073       0.34572819033351632     
          55          13  -1.6827639007699347       -4.0571665612110230E-002
          60          13  -1.6848998885443667      -0.18269178378799156     
          65          13  -1.5160068385355885       -3.8984668578323500E-002
          70          13  -1.6143123861644959      -0.23761009782408138     
          75          13  -1.7520447629892910      -0.17660462558910517     
          80          13  -3.0526295399380121      -0.24749570175008895     
          85          13  -1.6379451354853192       0.10937208874184368     
          90          13  -1.4970480484965965        7.2696903169466864E-003
          95          13  -4.5219046580435851        2.3461178313421982E-002
           0          14  -1.7718128892629368       0.20710187759648280     
           5          14  -1.8588451694570574       0.15336188772474557     
          10          14  -1.8134529308355685      -0.18516751970121259     
          15          14  -1.7815930307979455       -1.8586535858733377E-002
          20          14  -1.9217388663161916       -1.6624865727954408E-002
          25          14   0.0000000000000000        0.0000000000000000     
          30          14  -1.7218886711217740        4.0878290485935054E-003
          35          14  -1.7167652165878122      -0.11821869960570996     
          40          14  -1.7415051441110885      -0.11896023865531902     
          45          14  -3.4810352433556346      -0.11004337283349042     
          50          14  -3.5116196501039365       0.88859809726810068     
          55          14  -3.2416328983442266       -9.4942425051536272E-002
          60          14  -1.8543019866623656      -0.20806102794340697     
          65          14  -1.6514322090355193       -5.8399199778513822E-002
          70          14  -1.7057545677123809      -0.21637280331665565     
          75          14  -1.9049986801100705      -0.13956520760943780     
          80          14  -3.4474969105191544      -0.31717090742316989     
          85          14  -3.7997461393413090      -0.25034337828300224     
          90          14  -1.8100458756642457       0.11864490797264260     
          95          14  -2.0089657987043541       -8.4192610355637854E-003
           0          15  -1.8804260019518393       0.17891986591189735     
           5          15  -4.0081726740467252       0.47299936320910341     
          10          15  -2.0189188490309093      -0.17932605290593706     
          15          15  -1.9845586226915901        5.6049411160663531E-002
          20          15  -1.9474264674906872        6.8153850968366569E-003
          25          15  -1.8810566443122623       -7.9397128607272549E-002
          30          15  -3.9756325467177334       -2.3349210515888341E-002
          35          15  -1.8599448380235417      -0.18807328382275390     
          40          15  -1.8926871438845749      -0.10103962548357881     
          45          15  -3.6863090279393163       -1.1729226961909589E-003
          50          15  -3.3924989342337675       0.19159356647147074     
          55          15  -1.9851552503602488      -0.30158242511096889     
          60          15  -2.0730733190787998      -0.25623833497745441     
          65          15  -1.8576148218030220       -3.7334181653969623E-002
          70          15  -1.9316910986388880      -0.16465350344163632     
          75          15  -3.7064496042527040      -0.38394407015140963     
          80          15  -1.8626259449550098      -0.16177022237273686     
          85          15  -3.7029528435117420      -0.36241296291150693     
          90          15   0.0000000000000000        0.0000000000000000     
          95          15  -5.8734394043136184       0.18679651472924830     
           0          16  -1.8169878980895271       0.12964495801376374     
           5          16  -1.9200378597701573       0.16274974664276520     
          10          16  -1.9615889101029516      -0.13772928125821426     
          15          16  -4.0771660191490922        6.4443650353851467E-002
          20          16  -4.2035239082249820        4.1986665199056361E-002
          25          16  -4.0786374687618032      -0.13435832144609305     
          30          16   0.0000000000000000        0.0000000000000000     
          35          16  -2.0010616393845160      -0.24787053220981514     
          40          16  -3.9005237550288063      -0.36754672959854462     
          45          16  -1.9152626764834535      -0.11698702790219340     
          50          16  -1.8415136605531846        3.9636798030151521E-002
          55          16  -2.0235062809692561      -0.11031177010956128     
          60          16  -2.2445612483190658      -0.17558772148096313     
          65          16  -4.0260016042648061      -0.23440833421595197     
          70          16  -2.0663043517721302      -0.20236127716816155     
          75          16  -1.8395724030917382       -3.8290362554815882E-002
          80          16  -3.9962129188486628      -0.54166861888749196     
          85          16  -1.9592054608807974       -9.3082902549723734E-002
          90          16  -2.0031714263402112      -0.19324589260238945     
          95          16  -2.0027923338572506        9.1880783596454130E-002
           0          17  -1.9394478142959912      -0.10215173638195019     
           5          17  -1.8527520783227780       0.19146806803010952     
          10          17  -1.7923604608219290        2.1532323076223214E-002
          15          17  -2.1947526218935032        4.9848763883364455E-002
          20          17  -4.3917985113345326       0.16278486132836889     
          25          17  -2.2300475917108598      -0.31647027898262792     
          30          17  -2.1854388934322566      -0.11679136978776095     
          35          17  -6.6968937662387207      -0.96840476419279842     
          40          17  -2.3901593496261642      -0.42712713893944265     
          45          17  -1.9923847220998381       -2.5817710026521112E-002
          50          17  -3.4458417737392999       0.17818800448210492     
          55          17  -1.9609628765382414       0.17440886445396764     
          60          17  -2.1378831221552375       -8.2465704857592748E-002
          65          17  -4.2804690342279628      -0.57446291452045717     
          70          17  -2.0163411121987274       -4.0490175338414591E-002
          75          17  -2.1259371662030180      -0.10822753778227945     
          80          17  -2.0213639076060996      -0.27758615331968661     
          85          17  -1.7735059919610219       -4.6580407218610453E-002
          90          17  -1.9904462497699615       -7.9787604737036055E-002
          95          17  -2.0643688370058921       -6.0575469592039077E-002
           0          18  -2.2161452274610829      -0.10677852363694118     
           5          18  -2.1302761442942852       0.23061254526945962     
          10          18  -4.4787924049113919      -0.29907463644535115     
          15          18  -2.3169611180123839        6.5885145636435105E-002
          20          18  -2.1898523319843766        4.1561314368665503E-002
          25          18  -2.3023273873240546      -0.14672231438250805     
          30          18  -4.6950660595651561      -0.36114071348625210     
          35          18  -2.3536830204790027      -0.29714171650430110     
          40          18  -2.3813044980341980      -0.51841833429155937     
          45          18  -2.0951938702146178       -3.9439338606617191E-002
          50          18   0.0000000000000000        0.0000000000000000     
          55          18  -2.4174282818056891       0.20814406653080209     
          60          18  -4.7280616295597433      -0.16316604519145406     
          65          18  -2.3572338799204839      -0.37006427380692486     
          70          18  -2.0741707297233791      -0.12943981282653727     
          75          18  -2.1608303614073510       0.29760050960947471     
          80          18  -2.1395578681071559      -0.17925995775436299     
          85          18  -2.1016366347492710       -4.1934578710600690E-002
          90          18  -2.2343719372031057      -0.14857030164627805     
          95          18  -1.8003159697776994        2.4401418879382852E-002
           0          19  -2.5737747728535361        9.2486979817452131E-002
           5          19  -4.7281827451815808       0.49982583229690736     
          10          19  -2.3559629522093561       0.55679769113470279     
          15          19  -2.3696032794262578        4.7000422296328281E-002
          20          19  -2.3406906362383184        7.9755938048597930E-002
          25          19  -2.3777314434214603      -0.23244112047099419     
          30          19  -2.5060210389343807      -0.28331132348125010     
          35          19  -2.4729220102032157      -0.23371917942993647     
          40          19  -2.4671204700127403      -0.45191917202258569     
          45          19  -2.3555983830231275      -0.10988513863580129     
          50          19  -2.2139440844559655       -7.7065078540883292E-003
          55          19  -2.0554331144218008       0.16522759112569396     
          60          19  -2.8112854671646925      -0.50688062671833123     
          65          19   0.0000000000000000        0.0000000000000000     
          70          19  -2.1630455812327032       -2.8687105713687266E-002
          75          19  -2.0062955033994800       0.20450400405325198     
          80          19   0.0000000000000000        0.0000000000000000     
          85          19  -2.1752954155151993       -7.0052520475261115E-002
          90          19  -2.2867715658259069       -2.7482775410980764E-002
          95          19  -2.2905232521042151        8.2265294038541548E-002
           0          20  -2.4561873105748142      -0.22561807191845418     
           5          20   0.0000000000000000        0.0000000000000000     
          10          20   0.0000000000000000        0.0000000000000000     
          15          20  -2.2902070623215254       -5.6896135335327003E-002
          20          20  -2.3849228029670932        5.5280578094563104E-002
          25          20   0.0000000000000000        0.0000000000000000     
          30          20   0.0000000000000000        0.0000000000000000     
          35          20  -2.3636401797294537      -0.17339039942110279     
          40          20  -2.6803338287434419      -0.44341474586595542     
          45          20  -2.3944193155139848      -0.10466065054448581     
          50          20  -2.2617817775760773      -0.14348960130083910     
          55          20  -2.3427111695062397      -0.26501667883926938     
          60          20   0.0000000000000000        0.0000000000000000     
          65          20  -2.5654673362229818      -0.50296417399009474     
          70          20  -2.0924063711669216       -5.3524265847260111E-003
          75          20   0.0000000000000000        0.0000000000000000     
          80          20   0.0000000000000000        0.0000000000000000     
          85          20   0.0000000000000000        0.0000000000000000     
          90          20  -2.4145707294509489       0.10048061926060115     
          95          20  -4.5939502032843471      -0.11570607472505268     
           0          21   0.0000000000000000        0.0000000000000000     
           5          21   0.0000000000000000        0.0000000000000000     
          10          21   0.0000000000000000        0.0000000000000000     
          15          21   0.0000000000000000        0.0000000000000000     
          20          21   0.0000000000000000        0.0000000000000000     
          25          21   0.0000000000000000        0.0000000000000000     
          30          21  -2.8292999053142198      -0.38879134352909350     
          35          21   0.0000000000000000        0.0000000000000000     
          40          21  -2.4383422664503440      -0.36937424540195440     
          45          21  -2.5333461002602364      -0.11284703711034183     
          50          21  -2.4228512104140787      -0.14718324401585825     
          55          21   0.0000000000000000        0.0000000000000000     
          60          21   0.0000000000000000        0.0000000000000000     
          65          21   0.0000000000000000        0.0000000000000000     
          70          21   0.0000000000000000        0.0000000000000000     
          75          21   0.0000000000000000        0.0000000000000000     
          80          21   0.0000000000000000        0.0000000000000000     
          85          21   0.0000000000000000        0.0000000000000000     
          90          21   0.0000000000000000        0.0000000000000000     
          95          21   0.0000000000000000        0.0000000000000000     
           0          22   0.0000000000000000        0.0000000000000000     
           5          22   0.0000000000000000        0.0000000000000000     
          10          22   0.0000000000000000        0.0000000000000000     
          15          22   0.0000000000000000        0.0000000000000000     
          20          22   0.0000000000000000        0.0000000000000000     
          25          22   0.0000000000000000        0.0000000000000000     
          30          22   0.0000000000000000        0.0000000000000000     
          35          22   0.0000000000000000        0.0000000000000000     
          40          22   0.0000000000000000        0.0000000000000000     
          45          22   0.0000000000000000        0.0000000000000000     
          50          22   0.0000000000000000        0.0000000000000000     
          55          22   0.0000000000000000        0.0000000000000000     
          60          22   0.0000000000000000        0.0000000000000000     
          65          22   0.0000000000000000        0.0000000000000000     
          70          22   0.0000000000000000        0.0000000000000000     
          75          22   0.0000000000000000        0.0000000000000000     
          80          22   0.0000000000000000        0.0000000000000000     
          85          22   0.0000000000000000        0.0000000000000000     
          90          22   0.0000000000000000        0.0000000000000000     
          95          22   0.0000000000000000        0.0000000000000000     
           0          23   0.0000000000000000        0.0000000000000000     
           5          23   0.0000000000000000        0.0000000000000000     
          10          23   0.0000000000000000        0.0000000000000000     
          15          23   0.0000000000000000        0.0000000000000000     
          20          23   0.0000000000000000        0.0000000000000000     
          25          23   0.0000000000000000        0.0000000000000000     
          30          23   0.0000000000000000        0.0000000000000000     
          35          23   0.0000000000000000        0.0000000000000000     
          40          23   0.0000000000000000        0.0000000000000000     
          45          23   0.0000000000000000        0.0000000000000000     
          50          23   0.0000000000000000        0.0000000000000000     
          55          23   0.0000000000000000        0.0000000000000000     
          60          23   0.0000000000000000        0.0000000000000000     
          65          23   0.0000000000000000        0.0000000000000000     
          70          23   0.0000000000000000        0.0000000000000000     
          75          23   0.0000000000000000        0.0000000000000000     
          80          23   0.0000000000000000        0.0000000000000000     
          85          23   0.0000000000000000        0.0000000000000000     
          90          23   0.0000000000000000        0.0000000000000000     
          95          23   0.0000000000000000        0.0000000000000000     
           0          24   0.0000000000000000        0.0000000000000000     
           5          24   0.0000000000000000        0.0000000000000000     
          10          24   0.0000000000000000        0.0000000000000000     
          15          24   0.0000000000000000        0.0000000000000000     
          20          24   0.0000000000000000        0.0000000000000000     
          25          24   0.0000000000000000        0.0000000000000000     
          30          24   0.0000000000000000        0.0000000000000000     
          35          24   0.0000000000000000        0.0000000000000000     
          40          24   0.0000000000000000        0.0000000000000000     
          45          24   0.0000000000000000        0.0000000000000000     
          50          24   0.0000000000000000        0.0000000000000000     
          55          24   0.0000000000000000        0.0000000000000000     
          60          24   0.0000000000000000        0.0000000000000000     
          65          24   0.0000000000000000        0.0000000000000000     
          70          24   0.0000000000000000        0.0000000000000000     
          75          24   0.0000000000000000        0.0000000000000000     
          80          24   0.0000000000000000        0.0000000000000000     
          85          24   0.0000000000000000        0.0000000000000000     
          90          24   0.0000000000000000        0.0000000000000000     
          95          24   0.0000000000000000        0.0000000000000000     
           0          25   0.0000000000000000        0.0000000000000000     
           5          25   0.0000000000000000        0.0000000000000000     
          10          25   0.0000000000000000        0.0000000000000000     
          15          25   0.0000000000000000        0.0000000000000000     
          20          25   0.0000000000000000        0.0000000000000000     
          25          25   0.0000000000000000        0.0000000000000000     
          30          25   0.0000000000000000        0.0000000000000000     
          35          25   0.0000000000000000        0.0000000000000000     
          40          25   0.0000000000000000        0.0000000000000000     
          45          25   0.0000000000000000        0.0000000000000000     
          50          25   0.0000000000000000        0.0000000000000000     
          55          25   0.0000000000000000        0.0000000000000000     
          60          25   0.0000000000000000        0.0000000000000000     
          65          25   0.0000000000000000        0.0000000000000000     
          70          25   0.0000000000000000        0.0000000000000000     
          75          25   0.0000000000000000        0.0000000000000000     
          80          25   0.0000000000000000        0.0000000000000000     
          85          25   0.0000000000000000        0.0000000000000000     
          90          25   0.0000000000000000        0.0000000000000000     
          95          25   0.0000000000000000        0.0000000000000000     
           0          26   0.0000000000000000        0.0000000000000000     
           5          26   0.0000000000000000        0.0000000000000000     
          10          26   0.0000000000000000        0.0000000000000000     
          15          26   0.0000000000000000        0.0000000000000000     
          20          26   0.0000000000000000        0.0000000000000000     
          25          26   0.0000000000000000        0.0000000000000000     
          30          26   0.0000000000000000        0.0000000000000000     
          35          26   0.0000000000000000        0.0000000000000000     
          40          26   0.0000000000000000        0.0000000000000000     
          45          26   0.0000000000000000        0.0000000000000000     
          50          26   0.0000000000000000        0.0000000000000000     
          55          26   0.0000000000000000        0.0000000000000000     
          60          26   0.0000000000000000        0.0000000000000000     
          65          26   0.0000000000000000        0.0000000000000000     
          70          26   0.0000000000000000        0.0000000000000000     
          75          26   0.0000000000000000        0.0000000000000000     
          80          26   0.0000000000000000        0.0000000000000000     
          85          26   0.0000000000000000        0.0000000000000000     
          90          26   0.0000000000000000        0.0000000000000000     
          95          26   0.0000000000000000        0.0000000000000000     
           0          27   0.0000000000000000        0.0000000000000000     
           5          27   0.0000000000000000        0.0000000000000000     
          10          27   0.0000000000000000        0.0000000000000000     
          15          27   0.0000000000000000        0.0000000000000000     
          20          27   0.0000000000000000        0.0000000000000000     
          25          27   0.0000000000000000        0.0000000000000000     
          30          27   0.0000000000000000        0.0000000000000000     
          35          27   0.0000000000000000        0.0000000000000000     
          40          27   0.0000000000000000        0.0000000000000000     
          45          27   0.0000000000000000        0.0000000000000000     
          50          27   0.0000000000000000        0.0000000000000000     
          55          27   0.0000000000000000        0.0000000000000000     
          60          27   0.0000000000000000        0.0000000000000000     
          65          27   0.0000000000000000        0.0000000000000000     
          70          27   0.0000000000000000        0.0000000000000000     
          75          27   0.0000000000000000        0.0000000000000000     
          80          27   0.0000000000000000        0.0000000000000000     
          85          27   0.0000000000000000        0.0000000000000000     
          90          27   0.0000000000000000        0.0000000000000000     
          95          27   0.0000000000000000        0.0000000000000000     
           0          28   0.0000000000000000        0.0000000000000000     
           5          28   0.0000000000000000        0.0000000000000000     
          10          28   0.0000000000000000        0.0000000000000000     
          15          28   0.0000000000000000        0.0000000000000000     
          20          28   0.0000000000000000        0.0000000000000000     
          25          28   0.0000000000000000        0.0000000000000000     
          30          28   0.0000000000000000        0.0000000000000000     
          35          28   0.0000000000000000        0.0000000000000000     
          40          28   0.0000000000000000        0.0000000000000000     
          45          28   0.0000000000000000        0.0000000000000000     
          50          28   0.0000000000000000        0.0000000000000000     
          55          28   0.0000000000000000        0.0000000000000000     
          60          28   0.0000000000000000        0.0000000000000000     
          65          28   0.0000000000000000        0.0000000000000000     
          70          28   0.0000000000000000        0.0000000000000000     
          75          28   0.0000000000000000        0.0000000000000000     
          80          28   0.0000000000000000        0.0000000000000000     
          85          28   0.0000000000000000        0.0000000000000000     
          90          28   0.0000000000000000        0.0000000000000000     
          95          28   0.0000000000000000        0.0000000000000000     
           0          29   0.0000000000000000        0.0000000000000000     
           5          29   0.0000000000000000        0.0000000000000000     
          10          29   0.0000000000000000        0.0000000000000000     
          15          29   0.0000000000000000        0.0000000000000000     
          20          29   0.0000000000000000        0.0000000000000000     
          25          29   0.0000000000000000        0.0000000000000000     
          30          29   0.0000000000000000        0.0000000000000000     
          35          29   0.0000000000000000        0.0000000000000000     
          40          29   0.0000000000000000        0.0000000000000000     
          45          29   0.0000000000000000        0.0000000000000000     
          50          29   0.0000000000000000        0.0000000000000000     
          55          29   0.0000000000000000        0.0000000000000000     
          60          29   0.0000000000000000        0.0000000000000000     
          65          29   0.0000000000000000        0.0000000000000000     
          70          29   0.0000000000000000        0.0000000000000000     
          75          29   0.0000000000000000        0.0000000000000000     
          80          29   0.0000000000000000        0.0000000000000000     
          85          29   0.0000000000000000        0.0000000000000000     
          90          29   0.0000000000000000        0.0000000000000000     
          95          29   0.0000000000000000        0.0000000000000000     
           0          30   0.0000000000000000        0.0000000000000000     
           5          30   0.0000000000000000        0.0000000000000000     
          10          30   0.0000000000000000        0.0000000000000000     
          15          30   0.0000000000000000        0.0000000000000000     
          20          30   0.0000000000000000        0.0000000000000000     
          25          30   0.0000000000000000        0.0000000000000000     
          30          30   0.0000000000000000        0.0000000000000000     
          35          30   0.0000000000000000        0.0000000000000000     
          40          30   0.0000000000000000        0.0000000000000000     
          45          30   0.0000000000000000        0.0000000000000000     
          50          30   0.0000000000000000        0.0000000000000000     
          55          30   0.0000000000000000        0.0000000000000000     
          60          30   0.0000000000000000        0.0000000000000000     
          65          30   0.0000000000000000        0.0000000000000000     
          70          30   0.0000000000000000        0.0000000000000000     
          75          30   0.0000000000000000        0.0000000000000000     
          80          30   0.0000000000000000        0.0000000000000000     
          85          30   0.0000000000000000        0.0000000000000000     
          90          30   0.0000000000000000        0.0000000000000000     
          95          30   0.0000000000000000        0.0000000000000000     
           0          31   0.0000000000000000        0.0000000000000000     
           5          31   0.0000000000000000        0.0000000000000000     
          10          31   0.0000000000000000        0.0000000000000000     
          15          31   0.0000000000000000        0.0000000000000000     
          20          31   0.0000000000000000        0.0000000000000000     
          25          31   0.0000000000000000        0.0000000000000000     
          30          31   0.0000000000000000        0.0000000000000000     
          35          31   0.0000000000000000        0.0000000000000000     
          40          31   0.0000000000000000        0.0000000000000000     
          45          31   0.0000000000000000        0.0000000000000000     
          50          31   0.0000000000000000        0.0000000000000000     
          55          31   0.0000000000000000        0.0000000000000000     
          60          31   0.0000000000000000        0.0000000000000000     
          65          31   0.0000000000000000        0.0000000000000000     
          70          31   0.0000000000000000        0.0000000000000000     
          75          31   0.0000000000000000        0.0000000000000000     
          80          31   0.0000000000000000        0.0000000000000000     
          85          31   0.0000000000000000        0.0000000000000000     
          90          31   0.0000000000000000        0.0000000000000000     
          95          31   0.0000000000000000        0.0000000000000000     
