           0           0   0.0000000000000000        0.0000000000000000     
           5           0   0.0000000000000000        0.0000000000000000     
          10           0   0.0000000000000000        0.0000000000000000     
          15           0   0.0000000000000000        0.0000000000000000     
          20           0   0.0000000000000000        0.0000000000000000     
          25           0   0.0000000000000000        0.0000000000000000     
          30           0   0.0000000000000000        0.0000000000000000     
          35           0   0.0000000000000000        0.0000000000000000     
          40           0   0.0000000000000000        0.0000000000000000     
          45           0   0.0000000000000000        0.0000000000000000     
          50           0   0.0000000000000000        0.0000000000000000     
          55           0   0.0000000000000000        0.0000000000000000     
          60           0   0.0000000000000000        0.0000000000000000     
          65           0   0.0000000000000000        0.0000000000000000     
          70           0   0.0000000000000000        0.0000000000000000     
          75           0   0.0000000000000000        0.0000000000000000     
          80           0   0.0000000000000000        0.0000000000000000     
          85           0   0.0000000000000000        0.0000000000000000     
          90           0   0.0000000000000000        0.0000000000000000     
          95           0   0.0000000000000000        0.0000000000000000     
           0           1 -0.63985959314452434       0.29710896008405124     
           5           1 -0.28793586357940548        8.4745507761638944E-002
          10           1  0.14963442654891690       -4.9556232731406274E-002
          15           1 -0.19510924130522467        1.0155506289404557     
          20           1  0.20348019072524703       0.40421741418515678     
          25           1 -0.51493851412842684       0.34799512068250937     
          30           1 -0.28909160584567051       0.72260737957649179     
          35           1  -1.5131764608361520      -0.64977133372962759     
          40           1   0.0000000000000000        0.0000000000000000     
          45           1  -1.1398969897485900        6.2051188657544915E-002
          50           1 -0.42722208433376707      -0.21824391290982403     
          55           1  0.27987459820577598       0.43613300383688047     
          60           1  -1.1407912445582369      -0.87863394875181688     
          65           1 -0.76041560449491286       0.15815451821060353     
          70           1   8.1755398064764506E-002 -0.22525895118759298     
          75           1 -0.95486086280960336       0.19150044733105137     
          80           1  0.63824526104427903       -5.4631354256574893E-002
          85           1 -0.28476611650507522      -0.99879449260584230     
          90           1 -0.76873489017081909      -0.34398988688771198     
          95           1 -0.84318469217747882       0.14912024105301694     
           0           2  -2.0367127110067456      -0.91814665001473117     
           5           2  -2.0369068125979104       0.71138545652830310     
          10           2 -0.77680757058926075       0.36623004251060826     
          15           2 -0.80812317847789306      -0.14372338661083894     
          20           2  -1.2465713463236106       0.55952339007514507     
          25           2  -1.6074284560790852       0.52538551949928014     
          30           2  -1.6049971623477433       0.23851038638576794     
          35           2  -1.3203708180031803        7.4394783783904295E-002
          40           2  -1.9398702328798922       0.71673515864085346     
          45           2 -0.74589452410622759      -0.82543318567114554     
          50           2  -1.2398252500123164       0.21616713527676523     
          55           2 -0.97586265318305720      -0.56554707084675859     
          60           2  -1.9741225774283500        3.1981163768277088E-002
          65           2  -1.1237841378086699        2.1074375715565696E-002
          70           2   0.0000000000000000        0.0000000000000000     
          75           2  -1.7092839526200443        1.0719776052017793     
          80           2   4.0721686596079110E-002  0.13108708848345862     
          85           2 -0.79353488921851678       -7.3705263305690050E-002
          90           2  -2.2585220795257044      -0.30891555331223619     
          95           2  -1.6504132060868315        8.5800049300227554E-002
           0           3   0.0000000000000000        0.0000000000000000     
           5           3  -2.9987094307119819        5.5350759696898288E-002
          10           3  -2.3640856095576144        6.3314376992501531E-002
          15           3  -1.7536725897512873        8.4237254501171033E-002
          20           3  -2.3364773295661556      -0.19883188645569705     
          25           3  -1.5943039266702597      -0.64705765115483094     
          30           3  -4.2180924157808608        1.1252687288160201     
          35           3  -2.1043589267705221      -0.42024594551604011     
          40           3  -3.4378184924954702       0.35946855030249969     
          45           3  -2.3133052113688546       0.24231232760615895     
          50           3  -3.1605090501751754       0.12931740182270390     
          55           3  -3.4373006877208567       0.27754357463619095     
          60           3  -2.2576830114995339       0.40632053994085759     
          65           3  -1.3678391221705333        7.6805396349438615E-002
          70           3  -1.8242695684889121       0.34750933608232448     
          75           3 -0.39159194913818141       -4.4477977759610487E-002
          80           3  -1.3441217348297840      -0.26553806383861067     
          85           3   0.0000000000000000        0.0000000000000000     
          90           3  -2.0548554764443505      -0.24543514445481140     
          95           3  -1.9900303125375274       -3.3502307101446194E-002
           0           4  -2.2491677422382623       0.22793397154122208     
           5           4  -3.1809782785170020      -0.60528787718734656     
          10           4  -6.4115395288445729      -0.26219244793020124     
          15           4  -2.7337715373343396       -1.5541668359347893E-002
          20           4  -3.7026895522124237      -0.70147859019258074     
          25           4  -1.6101150547426224      -0.23057137995038945     
          30           4  -2.6870588586003219        1.3476271007524521     
          35           4  -2.2650813971764050      -0.32433308576260145     
          40           4  -2.8824592872361832       -9.0738171864696016E-002
          45           4  -3.0614255385180700        1.4120845482495925E-002
          50           4  -2.3942807930832366      -0.23864705082310422     
          55           4  -2.3774119427732998       0.90976447796001225     
          60           4  -1.4049025095852485       0.26302413426729232     
          65           4  -3.3911430720157121      -0.93363070968091599     
          70           4  -3.5399321107498771        1.1249157200713538     
          75           4  -2.7039452439447942       0.28789948857410597     
          80           4  -2.6023727354962389      -0.27494525383725543     
          85           4  -5.9956824723172986        9.1736764003536031E-002
          90           4  -2.0761869049412685        1.0994807949345209     
          95           4  -2.1733076657004524      -0.41431309999243049     
           0           5  -3.3150743182451796      -0.48284256450939478     
           5           5  -6.8230731006085197       0.65612755195627870     
          10           5  -7.0986824868571325        1.3886133518187238E-002
          15           5  -3.0449293069065297      -0.46126235046052566     
          20           5  -3.1927365900433213        7.1994844184908313E-002
          25           5  -2.0610041543761559       0.15348139099174984     
          30           5  -3.1409592273862197       0.84670892797469866     
          35           5  -2.6138681859361190      -0.22553948857945150     
          40           5  -6.9865422168441382        1.4491244020101157E-002
          45           5  -3.3179762203933150      -0.16643367813110044     
          50           5   0.0000000000000000        0.0000000000000000     
          55           5  -2.9465449774168651        1.0966055340464602     
          60           5   0.0000000000000000        0.0000000000000000     
          65           5  -2.9872250495865948       0.50997355060991567     
          70           5  -3.8915732894717614      -0.78782245939490458     
          75           5  -3.9593975278373605        1.1915782487491311     
          80           5  -2.5023137274682306       0.49422777303229082     
          85           5  -3.5520114738618602       0.23968574873980963     
          90           5  -2.6917217919586456      -0.85807321185543683     
          95           5  -3.3266572458390264      -0.75433985658054925     
           0           6  -4.2107470706178711      -0.31871191542562349     
           5           6  -2.6338192430763043        1.2668054937299555     
          10           6  -3.6840246785052599      -0.24290649104960482     
          15           6  -3.8365548350755008      -0.43236348275035863     
          20           6  -8.2568947977312845      -0.55372105680247252     
          25           6   0.0000000000000000        0.0000000000000000     
          30           6  -7.2806580488848915        1.3667684873093500     
          35           6  -4.2115153672245276       0.19694090957353416     
          40           6  -4.5428117095253073      -0.59477305942509662     
          45           6   0.0000000000000000        0.0000000000000000     
          50           6  -8.0911354494506149      -0.76789025759818608     
          55           6  -3.4084467308326261        1.3351067787144981     
          60           6  -7.9441088341536403       0.43939324266814572     
          65           6  -3.2607160822917258       0.32831523210846703     
          70           6  -3.8631325503701852      -0.30973481353432919     
          75           6  -8.7130990433670341       0.14768049626412427     
          80           6  -4.4744708028354729       -3.3774746002745992E-002
          85           6  -8.0899937228129382      -0.38824730292943976     
          90           6  -3.0546902180494939       -8.8664092123408311E-002
          95           6  -3.1763816594199135      -0.31683693781439648     
           0           7  -4.2943401174290479       0.17252266953912687     
           5           7  -4.2097843481456865        2.8655628256518684E-002
          10           7  -7.8412127453814087       -5.3491808058581114E-002
          15           7  -4.0920380226139308      -0.36741229700473776     
          20           7  -5.0955682644360234      -0.21403316108767334     
          25           7  -9.7570847848871267       -1.1971235250837764     
          30           7   0.0000000000000000        0.0000000000000000     
          35           7  -3.8707479630634145       0.51788182522521931     
          40           7  -4.5035426340483964      -0.19299176652970429     
          45           7  -4.9754782131966602       0.80729932971979057     
          50           7  -4.5022645375958348      -0.38690969094243299     
          55           7  -8.2673510319852817      -0.39774038339920881     
          60           7  -3.8000623966172320      -0.17433855963741585     
          65           7  -4.0973307040625961       0.22433184445988519     
          70           7  -3.7152125911155132      -0.26028461234658962     
          75           7   0.0000000000000000        0.0000000000000000     
          80           7  -4.2113437974289347       0.54117679755508186     
          85           7  -4.1870239888730509       0.20533249715307123     
          90           7  -3.8358528985793505       0.52407980275018251     
          95           7   0.0000000000000000        0.0000000000000000     
           0           8  -5.5152351571831950      -0.16096144347430008     
           5           8  -5.0182691508241639      -0.24709229793182241     
          10           8  -4.7914841372556634       0.23780337408282892     
          15           8  -10.743505167886136      -0.43203887760190351     
          20           8  -5.6217530590918496       0.20883130303947506     
          25           8  -5.3035456712546836       0.14955451113921048     
          30           8  -3.7431759710043755        7.3454714076132133E-002
          35           8  -3.7913467370226384       0.69083905881728302     
          40           8  -4.8915922086806285      -0.18525086153811654     
          45           8  -5.1072792707235193      -0.11222170264071907     
          50           8  -9.1312095310680519        3.4295915125465148E-002
          55           8  -5.2311741186716887      -0.27303088479299631     
          60           8   0.0000000000000000        0.0000000000000000     
          65           8  -4.8053344863241421       0.25101374234490215     
          70           8  -5.2348707963045804      -0.30576395011028268     
          75           8  -5.0687503781576826      -0.51170861321211958     
          80           8  -11.596271297995564      -0.30680358037799005     
          85           8  -4.1798068113929610       0.54896308884930245     
          90           8  -3.9638670942077070       0.60708563140929317     
          95           8  -4.1466337171192080       0.29969161047291304     
           0           9  -5.5827276217494752      -0.59127732387684317     
           5           9  -4.7852698822441893      -0.15771690406243821     
          10           9   0.0000000000000000        0.0000000000000000     
          15           9  -4.9975472395219489       0.16237701949653460     
          20           9  -5.5768542824063960       0.68779120352482903     
          25           9  -11.193231637068868      -0.75632809961881375     
          30           9  -10.523924731744572        7.0130846000632241E-002
          35           9  -5.3188192991987515       0.20166581936181815     
          40           9  -10.062528420072825      -0.29501290405992142     
          45           9  -5.7049035642170454        4.0928774301257631E-002
          50           9  -5.1967629686933137      -0.55133881917621141     
          55           9  -5.9176221617818214      -0.24576693776132141     
          60           9  -4.7036800456978778        1.7429928330925382E-002
          65           9  -5.9590840654122346       0.33992174949884491     
          70           9  -5.7939087632907782      -0.11914132260537613     
          75           9  -10.863753396859188      -0.41714273340487384     
          80           9  -6.0988984547294400      -0.33548194072516302     
          85           9  -4.9857830771515843       0.53033620533826653     
          90           9  -5.4548236937712602      -0.28242274425660518     
          95           9   0.0000000000000000        0.0000000000000000     
           0          10  -5.8340480504822407      -0.43086262682581755     
           5          10  -5.8576674135608213      -0.51395969966075428     
          10          10  -12.436075575256305       0.28854835970801296     
          15          10  -6.3766563190792436      -0.10983051013518930     
          20          10  -5.5562364610683979       0.28044846442212834     
          25          10  -6.5575722529004343       -2.0940558842358348E-002
          30          10  -5.9324535125054867      -0.60159213494767605     
          35          10  -6.4199541331327881      -0.49383177909520515     
          40          10  -11.921963633005905       0.57612450695382345     
          45          10  -6.0322059643275194      -0.47397330484741373     
          50          10  -6.4668077131935231      -0.16773389311275366     
          55          10  -5.3236004610845988       0.43549915133903050     
          60          10  -5.6856410896399812       -3.5677672314271547E-002
          65          10  -5.8874935674602114       -6.6144038633614288E-002
          70          10  -6.0034044197720959      -0.33741743008949832     
          75          10  -5.4254512322060577       0.25147936361408219     
          80          10  -6.1633100921421047      -0.51380615323129430     
          85          10  -6.2831476081637305        1.0337941472242373     
          90          10  -6.1603903217277711      -0.17858246805321776     
          95          10  -5.5566592845623930      -0.22481740891436286     
           0          11  -6.4624332687376791       0.19109476648307422     
           5          11  -5.5966453447012920       0.12465283669590987     
          10          11  -6.3293788431818818      -0.15235591986698105     
          15          11  -13.124517443386662      -0.17514463676995828     
          20          11  -6.3679731770971415       0.17227135245101444     
          25          11   0.0000000000000000        0.0000000000000000     
          30          11  -6.7029904445886634      -0.19406601378488264     
          35          11  -6.2974901072437861      -0.16968915819329244     
          40          11  -12.206576243962708       0.38662332214112194     
          45          11  -6.2541843793750829      -0.38451329980745963     
          50          11  -6.5308036765787669       0.41710568215044819     
          55          11  -6.0622556696399155       0.64915581850594206     
          60          11  -12.307994644342735       0.36517339326608278     
          65          11  -6.8350757150992258      -0.16813350065689181     
          70          11  -6.8754921456926077      -0.14823852769005330     
          75          11  -5.6183652943797568       0.57728536298082278     
          80          11  -7.3860145403070732      -0.69404283169885450     
          85          11  -6.5294301722507164      -0.18378697903317920     
          90          11  -6.0669828757875521       0.34065787669165792     
          95          11  -13.365664058476723       -1.3125280842707365     
           0          12  -6.5964779294375573       0.43417669516196411     
           5          12  -6.3298894778945209        4.1715731792790756E-002
          10          12  -6.8330010914849355       -6.8183403802157816E-003
          15          12  -7.2642551499257912       -6.7948853444410595E-002
          20          12  -13.587948208513279      -0.16091176794061357     
          25          12  -7.0155589587794775       -4.1366334031928131E-002
          30          12  -14.122417971803580       0.25185395697194246     
          35          12   0.0000000000000000        0.0000000000000000     
          40          12  -13.364276516321105       0.95880144151891389     
          45          12  -6.5424355267668100       0.42731140646637411     
          50          12  -6.9712801259780299       0.44559570705662854     
          55          12  -14.105828945978338      -0.58766494877668385     
          60          12  -7.2617322244705740       0.66806921578121958     
          65          12  -6.9696052873524650        6.9791839672900258E-002
          70          12  -6.1700040949697055        1.2071397243462734E-002
          75          12  -7.7191249584607213      -0.56484508142010115     
          80          12  -6.5163026563874737        2.4074952725272603E-002
          85          12  -6.8258737067239394      -0.71559367466375590     
          90          12  -6.7173695370748021       -3.4232534148886939E-002
          95          12  -6.8695665311913068       0.13238896487688390     
           0          13   0.0000000000000000        0.0000000000000000     
           5          13  -14.820478492201319      -0.54295901239675981     
          10          13  -7.7445777165618956       0.32204995388418478     
          15          13  -6.9103176661561294       -1.8089940996279807E-002
          20          13  -7.5999615656113795       -4.5858943895638049E-002
          25          13  -7.7655929802328272      -0.68905642921501808     
          30          13  -7.6706587359726131      -0.39717870483735318     
          35          13  -7.5441595553443763      -0.86897414812381335     
          40          13   0.0000000000000000        0.0000000000000000     
          45          13  -7.3580299417602690       0.38799644187681448     
          50          13  -6.9346317759011455       0.68084395547507448     
          55          13  -7.6704671285887649      -0.44328155792638935     
          60          13  -7.4103064473896030       0.68314443908479294     
          65          13  -6.7240306947424777       0.34929011399897902     
          70          13  -6.3192545403623068        1.9184382822612367E-002
          75          13  -7.6170515325357790       0.31070369375718609     
          80          13  -7.4344534810433238      -0.17080775457090080     
          85          13  -7.4501066335819210       0.16067797902780123     
          90          13  -14.259328847092689       0.75783341921709102     
          95          13  -7.8241677784740560      -0.19501390083831449     
           0          14  -8.0180357033824645      -0.42850133657068579     
           5          14  -7.3858671246892351       -7.7874227735197366E-002
          10          14  -7.6532642033250164      -0.16410227307916969     
          15          14  -8.5650691016425640      -0.25773971855436173     
          20          14  -8.3396905140953326       0.41024865061273230     
          25          14  -7.8809739072865925        3.8191119017261244E-002
          30          14  -8.6333811596778212      -0.48577119874215757     
          35          14  -8.4301126322583464      -0.57436270680999435     
          40          14   0.0000000000000000        0.0000000000000000     
          45          14  -8.0865768126775475      -0.16159259168535556     
          50          14  -7.4954994256049012      -0.17481056585444410     
          55          14  -8.1468412465546258      -0.32151100176236458     
          60          14   0.0000000000000000        0.0000000000000000     
          65          14  -15.141442448500797      -0.71415956261033919     
          70          14  -16.078597336959266       -8.5814614095292008E-002
          75          14  -7.6627779838345234      -0.15540629596466626     
          80          14  -7.7539505834978151       -6.8115384336819851E-002
          85          14  -7.7172440717387936      -0.23586847159418056     
          90          14  -7.8054621113832212      -0.19712422891837722     
          95          14  -7.7958843800196576       0.31454184918289219     
           0          15  -7.5632113058264876      -0.24545217484850390     
           5          15  -15.960908352929819       -2.7695672612515487E-002
          10          15  -7.8823600974850523       0.19653326212398792     
          15          15  -17.330727573798832      -0.69824721173672444     
          20          15  -9.0886351492286401       -2.4054551813756930E-002
          25          15  -8.4879566907530837       0.12468154371225726     
          30          15   0.0000000000000000        0.0000000000000000     
          35          15  -8.4338397203265192      -0.53750914944861172     
          40          15  -8.0088108962622631       0.64329849894573243     
          45          15  -7.5714794550502118       0.23984517188102572     
          50          15  -14.571787158553784       0.46959767551230103     
          55          15  -8.1685335179737528      -0.28167627273312235     
          60          15  -8.2659701005483033        6.6524814238688723E-002
          65          15  -8.6392893786468861      -0.35942494118368362     
          70          15  -7.8850694821208656        5.4407828892211185E-002
          75          15  -16.495207968512116      -0.32110717159250513     
          80          15  -8.1367256977615821      -0.64365045508413266     
          85          15  -15.551696032261031        1.3771329963052636E-002
          90          15  -7.4073843895705593        7.6990519837782934E-002
          95          15  -7.8424989024827862       0.40063797262429590     
           0          16  -8.2068778518145411       0.17823570161612512     
           5          16  -8.1585963450995358       0.41069086729933479     
          10          16  -8.9084639326889032       -4.8656540089786482E-002
          15          16  -9.2366952180833461        9.1764892835854983E-002
          20          16  -8.4228797852956010        8.6424594238354580E-002
          25          16  -9.4793278318289200      -0.10348313573049772     
          30          16  -9.4748326652421824      -0.27614073655812810     
          35          16  -8.7191780984496869      -0.64980077324638952     
          40          16   0.0000000000000000        0.0000000000000000     
          45          16  -8.6212157719528495      -0.75900900111058878     
          50          16  -8.9156459759576201       0.26528380978524391     
          55          16  -8.5651618116400208        8.9455399486237930E-002
          60          16  -8.6040666874698246       0.46114862047363925     
          65          16   0.0000000000000000        0.0000000000000000     
          70          16  -8.2813126519831748       -7.5579584238871789E-002
          75          16  -8.1925615972333610        3.3980869550420678E-002
          80          16  -8.4822046598387324      -0.38278014519638193     
          85          16   0.0000000000000000        0.0000000000000000     
          90          16  -16.355377729488918       0.81960752061793762     
          95          16  -8.1454993024732136       0.58375399758531232     
           0          17  -8.5809507121395541        6.2002842566299954E-002
           5          17  -8.6315372200884006       -7.1176104657899586E-002
          10          17  -8.7195809319970401        3.1778144700678190E-002
          15          17  -8.7141840580823295       0.22087504113921241     
          20          17  -9.1252807842406849      -0.24756064257336341     
          25          17  -9.9930751395133068      -0.68575173240659204     
          30          17  -9.1851519196584075      -0.18210420511449721     
          35          17  -18.772120810516267      -0.55322241978406073     
          40          17  -17.577792478494779      -0.43852790233889216     
          45          17  -8.3270336327062591       -2.1957757163626468E-002
          50          17  -9.1550627108349936       0.38459202418739125     
          55          17  -8.8431091035068299      -0.23702192070984562     
          60          17  -8.8011121110853630       0.10909088351385154     
          65          17  -8.8268837437288639       -3.3036458954582848E-002
          70          17  -8.7008723630677132       -2.7654166157020654E-003
          75          17  -9.2333701475610930      -0.30136793083168634     
          80          17  -8.7675217338589739       -8.2312358613556569E-002
          85          17   0.0000000000000000        0.0000000000000000     
          90          17  -8.9130564357575714      -0.14631347900639913     
          95          17  -8.2048402873846626       0.89933838660904986     
           0          18  -8.9797916525309684       0.19350780358640129     
           5          18  -9.2118717985869427       0.23030143386559843     
          10          18  -9.4606274452760371      -0.14296906474975390     
          15          18  -9.0316258702480283       0.17502512989403529     
          20          18  -9.4057954790535678        7.2673007949497492E-002
          25          18  -10.152397439300852      -0.46714494594701783     
          30          18   0.0000000000000000        0.0000000000000000     
          35          18  -9.6907932902617890      -0.29095489319619361     
          40          18  -9.4519361686934413      -0.98142747308127554     
          45          18  -19.257337272382543       0.11769434540453982     
          50          18  -9.3039960787444365       0.28157696706609947     
          55          18  -8.9216031768457604      -0.10937023494306253     
          60          18  -9.2398277239591486       0.20907902285149937     
          65          18  -9.2875641995415759      -0.28933252916030217     
          70          18  -18.659376362999414      -0.40129775544128776     
          75          18  -9.6927460945850363       -2.6230545292493801E-002
          80          18  -9.9136418609235832       0.10239806576439747     
          85          18  -9.1979389460350447      -0.11568132527117747     
          90          18  -9.3221806158405585       0.27696827391288092     
          95          18  -9.6154569293571690      -0.26661504910985290     
           0          19  -9.4911195822087571       0.53526118766883402     
           5          19  -9.2355568191229001      -0.18264990125360647     
          10          19  -9.2634408131708756      -0.11764262664304415     
          15          19  -9.0474619816932602       0.20152282012686484     
          20          19  -9.8069684064044917        3.1090989974225103E-002
          25          19  -10.083013618387149       -8.2085567821299499E-002
          30          19  -9.4804144608384711       -4.0742843404883988E-002
          35          19  -9.8279614155410968       0.12549001066008980     
          40          19  -9.8602331636682408       -5.1912032372758432E-003
          45          19  -19.736564389754015      -0.34511768878642268     
          50          19  -9.4869518235540795       0.25678646488225265     
          55          19  -9.6801564931681128      -0.32977141776857621     
          60          19  -9.3266933106628258      -0.10752869598784631     
          65          19  -9.8281530546018292      -0.22065611914062755     
          70          19  -9.7422721998174922      -0.50859222835708540     
          75          19  -9.5626596136777486       -2.8850137032687684E-002
          80          19  -9.7327572031380427       0.88485062532006609     
          85          19  -10.052113470893076       0.41239230757161849     
          90          19  -10.345898257876351       0.18753341389787792     
          95          19  -10.124581368970986        6.8454873938805783E-002
           0          20  -9.7125284188395717        4.0277161424684405E-002
           5          20  -9.8192556077220789       0.17609203401880436     
          10          20  -10.098353846099695        6.1365146547531779E-003
          15          20  -9.4230823285446075       0.26951104886929755     
          20          20  -20.656284104234309      -0.12948506983107011     
          25          20  -10.121998245467555      -0.23513563796984105     
          30          20  -9.9837333339108927      -0.33071216733321362     
          35          20  -9.7148802929197799        7.2226709367240183E-002
          40          20  -9.6023645167314644       0.21927301819546496     
          45          20   0.0000000000000000        0.0000000000000000     
          50          20  -9.5517957335844450        3.2879832480015025E-002
          55          20  -10.012537705936797      -0.23275521844084990     
          60          20  -9.4735150926839040      -0.16545875549889288     
          65          20  -10.400131550283298      -0.23266693276624562     
          70          20  -9.9377432934755205        6.5121817036661866E-002
          75          20  -9.9243124692716123       0.21172696180737915     
          80          20  -10.533298635193589      -0.50916900144915012     
          85          20   0.0000000000000000        0.0000000000000000     
          90          20  -10.238668176678623      -0.49220798903293339     
          95          20  -10.050328939210651       0.15311534959205897     
           0          21  -21.177946161563003      -0.38949760808482115     
           5          21  -10.341119340721779       -8.3604228494627009E-002
          10          21  -10.355035034955161      -0.13900456085180757     
          15          21  -10.074964297502319      -0.35205910013380581     
          20          21   0.0000000000000000        0.0000000000000000     
          25          21  -10.177323636433865       0.23160612557249216     
          30          21  -11.339510919293193       0.12386993812729674     
          35          21   0.0000000000000000        0.0000000000000000     
          40          21  -10.561805962414072       -4.5746901666254836E-002
          45          21   0.0000000000000000        0.0000000000000000     
          50          21   0.0000000000000000        0.0000000000000000     
          55          21  -10.032300176261444       0.19324441184354058     
          60          21  -10.993227452429366      -0.36720173825999236     
          65          21   0.0000000000000000        0.0000000000000000     
          70          21   0.0000000000000000        0.0000000000000000     
          75          21  -9.9078254245510422       0.17567930816086985     
          80          21  -10.366185130981087       -2.0930884999104116E-002
          85          21  -10.157320920666235       -7.8456786089531327E-002
          90          21  -10.663227542979659       0.42280160203245210     
          95          21  -10.072418893536383       0.34089043216611881     
           0          22  -10.811112480028154       0.39848699853517466     
           5          22  -10.153114471749477       -6.2658497662626544E-002
          10          22  -20.368403812762722       0.45191133132560513     
          15          22  -10.241350820227590       0.74443074591923342     
          20          22  -21.323508734649998        7.8652973048431996E-003
          25          22  -10.216799419136557       0.32444721674296240     
          30          22  -11.438077615400498        1.9578701626610240E-003
          35          22  -10.377487809373752      -0.38553317949191479     
          40          22   0.0000000000000000        0.0000000000000000     
          45          22   0.0000000000000000        0.0000000000000000     
          50          22  -10.406316411417649        9.5689659628250823E-002
          55          22  -10.655550691001103       0.47538064390451051     
          60          22  -11.243691270041989       0.72358098277269800     
          65          22  -21.707145087963564      -0.25037912125602801     
          70          22  -11.223366374637500      -0.14427682595463676     
          75          22  -10.711665869485021      -0.11341921506313746     
          80          22   0.0000000000000000        0.0000000000000000     
          85          22  -10.327932484726077       -6.6026905276572734E-002
          90          22  -11.132893019012435      -0.42339227485754805     
          95          22  -10.146324783255611       0.33297266889609212     
           0          23  -10.895335657994904       0.28756103375715547     
           5          23   0.0000000000000000        0.0000000000000000     
          10          23   0.0000000000000000        0.0000000000000000     
          15          23  -10.277712887228340       0.38215273682029594     
          20          23  -11.299381394573315        4.3650445927800874E-002
          25          23   0.0000000000000000        0.0000000000000000     
          30          23   0.0000000000000000        0.0000000000000000     
          35          23  -10.469672711994059      -0.76443989475427632     
          40          23  -11.187986206486199      -0.58536502002104474     
          45          23  -10.088562276232004       0.24407573894325019     
          50          23  -10.927971545540149      -0.40050200885433096     
          55          23  -11.792339826885989       0.27749400785759271     
          60          23  -11.455921605139086      -0.14920586559608040     
          65          23   0.0000000000000000        0.0000000000000000     
          70          23  -11.290940213484202       0.19755776564156502     
          75          23  -11.015440887591765      -0.33279867149405007     
          80          23  -22.442732893477313      -0.35385070729698764     
          85          23  -11.028556057945949      -0.14514791762509915     
          90          23  -11.542448048589282      -0.56729503882635424     
          95          23  -10.702322193387737       0.27251579765130707     
           0          24  -10.614692868269126       0.76592115565488061     
           5          24  -12.337021671715783      -0.93856712037987400     
          10          24  -10.655172212776787       0.34429088752507830     
          15          24  -10.631210732107155       0.25114289152028402     
          20          24   0.0000000000000000        0.0000000000000000     
          25          24   0.0000000000000000        0.0000000000000000     
          30          24  -11.617913829712888      -0.39805578584239942     
          35          24   0.0000000000000000        0.0000000000000000     
          40          24   0.0000000000000000        0.0000000000000000     
          45          24   0.0000000000000000        0.0000000000000000     
          50          24  -10.495918800819126        9.9601049229347538E-002
          55          24   0.0000000000000000        0.0000000000000000     
          60          24   0.0000000000000000        0.0000000000000000     
          65          24   0.0000000000000000        0.0000000000000000     
          70          24  -11.068259522812873       0.19838890390588837     
          75          24  -11.358921890953777       0.26999095380064730     
          80          24  -11.076391367332850       0.14836147608499051     
          85          24   0.0000000000000000        0.0000000000000000     
          90          24   0.0000000000000000        0.0000000000000000     
          95          24   0.0000000000000000        0.0000000000000000     
           0          25   0.0000000000000000        0.0000000000000000     
           5          25   0.0000000000000000        0.0000000000000000     
          10          25  -11.186911467895300       0.63485759800641084     
          15          25   0.0000000000000000        0.0000000000000000     
          20          25   0.0000000000000000        0.0000000000000000     
          25          25   0.0000000000000000        0.0000000000000000     
          30          25   0.0000000000000000        0.0000000000000000     
          35          25  -11.991551911438302      -0.24744361943440651     
          40          25   0.0000000000000000        0.0000000000000000     
          45          25   0.0000000000000000        0.0000000000000000     
          50          25  -10.955094290916456      -0.11473939268924482     
          55          25   0.0000000000000000        0.0000000000000000     
          60          25   0.0000000000000000        0.0000000000000000     
          65          25   0.0000000000000000        0.0000000000000000     
          70          25   0.0000000000000000        0.0000000000000000     
          75          25  -11.602003116850668      -0.13304283618786883     
          80          25   0.0000000000000000        0.0000000000000000     
          85          25   0.0000000000000000        0.0000000000000000     
          90          25  -11.575552515914467        7.6281633317742958E-002
          95          25  -11.350945624040154       0.22369569684266288     
           0          26   0.0000000000000000        0.0000000000000000     
           5          26   0.0000000000000000        0.0000000000000000     
          10          26   0.0000000000000000        0.0000000000000000     
          15          26   0.0000000000000000        0.0000000000000000     
          20          26   0.0000000000000000        0.0000000000000000     
          25          26   0.0000000000000000        0.0000000000000000     
          30          26   0.0000000000000000        0.0000000000000000     
          35          26   0.0000000000000000        0.0000000000000000     
          40          26   0.0000000000000000        0.0000000000000000     
          45          26  -11.724975644950563      -0.29068345799743156     
          50          26   0.0000000000000000        0.0000000000000000     
          55          26   0.0000000000000000        0.0000000000000000     
          60          26   0.0000000000000000        0.0000000000000000     
          65          26   0.0000000000000000        0.0000000000000000     
          70          26   0.0000000000000000        0.0000000000000000     
          75          26  -11.735811783224470       -3.6684761268723776E-002
          80          26   0.0000000000000000        0.0000000000000000     
          85          26   0.0000000000000000        0.0000000000000000     
          90          26   0.0000000000000000        0.0000000000000000     
          95          26   0.0000000000000000        0.0000000000000000     
           0          27   0.0000000000000000        0.0000000000000000     
           5          27   0.0000000000000000        0.0000000000000000     
          10          27  -11.502531952965466       0.75538755503590238     
          15          27   0.0000000000000000        0.0000000000000000     
          20          27   0.0000000000000000        0.0000000000000000     
          25          27   0.0000000000000000        0.0000000000000000     
          30          27   0.0000000000000000        0.0000000000000000     
          35          27   0.0000000000000000        0.0000000000000000     
          40          27   0.0000000000000000        0.0000000000000000     
          45          27   0.0000000000000000        0.0000000000000000     
          50          27  -11.276757639553381       0.53306874377212488     
          55          27   0.0000000000000000        0.0000000000000000     
          60          27   0.0000000000000000        0.0000000000000000     
          65          27   0.0000000000000000        0.0000000000000000     
          70          27   0.0000000000000000        0.0000000000000000     
          75          27   0.0000000000000000        0.0000000000000000     
          80          27   0.0000000000000000        0.0000000000000000     
          85          27   0.0000000000000000        0.0000000000000000     
          90          27   0.0000000000000000        0.0000000000000000     
          95          27   0.0000000000000000        0.0000000000000000     
           0          28   0.0000000000000000        0.0000000000000000     
           5          28  -12.068677960142894      -0.45410299423953582     
          10          28   0.0000000000000000        0.0000000000000000     
          15          28   0.0000000000000000        0.0000000000000000     
          20          28   0.0000000000000000        0.0000000000000000     
          25          28   0.0000000000000000        0.0000000000000000     
          30          28   0.0000000000000000        0.0000000000000000     
          35          28   0.0000000000000000        0.0000000000000000     
          40          28  -11.999517804858749        1.4881561027912937E-003
          45          28   0.0000000000000000        0.0000000000000000     
          50          28   0.0000000000000000        0.0000000000000000     
          55          28   0.0000000000000000        0.0000000000000000     
          60          28   0.0000000000000000        0.0000000000000000     
          65          28   0.0000000000000000        0.0000000000000000     
          70          28   0.0000000000000000        0.0000000000000000     
          75          28   0.0000000000000000        0.0000000000000000     
          80          28   0.0000000000000000        0.0000000000000000     
          85          28   0.0000000000000000        0.0000000000000000     
          90          28   0.0000000000000000        0.0000000000000000     
          95          28   0.0000000000000000        0.0000000000000000     
           0          29   0.0000000000000000        0.0000000000000000     
           5          29   0.0000000000000000        0.0000000000000000     
          10          29   0.0000000000000000        0.0000000000000000     
          15          29   0.0000000000000000        0.0000000000000000     
          20          29   0.0000000000000000        0.0000000000000000     
          25          29   0.0000000000000000        0.0000000000000000     
          30          29   0.0000000000000000        0.0000000000000000     
          35          29   0.0000000000000000        0.0000000000000000     
          40          29   0.0000000000000000        0.0000000000000000     
          45          29   0.0000000000000000        0.0000000000000000     
          50          29   0.0000000000000000        0.0000000000000000     
          55          29   0.0000000000000000        0.0000000000000000     
          60          29   0.0000000000000000        0.0000000000000000     
          65          29   0.0000000000000000        0.0000000000000000     
          70          29   0.0000000000000000        0.0000000000000000     
          75          29   0.0000000000000000        0.0000000000000000     
          80          29   0.0000000000000000        0.0000000000000000     
          85          29   0.0000000000000000        0.0000000000000000     
          90          29   0.0000000000000000        0.0000000000000000     
          95          29   0.0000000000000000        0.0000000000000000     
           0          30   0.0000000000000000        0.0000000000000000     
           5          30   0.0000000000000000        0.0000000000000000     
          10          30   0.0000000000000000        0.0000000000000000     
          15          30   0.0000000000000000        0.0000000000000000     
          20          30   0.0000000000000000        0.0000000000000000     
          25          30   0.0000000000000000        0.0000000000000000     
          30          30   0.0000000000000000        0.0000000000000000     
          35          30   0.0000000000000000        0.0000000000000000     
          40          30   0.0000000000000000        0.0000000000000000     
          45          30   0.0000000000000000        0.0000000000000000     
          50          30   0.0000000000000000        0.0000000000000000     
          55          30   0.0000000000000000        0.0000000000000000     
          60          30   0.0000000000000000        0.0000000000000000     
          65          30   0.0000000000000000        0.0000000000000000     
          70          30   0.0000000000000000        0.0000000000000000     
          75          30   0.0000000000000000        0.0000000000000000     
          80          30   0.0000000000000000        0.0000000000000000     
          85          30   0.0000000000000000        0.0000000000000000     
          90          30   0.0000000000000000        0.0000000000000000     
          95          30   0.0000000000000000        0.0000000000000000     
           0          31   0.0000000000000000        0.0000000000000000     
           5          31   0.0000000000000000        0.0000000000000000     
          10          31   0.0000000000000000        0.0000000000000000     
          15          31   0.0000000000000000        0.0000000000000000     
          20          31   0.0000000000000000        0.0000000000000000     
          25          31   0.0000000000000000        0.0000000000000000     
          30          31   0.0000000000000000        0.0000000000000000     
          35          31   0.0000000000000000        0.0000000000000000     
          40          31   0.0000000000000000        0.0000000000000000     
          45          31   0.0000000000000000        0.0000000000000000     
          50          31   0.0000000000000000        0.0000000000000000     
          55          31   0.0000000000000000        0.0000000000000000     
          60          31   0.0000000000000000        0.0000000000000000     
          65          31   0.0000000000000000        0.0000000000000000     
          70          31   0.0000000000000000        0.0000000000000000     
          75          31   0.0000000000000000        0.0000000000000000     
          80          31   0.0000000000000000        0.0000000000000000     
          85          31   0.0000000000000000        0.0000000000000000     
          90          31   0.0000000000000000        0.0000000000000000     
          95          31   0.0000000000000000        0.0000000000000000     
