           0           0   0.0000000000000000        0.0000000000000000     
           5           0   0.0000000000000000        0.0000000000000000     
          10           0   0.0000000000000000        0.0000000000000000     
          15           0   0.0000000000000000        0.0000000000000000     
          20           0   0.0000000000000000        0.0000000000000000     
          25           0   0.0000000000000000        0.0000000000000000     
          30           0   0.0000000000000000        0.0000000000000000     
          35           0   0.0000000000000000        0.0000000000000000     
          40           0   0.0000000000000000        0.0000000000000000     
          45           0   0.0000000000000000        0.0000000000000000     
          50           0   0.0000000000000000        0.0000000000000000     
          55           0   0.0000000000000000        0.0000000000000000     
          60           0   0.0000000000000000        0.0000000000000000     
          65           0   0.0000000000000000        0.0000000000000000     
          70           0   0.0000000000000000        0.0000000000000000     
          75           0   0.0000000000000000        0.0000000000000000     
          80           0   0.0000000000000000        0.0000000000000000     
          85           0   0.0000000000000000        0.0000000000000000     
          90           0   0.0000000000000000        0.0000000000000000     
          95           0   0.0000000000000000        0.0000000000000000     
           0           1   0.0000000000000000        0.0000000000000000     
           5           1  -7.3576152169810283E-002 -0.14066375406233955     
          10           1 -0.38427917038286186      -0.56656889940998045     
          15           1 -0.47843196790686715       0.26638060700173022     
          20           1 -0.91432182368733628       0.50374430679581139     
          25           1  -6.7270154099352553E-002  0.27282959362242426     
          30           1  0.51989740019020569       0.54045511678896263     
          35           1 -0.83411226557472684        5.1928857699549968E-002
          40           1 -0.46766185466118326        8.0843736928772059E-002
          45           1 -0.15880320503425249        7.3233928317532893E-002
          50           1 -0.47029127906439427      -0.26546205088490149     
          55           1 -0.74480400194976148      -0.13343459862532464     
          60           1 -0.51664629848735544       0.14735341381431899     
          65           1 -0.24334879065390780        9.6624311656037798E-002
          70           1  -1.0333128329653718        8.7062146080403580E-002
          75           1  -2.1185526783118469        3.6631360201232199E-002
          80           1  -1.0262827082896386      -0.27120111783695416     
          85           1 -0.67168932670225168        2.2133750195284935E-002
          90           1  0.15743506686316522       -5.8360005370412804E-002
          95           1 -0.41355028191025767       0.31753416976875587     
           0           2  -2.9178282113362979       0.57752033502878741     
           5           2 -0.49242516190081687       0.76165191154619472     
          10           2 -0.56718656661403077        8.6392706783525175E-002
          15           2  -2.9591402348982943       0.19284198138194708     
          20           2 -0.25264882673320388        2.3670817436878544E-002
          25           2  -1.7714240136290638        7.0999715817698927E-003
          30           2  -1.3827948759265185       0.27230932381890061     
          35           2 -0.90473789329248433       0.19508352316777861     
          40           2  -1.4189806636405455        4.2748502693742974E-002
          45           2  -1.8176690076121549        1.1351537176589044     
          50           2  -1.3135143279230377        8.4133944471195821E-002
          55           2  -1.2076058101040399      -0.59924483934648687     
          60           2  -2.3320589845399198      -0.62260017268691437     
          65           2  -2.8945260070156742      -0.22982292648382474     
          70           2  -1.5480080800145402       -9.6781285624514268E-005
          75           2  -2.5757940461446083      -0.22287825333665301     
          80           2  -1.7151491384215234      -0.18525150450823813     
          85           2  -1.8869471882621003       0.40056967974617247     
          90           2  -1.1179718734766197       0.11579904844301325     
          95           2  -2.5981256298823752       0.23958367193835373     
           0           3  -2.5174067379099747       0.36542940109463018     
           5           3  -3.4497722499743366        7.6149750623255574E-002
          10           3  -3.9112858444648180      -0.16881687450572003     
          15           3  -1.8891722052322146      -0.30231115610443449     
          20           3  -2.3888289766441084        5.5218444795848698E-002
          25           3  -1.4160690915182572      -0.55500994987758845     
          30           3  -1.9631703580558213       -5.4425357057449886E-002
          35           3  -5.3963327017414464      -0.21005163181861408     
          40           3  -2.2097372936535908       0.40334141488254649     
          45           3  -1.6235268072267717       0.18242435603443852     
          50           3  -2.3924545617393100        1.0420044790495491     
          55           3  -2.5699448718241591       0.47296483758313412     
          60           3  -1.8498307462944119      -0.15260990749624281     
          65           3   0.0000000000000000        0.0000000000000000     
          70           3  -3.0755840836449444       0.63682713736176733     
          75           3  -1.2454742402479013      -0.45357369592637087     
          80           3  -2.0638401132422324       -9.0153520672306420E-002
          85           3  -2.2484955879131796      -0.81655054385398884     
          90           3  -3.1643992440733015      -0.73652141744443012     
          95           3  -2.4229785657103875        9.2527152960319992E-002
           0           4  -2.4228498352646919      -0.25066479836799438     
           5           4  -2.8037555421783069       0.31763878948307123     
          10           4  -2.6970533504347416      -0.36585313623875571     
          15           4  -2.4016453109909630      -0.27079857980602529     
          20           4  -2.3826616597813488       0.81856225602840171     
          25           4  -1.2816195529014029       -1.2839881458406865E-002
          30           4   0.0000000000000000        0.0000000000000000     
          35           4  -4.9483094667573946      -0.70108457099087029     
          40           4  -5.2736221777732739      -0.11846514904989558     
          45           4   0.0000000000000000        0.0000000000000000     
          50           4   0.0000000000000000        0.0000000000000000     
          55           4  -2.2656360486550398      -0.94779860303040309     
          60           4  -3.5588396402030931       0.67506895624701302     
          65           4  -4.3683665038440900       0.16433081218444889     
          70           4  -1.9326823389576031       0.33943933111860169     
          75           4  -1.6013154866367785      -0.38640252779123530     
          80           4  -2.8743239935047349      -0.13386624906956690     
          85           4  -4.5414253916031821      -0.20421476670272332     
          90           4  -1.8266080383266825       -8.9159191441617880E-002
          95           4  -2.9921325871273829      -0.51827315573127475     
           0           5  -2.8975634983892644        5.1911234333276712E-002
           5           5   0.0000000000000000        0.0000000000000000     
          10           5  -3.2844965764439182      -0.67813154467896708     
          15           5  -3.2237493638992420       -7.7690480640851822E-002
          20           5  -2.8046088200267549      -0.28187107814922618     
          25           5  -2.9615983108399746      -0.26175116259942455     
          30           5  -2.7549137379173638      -0.45009678961344113     
          35           5  -3.7027230059488714      -0.27683281287792239     
          40           5  -5.2381976212539927       0.21027582404908873     
          45           5  -3.3600408616935029      -0.53608638455771018     
          50           5  -3.0194985365117333       0.83722075428144249     
          55           5  -2.9097042820425134      -0.17354636124310152     
          60           5  -3.5667735142763668      -0.51294063942122770     
          65           5  -2.7080479352414866      -0.34699263711517048     
          70           5   0.0000000000000000        0.0000000000000000     
          75           5  -1.9865915242400778       0.31394818065577645     
          80           5  -3.0814329556927422        6.5520568497678955E-002
          85           5  -3.1360516894163304      -0.31181143114150656     
          90           5  -2.4165031878642385       0.19771603806513494     
          95           5  -3.3940302465595984       -6.5421764498529988E-002
           0           6  -2.8329149986217224       0.75014209309540170     
           5           6  -5.4742837567585401      -0.52757464059083325     
          10           6  -3.5123223724836672      -0.13039578261944684     
          15           6  -3.0692986237884634       0.28575561153418305     
          20           6  -3.5884485023146562      -0.67093805052279021     
          25           6  -2.5000228977545280       0.19611936185312540     
          30           6  -2.8938753108809223       -5.5616070459632572E-002
          35           6  -3.5418179186053056      -0.33436605221370819     
          40           6  -3.7047609374868395       -8.7137142882748320E-002
          45           6  -7.0218662902277185      -0.31805482973115695     
          50           6  -3.4847704182783268      -0.40567126184345992     
          55           6  -2.9438400386672114      -0.45893169922719967     
          60           6  -3.1267370576526510       0.45551178245811785     
          65           6  -2.8474319425320083      -0.25795467726144605     
          70           6  -3.1102135941485365      -0.44374333949701028     
          75           6  -2.9886933575840047      -0.89294601042053112     
          80           6  -3.1246798822148758      -0.33564796583070156     
          85           6  -2.9314959980664135       0.24082732734617696     
          90           6  -5.9891432186343074       0.59810791031407462     
          95           6  -7.5107026170551094       0.49616330369720019     
           0           7  -3.7885971873158599       0.12484089053327319     
           5           7  -2.8420464778222687       0.11759094411645243     
          10           7  -3.7677322796234036      -0.10671985595719913     
          15           7   0.0000000000000000        0.0000000000000000     
          20           7  -3.9621874412537617      -0.17613247620076877     
          25           7  -4.0192754361673133      -0.41113114339699774     
          30           7  -3.4135306518529029      -0.77041384969681048     
          35           7  -3.9451619453928499      -0.11636145308704937     
          40           7  -3.9656805021598407       -1.1319181182634086E-003
          45           7  -4.3944548675184381      -0.19199458302435191     
          50           7  -7.1574473775648517       0.36896315103354671     
          55           7  -3.1843463720115928       0.33088004220263589     
          60           7  -7.2669070859343599      -0.49237301711496650     
          65           7  -3.6189190379076752      -0.27327820908445988     
          70           7  -4.4143769569138236      -0.30455042013918798     
          75           7  -7.4636766661195786      -0.91228856590797047     
          80           7  -3.9603258244469419      -0.26597808558487257     
          85           7  -2.1939687930627727       0.15527780725929641     
          90           7  -4.1720632125608059       -5.5005166328392363E-002
          95           7  -4.0218942974479255       0.65410194033013735     
           0           8  -8.5203714202383463      -0.48327202098491506     
           5           8  -3.1910511986309866      -0.29495726140957301     
          10           8  -3.8938534158405869       -1.4674200879277732E-002
          15           8  -8.3706986994711023      -0.82716680001995724     
          20           8  -4.9228537540796369      -0.25623688917911225     
          25           8  -3.6451846791168974       0.13905567557800924     
          30           8  -8.2875866006759669      -0.11765822081885591     
          35           8  -4.0799131229840579      -0.32078191970402736     
          40           8  -3.8371057404545938       0.75835169225393906     
          45           8  -3.5370068956974698       -8.5090923125918927E-002
          50           8  -4.3131664364015609      -0.29249485548388243     
          55           8  -4.4894805158901541      -0.21684543092023723     
          60           8  -5.2628958967382289      -0.52902717584943360     
          65           8  -4.8165821213252968       -2.8267574620072233E-002
          70           8  -4.4987658526385310      -0.23843712697563246     
          75           8  -4.9455216685689862      -0.46624109232520916     
          80           8  -8.7916484840833142       0.16577562886310737     
          85           8  -8.4390661489641694      -0.46110235947180445     
          90           8  -4.3422217675148644       -3.4518538913341779E-002
          95           8  -4.5205592869379529       -4.5861841179301033E-002
           0           9  -7.7119066380670205       -8.5597112250423990E-002
           5           9  -4.4004381462749151      -0.15059627488420158     
          10           9  -5.0076371915815097       -5.0759523973348264E-002
          15           9  -5.1296669044798016      -0.21614071025938264     
          20           9  -4.2294747717924741      -0.54784374053165608     
          25           9  -9.6891523968767324       0.24560074927015840     
          30           9  -5.2293295148614360       0.29748565360906976     
          35           9  -4.4194153857518570       -2.1893860789601316E-003
          40           9  -5.4235247133027631        6.5074993858688090E-002
          45           9  -4.7099208030654260      -0.33812003835509419     
          50           9  -4.9144576587623057      -0.34910040655714014     
          55           9  -9.2707818257187213       -1.4267893394691311     
          60           9   0.0000000000000000        0.0000000000000000     
          65           9  -5.0031881723233695       -9.6871645472867973E-002
          70           9  -9.5648410251159000      -0.15516966651085706     
          75           9  -5.3847700245435171      -0.20509454571146502     
          80           9  -4.9613517581870159       0.19206631730467327     
          85           9  -5.0023078622929429      -0.30957998642083817     
          90           9  -4.3757676993794181       0.39721075873466738     
          95           9  -4.5272017275954646        3.8954125590462407E-003
           0          10   0.0000000000000000        0.0000000000000000     
           5          10  -4.9244452671904497        6.0178210656569586E-002
          10          10   0.0000000000000000        0.0000000000000000     
          15          10  -5.7503717550649869      -0.42576796724716481     
          20          10  -10.309215403157545        8.3675207342703839E-002
          25          10  -5.3502524879905922       0.12950051708690569     
          30          10  -5.1618473167258649        4.4506147750533742E-003
          35          10  -5.1240049694828427        5.1545880799391819E-002
          40          10   0.0000000000000000        0.0000000000000000     
          45          10  -5.0048630573251707       -6.5326945417609750E-002
          50          10   0.0000000000000000        0.0000000000000000     
          55          10  -4.9106759461947647      -0.27655385893513018     
          60          10  -5.2216841792929181       -8.7729866750513308E-002
          65          10  -5.0091648453398641      -0.11758740646863886     
          70          10  -10.584284245620523      -0.27404757697691018     
          75          10  -5.0686834859714480       0.39028769513449468     
          80          10  -10.320776895502703        9.5639925789259284E-002
          85          10  -5.9150586003364758      -0.37072807381147155     
          90          10  -5.5327751592271213      -0.13471921111354868     
          95          10  -4.9153007211000244       0.22292021997230571     
           0          11  -11.448257617594379       0.95968883379565773     
           5          11  -5.2774453463597792       -6.9180394958318070E-002
          10          11  -4.9418026500774870       0.52093633654201610     
          15          11   0.0000000000000000        0.0000000000000000     
          20          11  -5.5930631891343285      -0.37489986637703754     
          25          11  -5.3681435467883842       0.45127044215567680     
          30          11  -5.7446498729424311      -0.23704284349876370     
          35          11  -10.268265403817756      -0.28458462998204315     
          40          11  -5.8538913199329690      -0.27328045872340723     
          45          11  -16.312703350835346      -0.30348328739229768     
          50          11  -11.590983615310524      -0.26484657222172747     
          55          11  -5.9766099597413636      -0.66755418493449903     
          60          11  -5.7335475997155605      -0.23482435684576974     
          65          11  -5.6170554391976601      -0.25557904188774905     
          70          11   0.0000000000000000        0.0000000000000000     
          75          11  -5.7290920895169961      -0.53534907647964647     
          80          11  -5.8085050601131005       0.17082330163120663     
          85          11  -5.0962239353458116       0.22270891981354679     
          90          11   0.0000000000000000        0.0000000000000000     
          95          11  -5.4919674221654002       0.47147508236061730     
           0          12  -5.6341152825560847       0.21514844095404939     
           5          12  -5.5049247308023430       -1.6014139474079814E-002
          10          12  -5.6392814452790869       0.27999372651202337     
          15          12  -5.4569147446820176      -0.27890452367784757     
          20          12  -6.1717789766596587       0.17425370284943065     
          25          12  -6.1419336022111581      -0.18605596141751946     
          30          12  -6.0790840498808896        5.4227080133473216E-002
          35          12  -5.6247681601467869      -0.38053043500241301     
          40          12  -6.3059920548497184       0.15294952579583687     
          45          12   0.0000000000000000        0.0000000000000000     
          50          12  -6.0526993821008457      -0.56917839088427291     
          55          12  -6.0572397043712201      -0.32888042084067148     
          60          12  -6.1078599964203839       0.22746906149562207     
          65          12  -6.5277888535897333       0.18010947921420772     
          70          12  -11.636168429762783       -7.1170996819580612E-003
          75          12  -11.819540727489031       -5.5383333094488618E-002
          80          12  -5.9114464936738109      -0.38387564166589283     
          85          12  -11.242114556404559       0.74641098523939298     
          90          12  -5.5939484691824859       0.46822078791350363     
          95          12  -6.4715457027120227        3.1717661894831162E-002
           0          13  -5.8109834647210921       0.51451586225825796     
           5          13  -11.341068819224475        2.6948392684023048E-003
          10          13  -7.1120322861403791       0.15251849805220097     
          15          13  -6.6354401741763880      -0.25742276444973289     
          20          13  -6.5892564484115734       -3.3208068147549952E-002
          25          13  -5.4660647713627997      -0.11242534052546826     
          30          13  -5.8757870313880245       0.53391982268502503     
          35          13  -6.8368883039987560      -0.25629188016351723     
          40          13  -6.3823540549540203       -7.1630108206821586E-002
          45          13  -6.8445845060505217       -8.6840843871449636E-003
          50          13  -6.6589368809000238      -0.47407461049309152     
          55          13  -6.7517375538439506        3.7511040519022654E-002
          60          13  -6.3184570995855616      -0.30594711697806698     
          65          13  -6.1981245851849831       0.17749836087793680     
          70          13  -6.2718558744823127        7.1515527026444481E-002
          75          13  -6.7570056643329046        1.2917780552457181E-002
          80          13  -12.824302477800753      -0.23258267091041951     
          85          13  -6.1725285520219941      -0.12341272397964342     
          90          13  -6.3191960750996756      -0.14451672142257177     
          95          13  -5.5586125748541271       0.22282339971757548     
           0          14  -5.8680998585547082       0.21544212646745775     
           5          14  -7.0049782588380705      -0.37228213791873355     
          10          14  -6.5310333446494395       0.38802045178309985     
          15          14  -6.6327514203445848       0.24685347861819196     
          20          14   0.0000000000000000        0.0000000000000000     
          25          14  -6.7148668838262759       0.52299774477737593     
          30          14  -13.217692313708396       0.62201791039329102     
          35          14  -6.9314102909773245        7.7358380712877484E-002
          40          14  -6.8992915589627390      -0.20975890184238288     
          45          14  -6.5910269311736380      -0.11642866439010024     
          50          14  -6.3946555888094725       -4.3411309079977034E-002
          55          14  -13.677628568534717      -0.45524500475596641     
          60          14  -7.1493402596356503       0.16649525207745874     
          65          14  -6.6640648122429091      -0.12156184318989904     
          70          14   0.0000000000000000        0.0000000000000000     
          75          14  -6.9945682716499036        5.0654820784590271E-002
          80          14  -6.8298757487150752       0.13295779866417945     
          85          14  -13.134363715301411      -0.26202122897334146     
          90          14  -6.3017900591155751       0.24423633875780837     
          95          14  -5.9669568518194716       0.55974734129271564     
           0          15  -7.1994595132019432      -0.26342381348687383     
           5          15  -6.8579418734138891       0.22123935693840746     
          10          15  -14.264723129740336        3.5682968488326416E-003
          15          15  -6.8443616353933141        7.5498190693634726E-002
          20          15  -13.133086493420375      -0.37128009740372558     
          25          15  -6.5030758016443313       0.47729353321757095     
          30          15   0.0000000000000000        0.0000000000000000     
          35          15  -7.1276960055827177       0.27097054990543601     
          40          15  -14.399678570339303      -0.81504934632159465     
          45          15  -7.4553370455016088       0.21914935133704461     
          50          15  -7.0125555907285531      -0.10394101064181704     
          55          15   0.0000000000000000        0.0000000000000000     
          60          15  -7.4144517143448496      -0.46794038658093395     
          65          15  -14.764554669234320        7.3004861481373862E-002
          70          15  -13.580970911323265      -0.10440365363184601     
          75          15  -6.9427468309291029      -0.37055368518890131     
          80          15  -6.9054451149463958      -0.35683817862952605     
          85          15  -6.3520890229984417        2.6338807331272029E-002
          90          15  -13.883248213044652      -0.22672849803118122     
          95          15  -7.1296930260444924       -5.2786373722080171E-003
           0          16  -7.1473913887488365      -0.25286988902528673     
           5          16  -14.695480993229676      -0.51265678572109952     
          10          16  -7.4376266101222610       0.12243297377367846     
          15          16  -6.9849147080114360       -2.3105734949235845E-002
          20          16  -7.1444208372106743        1.4269058400961931E-002
          25          16  -14.908728870463573       0.40545678300335508     
          30          16  -7.2968663609834783       0.15789161283696895     
          35          16  -7.1680383858613306       -2.2878691541827756E-002
          40          16  -7.8043516315212669       0.28623128444316137     
          45          16  -15.172209613307786      -0.65092946242850669     
          50          16  -7.7746737521855458      -0.27156425224272862     
          55          16  -6.8967941969899638      -0.69872014815758332     
          60          16  -7.7995096411487275      -0.38444101099099903     
          65          16   0.0000000000000000        0.0000000000000000     
          70          16  -6.9947709975970440      -0.25837027317066052     
          75          16  -7.2156263764511230       0.24929796653028191     
          80          16  -7.4537216290182506       -7.8525177528709911E-002
          85          16  -14.309245665564685      -0.11517653039805342     
          90          16  -7.5706787316698332      -0.10817750769220869     
          95          16  -7.6075585589996386        4.4814157440509206E-004
           0          17  -14.800242931885549      -0.19385118183945504     
           5          17  -7.2736884049617165       0.60812865965376162     
          10          17  -15.363056448154666       0.89321330368652418     
          15          17  -7.5424333754092743       0.10756110280341069     
          20          17  -7.7715666387939697       0.14444364721977188     
          25          17  -7.3927593036643424       0.25946104215246457     
          30          17  -7.9570754886676420       0.31559252669954851     
          35          17  -14.939806723632266        5.1750738237488214E-002
          40          17   0.0000000000000000        0.0000000000000000     
          45          17  -15.865023832450920        8.6373702384290318E-002
          50          17  -8.2625020892668211       -5.3205148891066756E-002
          55          17  -7.0540342150726687      -0.17887279940231871     
          60          17  -8.1733320323440495      -0.70099142649382440     
          65          17  -7.7190011661398827       -1.2273638987370106E-002
          70          17  -7.6117751913784559      -0.23476485462192720     
          75          17  -7.9083596057349936       -7.2536312064053199E-002
          80          17  -8.0252015525972276      -0.34525664680817858     
          85          17  -7.5328250850903444        9.9363351140357992E-002
          90          17  -7.8601329039651446       -5.9214154739528624E-002
          95          17  -7.4678773145153698        9.5677993844356379E-003
           0          18  -7.3981245032444489      -0.41455168943826948     
           5          18  -7.3674356405706991       0.75429531412457562     
          10          18   0.0000000000000000        0.0000000000000000     
          15          18  -8.0180727810857935      -0.35321900224649649     
          20          18  -8.2950833965528261       0.29326050599520759     
          25          18  -7.2616752381265970       0.10123874743528383     
          30          18  -7.5971593860829634       0.10724176238374739     
          35          18  -7.9810243531702740       0.11242037156578011     
          40          18  -8.6870145379641652        7.1957182062876157E-003
          45          18  -8.2276843264533763       -7.1063807398075163E-002
          50          18  -8.4141185431674259        6.6837960775445460E-002
          55          18  -8.2762093291155470      -0.76024894964471512     
          60          18  -8.3689873380676794        5.0079162002836242E-002
          65          18  -7.8948425770375419      -0.33755589052164581     
          70          18  -7.6745270286049383       0.32338376151797021     
          75          18   0.0000000000000000        0.0000000000000000     
          80          18  -7.5400276716774961      -0.11552675196119244     
          85          18  -7.7436810435804748       0.16059867027823360     
          90          18  -7.9619204025771495      -0.19383346019530290     
          95          18  -7.4601681503616568       0.65689666346679942     
           0          19   0.0000000000000000        0.0000000000000000     
           5          19  -8.2989684908425776       0.26049924548021686     
          10          19  -8.0038659887410315      -0.17471219231068869     
          15          19  -8.6390623533005861       -9.5757633474247150E-002
          20          19  -8.4741969731333402      -0.17141348106652909     
          25          19  -8.5852288993187855       0.22385943480918158     
          30          19  -7.8120752655957970        9.9696970827789499E-002
          35          19  -7.6708023626032018       0.40572392388193990     
          40          19  -16.584586888194195       0.48387019691065181     
          45          19  -8.2988638093312019      -0.15295657791014605     
          50          19  -8.4633543945944467       -7.5436421882457694E-002
          55          19  -16.789818248694743      -0.96369832559173307     
          60          19  -8.3509231383338545      -0.36263609988873569     
          65          19  -16.622044874352593      -0.95227216808657644     
          70          19  -7.9223503813485863       0.24197610988374585     
          75          19  -7.8976401510799654      -0.12287134101784947     
          80          19  -8.1550762631721341      -0.27041538121441722     
          85          19  -7.7505022727120121       0.24117808619300574     
          90          19  -7.9847064037719129        6.0153349347169538E-002
          95          19  -8.0488723127480899       0.23712574221651517     
           0          20  -8.2650237249662286       0.15493605295513468     
           5          20  -8.6640504319582252      -0.21469084512781844     
          10          20  -8.3823553885613293       0.30342667484251074     
          15          20  -8.8728064711485199       -4.4049023826819855E-002
          20          20  -8.3123342173252457      -0.12750145847117977     
          25          20  -8.7669247591898305      -0.13408629172539932     
          30          20  -8.1438458160071328       0.40476064073591278     
          35          20  -8.6699496645692431       0.19539773212368106     
          40          20  -16.771567341702930       0.14216638496433731     
          45          20  -8.7580813063409249      -0.47407587294656661     
          50          20  -8.1668164324733006       0.22000856401249713     
          55          20   0.0000000000000000        0.0000000000000000     
          60          20   0.0000000000000000        0.0000000000000000     
          65          20  -8.6107334230645094      -0.46547910595051700     
          70          20  -8.1295696795824490       0.36972459741768660     
          75          20  -16.207863971298142      -0.15212353104088194     
          80          20  -8.5635448608756271      -0.13742379050163400     
          85          20  -8.3221022004198453       0.17845423805229466     
          90          20  -8.0654772665122998      -0.27896916812042427     
          95          20  -8.1193266177415069       0.53180364629590304     
           0          21  -8.6430984485166924      -0.13331447309472555     
           5          21   0.0000000000000000        0.0000000000000000     
          10          21  -9.0590114919908427      -0.13720342086631643     
          15          21  -8.7850772904674024       -6.6730972952955270E-002
          20          21  -9.0154990624030642       -2.8276380520941835E-002
          25          21  -8.7736594923271127       0.18195732935710751     
          30          21  -8.9411606147132829       0.19086227055209459     
          35          21  -18.095083834701597       0.15818837493519755     
          40          21   0.0000000000000000        0.0000000000000000     
          45          21  -8.2892302202014481        6.2119600446330914E-002
          50          21  -9.2866942949187958      -0.31132397550981405     
          55          21  -9.2408958646905681      -0.89171833173196102     
          60          21   0.0000000000000000        0.0000000000000000     
          65          21  -8.8352069943398170      -0.21578920683495983     
          70          21  -8.0761651670835377       0.39432494641666871     
          75          21  -8.4547055798323001       0.12264559125840790     
          80          21  -17.192220242165934      -0.13968934811758871     
          85          21  -8.7042742030252196       0.17782155689982648     
          90          21  -8.2108703092531599       0.39351306498625060     
          95          21   0.0000000000000000        0.0000000000000000     
           0          22  -8.8126255613737552       0.12617204711351526     
           5          22  -9.0258468191833217      -0.47647381249626974     
          10          22   0.0000000000000000        0.0000000000000000     
          15          22  -9.1985448799009042      -0.18791961630737486     
          20          22   0.0000000000000000        0.0000000000000000     
          25          22  -8.9859915539552961        3.1001536128227869E-002
          30          22  -8.7668380910349555       -5.5168746489475673E-002
          35          22  -8.8694573620234909       0.34728803732952951     
          40          22  -9.1496947169361622       0.69426568297448199     
          45          22   0.0000000000000000        0.0000000000000000     
          50          22  -9.0517837361892006       0.78721770159773108     
          55          22   0.0000000000000000        0.0000000000000000     
          60          22  -8.9039616826469548      -0.40847761318685283     
          65          22  -8.5505701781207755      -0.15148286813482237     
          70          22  -8.5895862189921957       -9.8288050530137561E-002
          75          22  -8.6305120021035187       0.15208312864722906     
          80          22  -8.6547186285157451        2.4393212039730550E-002
          85          22  -9.3434653495871878        7.3932536335807875E-002
          90          22  -8.5226440120445002       0.13115674447089498     
          95          22  -9.1064697067944067        6.6860317947670111E-002
           0          23  -9.2312972560484976      -0.26873546714267782     
           5          23   0.0000000000000000        0.0000000000000000     
          10          23   0.0000000000000000        0.0000000000000000     
          15          23   0.0000000000000000        0.0000000000000000     
          20          23  -9.4604873950904214      -0.15696418332322715     
          25          23   0.0000000000000000        0.0000000000000000     
          30          23   0.0000000000000000        0.0000000000000000     
          35          23   0.0000000000000000        0.0000000000000000     
          40          23  -8.8141600966623592       0.34262762585501871     
          45          23  -18.772525087374923       -2.4010623979053847E-002
          50          23   0.0000000000000000        0.0000000000000000     
          55          23  -10.129084648349274      -0.71054960754990404     
          60          23   0.0000000000000000        0.0000000000000000     
          65          23  -8.9536439478865582        4.9481845371124322E-003
          70          23  -8.9786469260877411      -0.16226249005601989     
          75          23  -8.7627892671671148       0.29777116336671128     
          80          23  -8.9468698116568213       0.56006692222720922     
          85          23   0.0000000000000000        0.0000000000000000     
          90          23   0.0000000000000000        0.0000000000000000     
          95          23   0.0000000000000000        0.0000000000000000     
           0          24  -8.9827432606959849       -4.6340546255851933E-002
           5          24   0.0000000000000000        0.0000000000000000     
          10          24   0.0000000000000000        0.0000000000000000     
          15          24  -9.5005185313584697      -0.11118774868090764     
          20          24   0.0000000000000000        0.0000000000000000     
          25          24  -9.6524225075395034       0.45108386729164618     
          30          24   0.0000000000000000        0.0000000000000000     
          35          24  -9.0668737490778852       0.60536281049516916     
          40          24   0.0000000000000000        0.0000000000000000     
          45          24   0.0000000000000000        0.0000000000000000     
          50          24   0.0000000000000000        0.0000000000000000     
          55          24   0.0000000000000000        0.0000000000000000     
          60          24  -9.4755418962866322      -0.30180599130624763     
          65          24   0.0000000000000000        0.0000000000000000     
          70          24  -9.0645132490330127      -0.12522856711882913     
          75          24   0.0000000000000000        0.0000000000000000     
          80          24   0.0000000000000000        0.0000000000000000     
          85          24   0.0000000000000000        0.0000000000000000     
          90          24   0.0000000000000000        0.0000000000000000     
          95          24   0.0000000000000000        0.0000000000000000     
           0          25   0.0000000000000000        0.0000000000000000     
           5          25   0.0000000000000000        0.0000000000000000     
          10          25   0.0000000000000000        0.0000000000000000     
          15          25   0.0000000000000000        0.0000000000000000     
          20          25   0.0000000000000000        0.0000000000000000     
          25          25   0.0000000000000000        0.0000000000000000     
          30          25   0.0000000000000000        0.0000000000000000     
          35          25   0.0000000000000000        0.0000000000000000     
          40          25   0.0000000000000000        0.0000000000000000     
          45          25   0.0000000000000000        0.0000000000000000     
          50          25   0.0000000000000000        0.0000000000000000     
          55          25   0.0000000000000000        0.0000000000000000     
          60          25   0.0000000000000000        0.0000000000000000     
          65          25   0.0000000000000000        0.0000000000000000     
          70          25   0.0000000000000000        0.0000000000000000     
          75          25   0.0000000000000000        0.0000000000000000     
          80          25   0.0000000000000000        0.0000000000000000     
          85          25   0.0000000000000000        0.0000000000000000     
          90          25   0.0000000000000000        0.0000000000000000     
          95          25   0.0000000000000000        0.0000000000000000     
           0          26   0.0000000000000000        0.0000000000000000     
           5          26   0.0000000000000000        0.0000000000000000     
          10          26   0.0000000000000000        0.0000000000000000     
          15          26   0.0000000000000000        0.0000000000000000     
          20          26   0.0000000000000000        0.0000000000000000     
          25          26   0.0000000000000000        0.0000000000000000     
          30          26   0.0000000000000000        0.0000000000000000     
          35          26   0.0000000000000000        0.0000000000000000     
          40          26   0.0000000000000000        0.0000000000000000     
          45          26   0.0000000000000000        0.0000000000000000     
          50          26   0.0000000000000000        0.0000000000000000     
          55          26   0.0000000000000000        0.0000000000000000     
          60          26   0.0000000000000000        0.0000000000000000     
          65          26   0.0000000000000000        0.0000000000000000     
          70          26  -9.1767220936356253       0.13966649347940674     
          75          26   0.0000000000000000        0.0000000000000000     
          80          26   0.0000000000000000        0.0000000000000000     
          85          26   0.0000000000000000        0.0000000000000000     
          90          26   0.0000000000000000        0.0000000000000000     
          95          26   0.0000000000000000        0.0000000000000000     
           0          27   0.0000000000000000        0.0000000000000000     
           5          27   0.0000000000000000        0.0000000000000000     
          10          27   0.0000000000000000        0.0000000000000000     
          15          27   0.0000000000000000        0.0000000000000000     
          20          27   0.0000000000000000        0.0000000000000000     
          25          27   0.0000000000000000        0.0000000000000000     
          30          27   0.0000000000000000        0.0000000000000000     
          35          27   0.0000000000000000        0.0000000000000000     
          40          27   0.0000000000000000        0.0000000000000000     
          45          27   0.0000000000000000        0.0000000000000000     
          50          27   0.0000000000000000        0.0000000000000000     
          55          27   0.0000000000000000        0.0000000000000000     
          60          27   0.0000000000000000        0.0000000000000000     
          65          27   0.0000000000000000        0.0000000000000000     
          70          27   0.0000000000000000        0.0000000000000000     
          75          27   0.0000000000000000        0.0000000000000000     
          80          27   0.0000000000000000        0.0000000000000000     
          85          27   0.0000000000000000        0.0000000000000000     
          90          27   0.0000000000000000        0.0000000000000000     
          95          27   0.0000000000000000        0.0000000000000000     
           0          28   0.0000000000000000        0.0000000000000000     
           5          28   0.0000000000000000        0.0000000000000000     
          10          28   0.0000000000000000        0.0000000000000000     
          15          28   0.0000000000000000        0.0000000000000000     
          20          28   0.0000000000000000        0.0000000000000000     
          25          28   0.0000000000000000        0.0000000000000000     
          30          28   0.0000000000000000        0.0000000000000000     
          35          28   0.0000000000000000        0.0000000000000000     
          40          28   0.0000000000000000        0.0000000000000000     
          45          28   0.0000000000000000        0.0000000000000000     
          50          28   0.0000000000000000        0.0000000000000000     
          55          28   0.0000000000000000        0.0000000000000000     
          60          28   0.0000000000000000        0.0000000000000000     
          65          28   0.0000000000000000        0.0000000000000000     
          70          28   0.0000000000000000        0.0000000000000000     
          75          28   0.0000000000000000        0.0000000000000000     
          80          28   0.0000000000000000        0.0000000000000000     
          85          28   0.0000000000000000        0.0000000000000000     
          90          28   0.0000000000000000        0.0000000000000000     
          95          28   0.0000000000000000        0.0000000000000000     
           0          29   0.0000000000000000        0.0000000000000000     
           5          29   0.0000000000000000        0.0000000000000000     
          10          29   0.0000000000000000        0.0000000000000000     
          15          29   0.0000000000000000        0.0000000000000000     
          20          29   0.0000000000000000        0.0000000000000000     
          25          29   0.0000000000000000        0.0000000000000000     
          30          29   0.0000000000000000        0.0000000000000000     
          35          29   0.0000000000000000        0.0000000000000000     
          40          29   0.0000000000000000        0.0000000000000000     
          45          29   0.0000000000000000        0.0000000000000000     
          50          29   0.0000000000000000        0.0000000000000000     
          55          29   0.0000000000000000        0.0000000000000000     
          60          29   0.0000000000000000        0.0000000000000000     
          65          29   0.0000000000000000        0.0000000000000000     
          70          29   0.0000000000000000        0.0000000000000000     
          75          29   0.0000000000000000        0.0000000000000000     
          80          29   0.0000000000000000        0.0000000000000000     
          85          29   0.0000000000000000        0.0000000000000000     
          90          29   0.0000000000000000        0.0000000000000000     
          95          29   0.0000000000000000        0.0000000000000000     
           0          30   0.0000000000000000        0.0000000000000000     
           5          30   0.0000000000000000        0.0000000000000000     
          10          30   0.0000000000000000        0.0000000000000000     
          15          30   0.0000000000000000        0.0000000000000000     
          20          30   0.0000000000000000        0.0000000000000000     
          25          30   0.0000000000000000        0.0000000000000000     
          30          30   0.0000000000000000        0.0000000000000000     
          35          30   0.0000000000000000        0.0000000000000000     
          40          30   0.0000000000000000        0.0000000000000000     
          45          30   0.0000000000000000        0.0000000000000000     
          50          30   0.0000000000000000        0.0000000000000000     
          55          30   0.0000000000000000        0.0000000000000000     
          60          30   0.0000000000000000        0.0000000000000000     
          65          30   0.0000000000000000        0.0000000000000000     
          70          30   0.0000000000000000        0.0000000000000000     
          75          30   0.0000000000000000        0.0000000000000000     
          80          30   0.0000000000000000        0.0000000000000000     
          85          30   0.0000000000000000        0.0000000000000000     
          90          30   0.0000000000000000        0.0000000000000000     
          95          30   0.0000000000000000        0.0000000000000000     
           0          31   0.0000000000000000        0.0000000000000000     
           5          31   0.0000000000000000        0.0000000000000000     
          10          31   0.0000000000000000        0.0000000000000000     
          15          31   0.0000000000000000        0.0000000000000000     
          20          31   0.0000000000000000        0.0000000000000000     
          25          31   0.0000000000000000        0.0000000000000000     
          30          31   0.0000000000000000        0.0000000000000000     
          35          31   0.0000000000000000        0.0000000000000000     
          40          31   0.0000000000000000        0.0000000000000000     
          45          31   0.0000000000000000        0.0000000000000000     
          50          31   0.0000000000000000        0.0000000000000000     
          55          31   0.0000000000000000        0.0000000000000000     
          60          31   0.0000000000000000        0.0000000000000000     
          65          31   0.0000000000000000        0.0000000000000000     
          70          31   0.0000000000000000        0.0000000000000000     
          75          31   0.0000000000000000        0.0000000000000000     
          80          31   0.0000000000000000        0.0000000000000000     
          85          31   0.0000000000000000        0.0000000000000000     
          90          31   0.0000000000000000        0.0000000000000000     
          95          31   0.0000000000000000        0.0000000000000000     
