           0           0   0.0000000000000000        0.0000000000000000     
           5           0   0.0000000000000000        0.0000000000000000     
          10           0   0.0000000000000000        0.0000000000000000     
          15           0   0.0000000000000000        0.0000000000000000     
          20           0   0.0000000000000000        0.0000000000000000     
          25           0   0.0000000000000000        0.0000000000000000     
          30           0   0.0000000000000000        0.0000000000000000     
          35           0   0.0000000000000000        0.0000000000000000     
          40           0   0.0000000000000000        0.0000000000000000     
          45           0   0.0000000000000000        0.0000000000000000     
          50           0   0.0000000000000000        0.0000000000000000     
          55           0   0.0000000000000000        0.0000000000000000     
          60           0   0.0000000000000000        0.0000000000000000     
          65           0   0.0000000000000000        0.0000000000000000     
          70           0   0.0000000000000000        0.0000000000000000     
          75           0   0.0000000000000000        0.0000000000000000     
          80           0   0.0000000000000000        0.0000000000000000     
          85           0   0.0000000000000000        0.0000000000000000     
          90           0   0.0000000000000000        0.0000000000000000     
          95           0   0.0000000000000000        0.0000000000000000     
           0           1  -2.7462616426234812       -1.5487439176446389     
           5           1 -0.63329237933569538       0.15128588219486677     
          10           1 -0.34037733637928835      -0.27982061186119717     
          15           1 -0.17798300669780165        7.7714327874518763E-002
          20           1 -0.29891862125819291        5.5598536316155134E-002
          25           1 -0.64353871473743496        1.1808531426676578     
          30           1 -0.83318292772360802        6.5425562428729489E-002
          35           1   0.0000000000000000        0.0000000000000000     
          40           1 -0.89832296349623419      -0.19665077331108838     
          45           1  -1.2987502391265116       0.57798476132669274     
          50           1 -0.57204333242522054      -0.15727627875931904     
          55           1 -0.70253660689134634      -0.34752153948373887     
          60           1 -0.56696893077301524       -1.2846359658724020     
          65           1  -1.2630742112307303       0.40795797968430636     
          70           1   0.0000000000000000        0.0000000000000000     
          75           1 -0.28522483516479902       0.28772267426807951     
          80           1 -0.65943872330276321      -0.23262944757612009     
          85           1 -0.90225945975408450       -8.3894687652758676E-002
          90           1 -0.27792555985839407       0.14350946397788042     
          95           1 -0.37890097703163761       0.44570095986143365     
           0           2  -1.7564355062314783       -6.3891013712263911E-004
           5           2  -2.0051301222379774      -0.69557919260880563     
          10           2  -1.2714644526834462      -0.42796647232508367     
          15           2 -0.42229316540909334       0.47320293297646587     
          20           2 -0.95124201104107575       -4.8488884722280856E-002
          25           2  -1.1895713118764695       0.81943016230649757     
          30           2   0.0000000000000000        0.0000000000000000     
          35           2 -0.64260049059350344      -0.20935215511046212     
          40           2   0.0000000000000000        0.0000000000000000     
          45           2 -0.95384017919364350      -0.38318876202706598     
          50           2 -0.75715829431555193        6.1895113635038190E-002
          55           2  -1.3069217685435230      -0.14920897949008416     
          60           2  -2.1052011666067294      -0.39048788838709492     
          65           2  -2.6783841015354248       -7.2424149451869035E-002
          70           2  -1.2983214596118398      -0.35633844110784935     
          75           2  -1.5135959935153043       0.20354986868278274     
          80           2  -1.3298425752639176      -0.49607184535914450     
          85           2 -0.39124544582991305       -8.2485814463795215E-002
          90           2  -1.4661300750073991      -0.97723026921958667     
          95           2  -1.3116668935753140      -0.53056180600787040     
           0           3  -2.1034779450188230      -0.41526445820075364     
           5           3  -1.5398955542954977      -0.11551361311354369     
          10           3  -3.2631372584451812      -0.47502879620443805     
          15           3  -2.9313541173603408       -6.8265857947960584E-002
          20           3  -1.2377981711936270      -0.34636895330286688     
          25           3  -1.1455298446405582      -0.46273277344546088     
          30           3  -1.6441523129046010       -6.6600903061847516E-002
          35           3  -2.8554556440557599        2.0335796112186388E-002
          40           3  -2.1049582703591696      -0.14886558323337629     
          45           3  -4.8265008240733209       -2.2282918852083169     
          50           3 -0.67101756360044007       0.70488118073350203     
          55           3  -4.2332868346139918      -0.68278533630436455     
          60           3  -5.0136359048047474      -0.43498322319437954     
          65           3  -1.5951041814021849       -2.5516838129263641E-002
          70           3  -5.6736772028420646      -0.42394631034746444     
          75           3  -1.9358571123562207       0.17095908849684704     
          80           3  -1.8536722744122436      -0.14463223791283397     
          85           3  -4.7308756284325515       0.31493937954325812     
          90           3  -2.1025527645068820        7.5718068549349149E-002
          95           3  -1.4778859628350460       -6.3432233310053987E-002
           0           4  -2.7959115523509044      -0.39787759636089604     
           5           4  -2.2174477412679332       0.67063270361447658     
          10           4  -2.6272548412578645      -0.34729176490222446     
          15           4  -3.7489388011327507      -0.27893379735882684     
          20           4  -4.4682764594899949       -1.6385990523874738     
          25           4  -4.6477379136350416       0.72343379584470513     
          30           4 -0.50802602373833938       0.18002982391220057     
          35           4  -2.4875337313778889       0.45517010349917231     
          40           4  -2.6572107490241414       0.19869136772279750     
          45           4   0.0000000000000000        0.0000000000000000     
          50           4  -2.0818297569924482      -0.13836011821921623     
          55           4  -2.3283412545049842        5.6036531106556930E-002
          60           4  -2.4995992689458291      -0.14417198731728198     
          65           4  -6.3975426517093315      -0.62753024487598175     
          70           4  -2.5421106381839920       0.24566289150512732     
          75           4  -3.6809944316895660      -0.60543242164187716     
          80           4  -2.1012645958995435      -0.28288940196144474     
          85           4  -2.3759919693233655       0.71280218058869527     
          90           4  -3.6629671001620068      -0.69758586892773589     
          95           4  -4.3387467390598733       0.13578670601803455     
           0           5  -2.6545790603219324       0.15566418555254535     
           5           5  -2.6977605760215155       0.52456862068360477     
          10           5  -3.2160564115379930      -0.51459613774396118     
          15           5  -3.6829873708291161       0.34769540860020431     
          20           5  -3.1585204143352863      -0.34352046099472844     
          25           5   0.0000000000000000        0.0000000000000000     
          30           5  -3.0988717831903489       0.15988880569792197     
          35           5  -2.9818621299215753      -0.31178992773599201     
          40           5  -2.1166368782238321       -1.6022043636057526E-002
          45           5  -2.5170124524281912        1.1232990810150500     
          50           5  -2.8329645705449380       0.22109130004596689     
          55           5  -2.7428100160875601      -0.22216653404349973     
          60           5  -3.7908818831400293       0.17553475181640577     
          65           5  -3.2453564205625618      -0.47605006703838049     
          70           5  -3.5535458967195233       0.85423413418758698     
          75           5  -3.6821193863723067      -0.33620695069624951     
          80           5  -2.5672359195016980      -0.13720884207986395     
          85           5  -3.5823463303275016      -0.60433296825729288     
          90           5   0.0000000000000000        0.0000000000000000     
          95           5   0.0000000000000000        0.0000000000000000     
           0           6  -3.1871152699165424      -0.39941864265494176     
           5           6  -4.3400377423250669      -0.20592840627234321     
          10           6  -4.3566203104550283      -0.63989930117733240     
          15           6  -3.1090315635812216       0.72561321519129529     
          20           6  -3.9945932724227973      -0.59737192820444318     
          25           6  -3.1722951712537251       -7.6377068091368350E-002
          30           6  -7.0188245927160775      -0.20090522627372320     
          35           6  -4.0840502825373326       0.66461892507183040     
          40           6  -6.6374089800780300      -0.13413537882617232     
          45           6  -3.4206075098158761      -0.61408343628346906     
          50           6  -3.5520580319503559      -0.54611597359019437     
          55           6  -8.1956063899646381      -0.11260181143224468     
          60           6   0.0000000000000000        0.0000000000000000     
          65           6  -3.8008196766881053        4.4416031194233208E-002
          70           6  -4.2778229081075203       0.22094059225472029     
          75           6  -4.3330394572049791      -0.16242140847805286     
          80           6   0.0000000000000000        0.0000000000000000     
          85           6  -3.4298688224287943       0.14995627069566697     
          90           6  -7.3089446909913036       0.69430605173934068     
          95           6  -3.0508311398680377       0.24210890171308397     
           0           7  -3.7312941537841464       0.53066317926772633     
           5           7  -4.7133103787651285      -0.28728179918641183     
          10           7  -4.7484833537364546      -0.24971055186187585     
          15           7  -3.8566697183650689        1.2716566609713431     
          20           7  -9.0612180865606859      -0.80592776779186970     
          25           7  -8.5300286411688084      -0.17318702518046014     
          30           7   0.0000000000000000        0.0000000000000000     
          35           7  -4.5557603078200115       0.43576655963301070     
          40           7  -4.3399655101389323       0.34171917768568982     
          45           7  -4.4390256214454915       0.24773248224779776     
          50           7  -4.1834180831568091      -0.26726134552026992     
          55           7  -4.9925082080748417      -0.56607854926296608     
          60           7  -8.7646695761622873      -0.66369589136625051     
          65           7  -4.1931495442126820       -4.8676546919868002E-002
          70           7  -4.1571255729566658       -2.5514007620658363E-002
          75           7  -8.3643694048007866       -1.0220384741611854     
          80           7  -4.9766625459990443      -0.16185400444498899     
          85           7  -4.3256869195751335      -0.49238217684779984     
          90           7  -5.3003285515962340      -0.22679500561437194     
          95           7  -4.4068283534515196       -1.9358590818557841E-002
           0           8  -4.3882005518513720      -0.30378579237808068     
           5           8  -5.1523921279235383       -2.4565656354114118E-002
          10           8  -5.2955189119785473       0.62214146907726975     
          15           8  -4.3752720755102503       0.16581254335540363     
          20           8  -4.5398674187629995      -0.15584589085723688     
          25           8  -5.0947421052699449      -0.43493032249167229     
          30           8  -9.7755798706672401      -0.47567186133495865     
          35           8  -3.5425649456816144       0.58287030427026099     
          40           8   0.0000000000000000        0.0000000000000000     
          45           8  -4.4236949691817129       0.68568868706625485     
          50           8  -4.5751030746232768      -0.25772273232665954     
          55           8  -4.9528306817370193      -0.27423438947418721     
          60           8  -8.7935059920885017      -0.21180532696868370     
          65           8  -4.9466172203171954       -3.6488560652137014E-002
          70           8   0.0000000000000000        0.0000000000000000     
          75           8  -4.0518749562779011       0.13657111190529259     
          80           8  -5.3596595330374086       0.16067291168500586     
          85           8  -10.674101136532999      -0.70908036281847053     
          90           8  -4.9405688937165237      -0.66426831287810795     
          95           8  -4.6974805911870199       0.17223837783422735     
           0           9  -5.1099587698357274        1.2190122494343258E-002
           5           9   0.0000000000000000        0.0000000000000000     
          10           9   0.0000000000000000        0.0000000000000000     
          15           9  -4.2771830442867032      -0.42128474281519224     
          20           9  -5.4288611931829767      -0.71306668620998992     
          25           9   0.0000000000000000        0.0000000000000000     
          30           9  -4.4527281879752634       0.35309282906889616     
          35           9  -5.4962174251954599      -0.36109971359735149     
          40           9  -4.4473926806382069       0.66351764035424421     
          45           9  -4.7529422904596386       0.78791847559572803     
          50           9  -4.9410084118295394       0.29827075828284255     
          55           9  -5.1008374790162403       0.63360682334895335     
          60           9  -5.4578600636401298      -0.62734907506439841     
          65           9  -9.6927839552418682       0.15398202193955823     
          70           9  -5.0569539913825068        9.0814448471393527E-002
          75           9  -11.587369040738649      -0.79681416165697239     
          80           9  -16.515900975869748       0.45888131717339298     
          85           9  -6.1516990561361062       -3.1778022577394482E-002
          90           9  -10.797804364709451       -4.2860336113559327E-003
          95           9   0.0000000000000000        0.0000000000000000     
           0          10  -6.3127473235492086       0.11078421040630615     
           5          10  -6.3547595239216159      -0.37627177465013317     
          10          10  -6.1019619234681244      -0.47031988314252815     
          15          10  -11.871011452443680       0.36237107589487394     
          20          10  -5.8914923940994735        2.1941616931003827E-002
          25          10  -12.644635268949100      -0.81116655089849554     
          30          10  -11.086361674217393      -0.49664759790318813     
          35          10  -5.8335010341697968      -0.37734907480421742     
          40          10  -4.6173314421077416       0.71806645045205397     
          45          10  -5.0522953698223239      -0.70993920556164380     
          50          10  -5.6521622680771877       0.39017386879933169     
          55          10  -5.1505978805721497       0.69562351165800007     
          60          10  -10.493732145071544      -0.18806273346244629     
          65          10  -6.2093074761682132      -0.17243171532746460     
          70          10  -11.454900427116943      -0.80611241055766891     
          75          10  -6.8117315626281538      -0.35754802679852093     
          80          10  -5.9667594788548328       0.45102082373141283     
          85          10   0.0000000000000000        0.0000000000000000     
          90          10  -5.9445262832935608      -0.64919303202501388     
          95          10  -5.8181454305517022       -1.1120775052018972     
           0          11  -6.6343954539808001       0.21851909117132085     
           5          11  -6.5974911831849496      -0.21513773856160490     
          10          11  -12.801562178272608      -0.29317640028503344     
          15          11   0.0000000000000000        0.0000000000000000     
          20          11  -6.2396498334904571       -8.9176251139994056E-002
          25          11  -12.793413142857535      -0.66891174521438446     
          30          11  -6.4460574230390533       0.13100254350292828     
          35          11  -5.9163799043587817       0.13577211020784907     
          40          11  -12.864140729722529      -0.39109019937394462     
          45          11  -11.044038491557217       0.78543757923030255     
          50          11  -5.8795368953634686       0.37494575597540880     
          55          11  -12.092205273552814      -0.46946953630694344     
          60          11  -6.4003789225641761       -3.4722695724381802E-002
          65          11  -6.3270925497160846      -0.11129426699688083     
          70          11  -7.1313942786066509       0.24355186252184025     
          75          11  -13.741635996282753      -0.66034814026727506     
          80          11  -6.4615247169075296      -0.26586409219223062     
          85          11  -6.5650522673976752       0.79103359664614570     
          90          11  -6.0083970491797700      -0.24385004799537535     
          95          11  -6.4881201750899287        8.9464909330261300E-002
           0          12  -6.0740574588704401        1.1005002287224619     
           5          12  -6.9894560408629429       -8.8548480768335658E-002
          10          12  -7.0937452539457375       0.19589458299967832     
          15          12  -6.4020311437690269       0.41458368795085909     
          20          12  -6.8673703801599979        3.4581732405863930E-002
          25          12  -7.1287428921246176       0.51266226807969439     
          30          12  -7.4210275234792844      -0.45608543747965857     
          35          12  -6.6899509611967334        5.5035359074057100E-002
          40          12  -6.5562473996511050      -0.21329509883427633     
          45          12  -6.7393431282630756       -6.3191135044743385E-002
          50          12  -5.9255523466372750       0.47580902547805781     
          55          12  -6.9319998405936722       0.29474073870938700     
          60          12  -7.0310762568026597       -2.5238241351255297E-002
          65          12  -6.7492256717560650        7.2685200168537412E-002
          70          12  -6.6559290940571003      -0.19636989266935689     
          75          12  -7.5578553067123799       -4.0670439264145486E-002
          80          12  -6.8409779743205945       -8.0383048902121779E-002
          85          12  -6.4502946520572646       0.69787645790242436     
          90          12  -6.0781511755170214        1.2201693827305904     
          95          12  -7.1695654984915702       -3.3391264907811635E-002
           0          13  -6.3567337497849943       0.56852591299672017     
           5          13  -6.6677135114980022      -0.24043077593155493     
          10          13   0.0000000000000000        0.0000000000000000     
          15          13  -13.778434967494091       -1.1556733338380365     
          20          13  -7.1922189727555148       -9.6999959958432580E-002
          25          13  -7.3681189962709892       -7.4625505966929850E-002
          30          13   0.0000000000000000        0.0000000000000000     
          35          13   0.0000000000000000        0.0000000000000000     
          40          13  -7.7465173932256270      -0.60988089356200925     
          45          13  -6.4772968648790785      -0.15959013942079547     
          50          13  -7.4760125257955501       -2.0560596309393553E-002
          55          13  -7.1813723800828733      -0.10363499977350532     
          60          13  -7.2389298819575121      -0.25968702247469722     
          65          13  -13.929548273694525       0.54011976914847271     
          70          13  -7.2317699274160319       0.28250164708532033     
          75          13  -7.5161026491232796       0.13646545365397778     
          80          13  -7.6210205724325242        9.7265719175565479E-002
          85          13  -7.1485058798770318      -0.51796582360985610     
          90          13  -7.4874557932702590      -0.17235865563236530     
          95          13  -7.1673414319950446       0.46284482180802833     
           0          14  -7.0037714140417773       0.51998505169237319     
           5          14  -7.1707175699987218       0.28450434601312580     
          10          14  -7.3516463961575962       -9.8175860988036767E-002
          15          14  -15.724696551233652      -0.68903983353685305     
          20          14  -15.420534513225226       0.91634056881839676     
          25          14  -8.1234367085475370       -9.9443781820807153E-002
          30          14  -7.3297814675005180        8.7268659232364598E-002
          35          14  -7.4703146045512758      -0.29966149915738871     
          40          14  -7.4144588125996114      -0.23148554521401632     
          45          14  -7.3540029813573549      -0.31888710794736319     
          50          14  -7.3600405161688975        4.4669363543081708E-002
          55          14  -7.4124923362206552      -0.23336293956233156     
          60          14  -7.5938326850943927      -0.12723835783823301     
          65          14   0.0000000000000000        0.0000000000000000     
          70          14  -7.4843650148470608       0.30747698925304157     
          75          14  -7.0679913895099755        2.2660772813765107E-004
          80          14  -7.8949661500438140      -0.80111699882534637     
          85          14  -7.9250383440476746      -0.27719467218856320     
          90          14  -7.0580856396718072       0.52243470477886245     
          95          14  -7.2292284721520161       0.34838307932161250     
           0          15  -16.344706971966833      -0.52273837569061232     
           5          15  -15.820203663816089       0.23003945794519698     
          10          15  -7.6561918940529212      -0.21919995420671690     
          15          15   0.0000000000000000        0.0000000000000000     
          20          15  -7.5190183583778714       0.58211280541758947     
          25          15  -8.4409099818855129       -3.2945870029887914E-002
          30          15  -8.4446370032270615       0.15275852909280019     
          35          15  -7.8872587309880560      -0.57577407209574716     
          40          15  -7.5676744884850544       0.20962084335496289     
          45          15  -7.6744064042527649      -0.53562775703619447     
          50          15  -7.7808670372681021       0.40841402133284799     
          55          15  -7.8737334475509346        6.1379305500985915E-002
          60          15  -7.5819484538275361      -0.13626046089287858     
          65          15   0.0000000000000000        0.0000000000000000     
          70          15  -8.0641520515956078       -9.7350568341592059E-002
          75          15  -16.010307337045447       -5.5917807030014810E-002
          80          15  -16.554430304783764       0.20936784962566346     
          85          15   0.0000000000000000        0.0000000000000000     
          90          15  -15.844458975294851       0.53327056073665391     
          95          15  -7.6358937339970900      -0.80423076472463384     
           0          16  -8.5833074450806723      -0.21295250325431558     
           5          16  -8.6395695155063592       0.22441057742295101     
          10          16  -16.966859977972646       0.35750829971314957     
          15          16  -7.6336111839048204      -0.28256953900129833     
          20          16  -7.8880033566183778        5.4906911436114481E-002
          25          16  -8.5321210206906741       -1.1999414856189716E-002
          30          16  -8.6598049733405116       -3.7910225704207434E-002
          35          16  -8.4376813927661267        3.7826695998277593E-002
          40          16  -8.4184133713899314      -0.40677205210892797     
          45          16  -16.190744063183104        5.9957738446914099E-002
          50          16  -8.1520355114916843       0.32067963734588867     
          55          16  -8.0410543767284182       -5.1787147220538898E-003
          60          16  -8.2167961232770814      -0.11399163802716661     
          65          16  -16.294248451291793       0.92413824127696165     
          70          16  -8.0319798615402505       0.29231688397107769     
          75          16   0.0000000000000000        0.0000000000000000     
          80          16  -8.4873855992784186       0.48931540986507649     
          85          16  -8.0077967910208159       0.25123074167854309     
          90          16  -8.2580332053949768      -0.36506660678781166     
          95          16  -7.7332177398914403        1.3622319412120998     
           0          17  -9.0415907942375640      -0.38744119326916682     
           5          17  -9.1428213806280656      -0.16858048156487282     
          10          17  -17.011439686614725      -0.83749227041851615     
          15          17   0.0000000000000000        0.0000000000000000     
          20          17   0.0000000000000000        0.0000000000000000     
          25          17  -9.1673990582424860       0.23563107692081697     
          30          17  -8.9698092064854897       -3.1546493268752585E-002
          35          17  -9.3419248687714997        3.1827605588563568E-002
          40          17  -8.5245080864854152       0.69422575701000300     
          45          17  -8.6957130691583941       0.16905057565075321     
          50          17  -9.0012665355576615       -8.0475299304438863E-002
          55          17  -7.6536795625692378       0.26339115930584800     
          60          17  -8.6462378256491057       0.32078787318035040     
          65          17   0.0000000000000000        0.0000000000000000     
          70          17  -8.6497896126291884      -0.45131068776960159     
          75          17  -16.987265960460853       0.94649726225415343     
          80          17  -8.6848528601890518       0.14980529705471701     
          85          17  -15.662775236409132        1.1726512414647616     
          90          17  -8.6051678064280601       0.84116126841282668     
          95          17   0.0000000000000000        0.0000000000000000     
           0          18  -9.1396184054102694      -0.41489061236021918     
           5          18  -9.4790568678563414      -0.58075213278385718     
          10          18  -9.2856701287608026       -4.1178493126459159E-002
          15          18  -8.9224782595004317      -0.21667963988114547     
          20          18  -9.1640056585295948      -0.73617801044700837     
          25          18  -9.7767871463166891      -0.48020313525687364     
          30          18  -9.3365989008503671       0.20345737017035681     
          35          18  -9.0357763015713743       -8.1618257236071301E-003
          40          18  -9.3592127968106222      -0.28115617555113381     
          45          18  -9.2498351757736010      -0.25554062230204178     
          50          18  -9.3953786482581236       0.20087368865495669     
          55          18  -8.0123637856788221       0.15676285673671408     
          60          18  -8.4687978947806108       -3.2685999586390402E-002
          65          18  -8.6792125214429916       0.27817241352701139     
          70          18  -8.7778994727183424       0.31280347466966507     
          75          18  -8.9384130558967101       -7.3507810153805586E-002
          80          18  -8.4829097851502056       0.62685140563567554     
          85          18  -8.8099865833224378       0.65841291651325129     
          90          18  -8.7454556446653342       0.46718676465606901     
          95          18  -17.943267051734324       0.72392370602747391     
           0          19  -9.7398490056220961       0.15668154235926046     
           5          19  -9.5631939158798822       -3.6616334510575221E-002
          10          19  -9.3841470224947923      -0.17966308528460928     
          15          19  -18.245943613964254      -0.18625265972682659     
          20          19  -9.0590342050433925       0.83691081672665479     
          25          19  -9.3923247025745606      -0.47779547392767796     
          30          19  -19.497429125874262       0.15042302870083013     
          35          19  -9.4912822736786797      -0.16622653870618231     
          40          19  -18.985076986850480      -0.16481596265549570     
          45          19  -9.3238129994926968       0.29016246015034497     
          50          19  -9.6544184925084764      -0.17606091321897832     
          55          19  -9.4142252542728233      -0.32808351379226552     
          60          19  -18.068807572693135        4.9727703241297938E-002
          65          19  -9.1133852755920230       0.38388098406949567     
          70          19  -19.136492847173781       0.40564834966339003     
          75          19  -8.8983224801375549       0.76589648063007942     
          80          19   0.0000000000000000        0.0000000000000000     
          85          19  -9.4326367525054966       0.24543006547306234     
          90          19   0.0000000000000000        0.0000000000000000     
          95          19   0.0000000000000000        0.0000000000000000     
           0          20  -19.638986888241703      -0.34110262329578589     
           5          20   0.0000000000000000        0.0000000000000000     
          10          20   0.0000000000000000        0.0000000000000000     
          15          20   0.0000000000000000        0.0000000000000000     
          20          20  -9.3804758499643750       0.35074958239234011     
          25          20  -9.7241760991556561        9.6945941739923214E-002
          30          20  -10.759980687238823      -0.48220728752434994     
          35          20  -9.2955601994887385       0.53408643464591954     
          40          20  -10.143535687649473        3.8687395358394383E-002
          45          20  -9.9452003190719775      -0.25920877457008551     
          50          20  -19.948727209829762      -0.64167412922228051     
          55          20  -9.4753154494742198       -7.9565736665343501E-002
          60          20  -9.8983797581886357      -0.14721989260668700     
          65          20  -9.3830794099569736       0.14278107602683221     
          70          20  -9.6213577744497236       0.11088750860033247     
          75          20  -9.9130294165417077       -6.7517169790587417E-002
          80          20  -9.6420569486777019       0.31896851089729950     
          85          20   0.0000000000000000        0.0000000000000000     
          90          20  -9.2435623391784461       0.57075125393990511     
          95          20  -9.5805162037976288       0.25722598200494939     
           0          21   0.0000000000000000        0.0000000000000000     
           5          21  -10.183944781286188      -0.19674228985133713     
          10          21  -10.248356412408954      -0.18017156644178911     
          15          21  -9.8874511378821417       0.30832754803533646     
          20          21  -10.312006825825836      -0.77035740808556463     
          25          21  -9.4959662754995335       0.28272823038966166     
          30          21  -9.9439677078155810       -6.5236251159950243E-002
          35          21  -10.820678903858404        7.5053883906162078E-002
          40          21  -9.9096112112834192       0.43080517719951139     
          45          21  -10.157062567953123      -0.19492242389174130     
          50          21  -10.227760368595185      -0.29432439970000779     
          55          21  -9.9961188717667682        1.1702626720455633E-002
          60          21   0.0000000000000000        0.0000000000000000     
          65          21  -9.2654324039287417       0.24183377531905581     
          70          21  -10.124572311813740        9.4480272612162963E-002
          75          21  -9.5208972186866525       0.38899378630552484     
          80          21  -20.352451140381866       0.66282709360543368     
          85          21  -9.7261708352902598       0.20191746061964944     
          90          21  -9.7873051575958492       0.64408988412645307     
          95          21  -10.460029679100202      -0.25309234438275485     
           0          22  -10.392202719512898      -0.19774642236625173     
           5          22   0.0000000000000000        0.0000000000000000     
          10          22  -10.648812761163139      -0.15069012468282850     
          15          22  -10.474430671093549      -0.33456879129423189     
          20          22  -10.096610900638403       0.22521571316103106     
          25          22  -21.031023026553129       0.28386104027167125     
          30          22   0.0000000000000000        0.0000000000000000     
          35          22  -20.248799376127998        5.8411990772055944E-002
          40          22  -10.742033768237901      -0.39491788380974224     
          45          22  -10.584336561508255      -0.11627303480310491     
          50          22  -20.653751551920063      -0.23043436818026564     
          55          22  -20.799172208607608      -0.29238127389530355     
          60          22  -9.8910133678709045       0.22402251163344822     
          65          22  -10.326297228735459       -3.6028794473952352E-002
          70          22  -9.9149940455944829       0.52309904892355874     
          75          22  -10.070694363544241       0.27277045862972304     
          80          22  -10.172780875430387       0.23423038658709761     
          85          22  -10.556765213691754       0.30362648970549966     
          90          22  -10.870916241816353       0.56536192883482883     
          95          22  -10.473142100266841       0.43206218912184013     
           0          23   0.0000000000000000        0.0000000000000000     
           5          23  -10.519022183534606      -0.26318448984818943     
          10          23   0.0000000000000000        0.0000000000000000     
          15          23  -9.7385719912407289        2.2394564126448913E-002
          20          23  -10.930318835776220       0.43639348382473742     
          25          23  -10.501243017150829      -0.10296517850116871     
          30          23  -11.150230802092208        6.6955806380941674E-002
          35          23  -21.939674372142278      -0.73669718630764436     
          40          23   0.0000000000000000        0.0000000000000000     
          45          23   0.0000000000000000        0.0000000000000000     
          50          23  -10.497776071078935      -0.13863555933135707     
          55          23  -10.469076471544270      -0.15489280254132876     
          60          23  -10.018354392378193       0.15903013380336173     
          65          23  -10.860011266726755       0.56303279530711681     
          70          23  -9.7953521874716287       0.53578992428970906     
          75          23  -10.670471060252318       0.54407249954813164     
          80          23   0.0000000000000000        0.0000000000000000     
          85          23  -10.770121060144078       0.53744337699834777     
          90          23  -11.654328433299277       0.32106644051566047     
          95          23  -11.116733664719991      -0.37344344945677843     
           0          24  -21.872776902369274       -1.2099877435289841     
           5          24  -10.406405456962405       0.25433469222402305     
          10          24   0.0000000000000000        0.0000000000000000     
          15          24   0.0000000000000000        0.0000000000000000     
          20          24   0.0000000000000000        0.0000000000000000     
          25          24  -11.062067043400846        7.0176762725915331E-002
          30          24  -10.689355411042655      -0.11355584158434517     
          35          24  -10.642808073705323       0.42447622301683419     
          40          24  -11.137695836275773      -0.21116110765606599     
          45          24   0.0000000000000000        0.0000000000000000     
          50          24   0.0000000000000000        0.0000000000000000     
          55          24  -10.509540323597744       0.14682801095733389     
          60          24  -10.346306744506428       0.30062122997609464     
          65          24   0.0000000000000000        0.0000000000000000     
          70          24   0.0000000000000000        0.0000000000000000     
          75          24  -10.455090830170377       0.73564244120527533     
          80          24  -11.154619640358909       0.77245105004508652     
          85          24   0.0000000000000000        0.0000000000000000     
          90          24   0.0000000000000000        0.0000000000000000     
          95          24   0.0000000000000000        0.0000000000000000     
           0          25   0.0000000000000000        0.0000000000000000     
           5          25   0.0000000000000000        0.0000000000000000     
          10          25   0.0000000000000000        0.0000000000000000     
          15          25   0.0000000000000000        0.0000000000000000     
          20          25   0.0000000000000000        0.0000000000000000     
          25          25  -10.884829887213842       0.44612828608348032     
          30          25   0.0000000000000000        0.0000000000000000     
          35          25   0.0000000000000000        0.0000000000000000     
          40          25   0.0000000000000000        0.0000000000000000     
          45          25   0.0000000000000000        0.0000000000000000     
          50          25   0.0000000000000000        0.0000000000000000     
          55          25  -10.922294348822970       0.13124668819419760     
          60          25   0.0000000000000000        0.0000000000000000     
          65          25  -11.227099211892355       0.91581536794893559     
          70          25   0.0000000000000000        0.0000000000000000     
          75          25  -10.662920469646231       0.71106978449586578     
          80          25   0.0000000000000000        0.0000000000000000     
          85          25   0.0000000000000000        0.0000000000000000     
          90          25   0.0000000000000000        0.0000000000000000     
          95          25   0.0000000000000000        0.0000000000000000     
           0          26  -11.507251150347473      -0.28191398410037927     
           5          26  -11.526739824541872      -0.23560941287081860     
          10          26   0.0000000000000000        0.0000000000000000     
          15          26   0.0000000000000000        0.0000000000000000     
          20          26   0.0000000000000000        0.0000000000000000     
          25          26   0.0000000000000000        0.0000000000000000     
          30          26   0.0000000000000000        0.0000000000000000     
          35          26   0.0000000000000000        0.0000000000000000     
          40          26   0.0000000000000000        0.0000000000000000     
          45          26  -11.110770587731688        7.2241131261474578E-002
          50          26   0.0000000000000000        0.0000000000000000     
          55          26   0.0000000000000000        0.0000000000000000     
          60          26   0.0000000000000000        0.0000000000000000     
          65          26   0.0000000000000000        0.0000000000000000     
          70          26   0.0000000000000000        0.0000000000000000     
          75          26   0.0000000000000000        0.0000000000000000     
          80          26   0.0000000000000000        0.0000000000000000     
          85          26   0.0000000000000000        0.0000000000000000     
          90          26   0.0000000000000000        0.0000000000000000     
          95          26   0.0000000000000000        0.0000000000000000     
           0          27   0.0000000000000000        0.0000000000000000     
           5          27   0.0000000000000000        0.0000000000000000     
          10          27   0.0000000000000000        0.0000000000000000     
          15          27   0.0000000000000000        0.0000000000000000     
          20          27   0.0000000000000000        0.0000000000000000     
          25          27   0.0000000000000000        0.0000000000000000     
          30          27   0.0000000000000000        0.0000000000000000     
          35          27   0.0000000000000000        0.0000000000000000     
          40          27   0.0000000000000000        0.0000000000000000     
          45          27   0.0000000000000000        0.0000000000000000     
          50          27   0.0000000000000000        0.0000000000000000     
          55          27   0.0000000000000000        0.0000000000000000     
          60          27   0.0000000000000000        0.0000000000000000     
          65          27   0.0000000000000000        0.0000000000000000     
          70          27   0.0000000000000000        0.0000000000000000     
          75          27   0.0000000000000000        0.0000000000000000     
          80          27   0.0000000000000000        0.0000000000000000     
          85          27   0.0000000000000000        0.0000000000000000     
          90          27   0.0000000000000000        0.0000000000000000     
          95          27   0.0000000000000000        0.0000000000000000     
           0          28   0.0000000000000000        0.0000000000000000     
           5          28   0.0000000000000000        0.0000000000000000     
          10          28   0.0000000000000000        0.0000000000000000     
          15          28   0.0000000000000000        0.0000000000000000     
          20          28   0.0000000000000000        0.0000000000000000     
          25          28   0.0000000000000000        0.0000000000000000     
          30          28   0.0000000000000000        0.0000000000000000     
          35          28   0.0000000000000000        0.0000000000000000     
          40          28   0.0000000000000000        0.0000000000000000     
          45          28   0.0000000000000000        0.0000000000000000     
          50          28   0.0000000000000000        0.0000000000000000     
          55          28   0.0000000000000000        0.0000000000000000     
          60          28   0.0000000000000000        0.0000000000000000     
          65          28   0.0000000000000000        0.0000000000000000     
          70          28   0.0000000000000000        0.0000000000000000     
          75          28   0.0000000000000000        0.0000000000000000     
          80          28   0.0000000000000000        0.0000000000000000     
          85          28   0.0000000000000000        0.0000000000000000     
          90          28   0.0000000000000000        0.0000000000000000     
          95          28   0.0000000000000000        0.0000000000000000     
           0          29   0.0000000000000000        0.0000000000000000     
           5          29   0.0000000000000000        0.0000000000000000     
          10          29   0.0000000000000000        0.0000000000000000     
          15          29   0.0000000000000000        0.0000000000000000     
          20          29   0.0000000000000000        0.0000000000000000     
          25          29   0.0000000000000000        0.0000000000000000     
          30          29   0.0000000000000000        0.0000000000000000     
          35          29   0.0000000000000000        0.0000000000000000     
          40          29   0.0000000000000000        0.0000000000000000     
          45          29   0.0000000000000000        0.0000000000000000     
          50          29   0.0000000000000000        0.0000000000000000     
          55          29   0.0000000000000000        0.0000000000000000     
          60          29   0.0000000000000000        0.0000000000000000     
          65          29   0.0000000000000000        0.0000000000000000     
          70          29   0.0000000000000000        0.0000000000000000     
          75          29   0.0000000000000000        0.0000000000000000     
          80          29   0.0000000000000000        0.0000000000000000     
          85          29   0.0000000000000000        0.0000000000000000     
          90          29   0.0000000000000000        0.0000000000000000     
          95          29   0.0000000000000000        0.0000000000000000     
           0          30   0.0000000000000000        0.0000000000000000     
           5          30   0.0000000000000000        0.0000000000000000     
          10          30   0.0000000000000000        0.0000000000000000     
          15          30   0.0000000000000000        0.0000000000000000     
          20          30   0.0000000000000000        0.0000000000000000     
          25          30   0.0000000000000000        0.0000000000000000     
          30          30   0.0000000000000000        0.0000000000000000     
          35          30   0.0000000000000000        0.0000000000000000     
          40          30   0.0000000000000000        0.0000000000000000     
          45          30   0.0000000000000000        0.0000000000000000     
          50          30   0.0000000000000000        0.0000000000000000     
          55          30   0.0000000000000000        0.0000000000000000     
          60          30   0.0000000000000000        0.0000000000000000     
          65          30   0.0000000000000000        0.0000000000000000     
          70          30   0.0000000000000000        0.0000000000000000     
          75          30   0.0000000000000000        0.0000000000000000     
          80          30   0.0000000000000000        0.0000000000000000     
          85          30   0.0000000000000000        0.0000000000000000     
          90          30   0.0000000000000000        0.0000000000000000     
          95          30   0.0000000000000000        0.0000000000000000     
           0          31   0.0000000000000000        0.0000000000000000     
           5          31   0.0000000000000000        0.0000000000000000     
          10          31   0.0000000000000000        0.0000000000000000     
          15          31   0.0000000000000000        0.0000000000000000     
          20          31   0.0000000000000000        0.0000000000000000     
          25          31   0.0000000000000000        0.0000000000000000     
          30          31   0.0000000000000000        0.0000000000000000     
          35          31   0.0000000000000000        0.0000000000000000     
          40          31   0.0000000000000000        0.0000000000000000     
          45          31   0.0000000000000000        0.0000000000000000     
          50          31   0.0000000000000000        0.0000000000000000     
          55          31   0.0000000000000000        0.0000000000000000     
          60          31   0.0000000000000000        0.0000000000000000     
          65          31   0.0000000000000000        0.0000000000000000     
          70          31   0.0000000000000000        0.0000000000000000     
          75          31   0.0000000000000000        0.0000000000000000     
          80          31   0.0000000000000000        0.0000000000000000     
          85          31   0.0000000000000000        0.0000000000000000     
          90          31   0.0000000000000000        0.0000000000000000     
          95          31   0.0000000000000000        0.0000000000000000     
