           0           0   0.0000000000000000        0.0000000000000000     
           5           0   0.0000000000000000        0.0000000000000000     
          10           0   0.0000000000000000        0.0000000000000000     
          15           0   0.0000000000000000        0.0000000000000000     
          20           0   0.0000000000000000        0.0000000000000000     
          25           0   0.0000000000000000        0.0000000000000000     
          30           0   0.0000000000000000        0.0000000000000000     
          35           0   0.0000000000000000        0.0000000000000000     
          40           0   0.0000000000000000        0.0000000000000000     
          45           0   0.0000000000000000        0.0000000000000000     
          50           0   0.0000000000000000        0.0000000000000000     
          55           0   0.0000000000000000        0.0000000000000000     
          60           0   0.0000000000000000        0.0000000000000000     
          65           0   0.0000000000000000        0.0000000000000000     
          70           0   0.0000000000000000        0.0000000000000000     
          75           0   0.0000000000000000        0.0000000000000000     
          80           0   0.0000000000000000        0.0000000000000000     
          85           0   0.0000000000000000        0.0000000000000000     
          90           0   0.0000000000000000        0.0000000000000000     
          95           0   0.0000000000000000        0.0000000000000000     
           0           1  -1.4854534853367058      -0.29672020639642455     
           5           1 -0.21359337718275528       0.37433782674987232     
          10           1 -0.98900490271947028      -0.51946957108268266     
          15           1   6.5310807041973895E-002  0.59372620373105556     
          20           1  -7.5981003317959761E-002  0.22907727322097476     
          25           1 -0.35667333855127215      -0.35422727188458986     
          30           1 -0.60349374406243328      -0.27394778153558980     
          35           1 -0.27765115052369449       0.54544002099612265     
          40           1  -1.0978480749318509        4.2231956757371458E-003
          45           1  -1.2692363368904669       -1.0106388690291934     
          50           1 -0.59390123559266428       0.62749295621750134     
          55           1 -0.80141112725584662       0.60845780221981116     
          60           1 -0.21760019322636381       0.14002449632703404     
          65           1  -1.1055125531878041       0.11779658475954274     
          70           1 -0.37051425587186770        8.2556050189641628E-002
          75           1  0.32556219981549894       0.95813117554877436     
          80           1 -0.22925130948259209       0.29755182912684364     
          85           1 -0.38178037166325396       0.68817319201153881     
          90           1 -0.85274284947312040      -0.23353921481651663     
          95           1   0.0000000000000000        0.0000000000000000     
           0           2  -1.8582369941109402       -8.7131443005095122E-004
           5           2  -1.7020508913826586       -6.8901168286464309E-002
          10           2  -1.0162494159765556       0.20962372265898033     
          15           2  -2.1551784389092776       0.81068461612765486     
          20           2  -1.4351790837124900       0.14092847908639405     
          25           2  -1.6560977096419238       -4.5759366358380515E-002
          30           2  -1.3042585259487316       0.56877556466088797     
          35           2  -1.5805396341345146       0.27839405616517793     
          40           2  -1.7315257754985103      -0.19101414404712469     
          45           2  -1.9972393866113380       -1.2355068141819969     
          50           2  -1.6666864592118635      -0.55467038644077538     
          55           2  -1.9233608740942820       0.59426759649414129     
          60           2  -1.9161638814746418      -0.27845373859289313     
          65           2  -1.7946716093653059      -0.95914291121594608     
          70           2  -1.8091053018554071       -1.0483572522083928     
          75           2  -1.2694859793671576       0.19914374355521625     
          80           2 -0.53027793625259889       0.29005532449090377     
          85           2 -0.16174491813014669       0.41207036256991902     
          90           2  -1.4824422918424673       0.12030977124335984     
          95           2 -0.77369101306512533       -1.2984885185286092     
           0           3  -2.5494894792398113      -0.53646485433767044     
           5           3  -1.0612332952839725       0.67845912818567666     
          10           3  -1.5695322721825944        1.1345918768412844     
          15           3   0.0000000000000000        0.0000000000000000     
          20           3  -1.2281293469007526      -0.71307258864151957     
          25           3  -1.6701725530349210      -0.15394492986597896     
          30           3  -3.3114588874544326        1.2599959680311550     
          35           3  -2.5780109378675808       0.25113905075785370     
          40           3  -2.2742512528622916       0.66526567317551355     
          45           3  -6.2327143401236240       -1.4505670890803402     
          50           3   0.0000000000000000        0.0000000000000000     
          55           3  -1.9395678352329693        1.1376521782831273     
          60           3  -2.8767106560434463      -0.40893994537737066     
          65           3 -0.47716325574986840      -0.22643229097743522     
          70           3  -3.0439241856572430       -9.5049619399240060E-002
          75           3  -2.7114486855128739      -0.64716844446657817     
          80           3  -1.4092216251282430        4.5670724663909867E-002
          85           3  -2.2585242492723090       -1.6806310157921334     
          90           3  -4.7312368674801153       0.37052663736200642     
          95           3  -3.0546078232251972       0.63308065284747861     
           0           4  -3.8043236266777685      -0.51741500640870020     
           5           4  -6.5171002240537597      -0.34304867935291972     
          10           4  -2.5327139663322562       0.53484699926373280     
          15           4  -2.2660476439789745      -0.27345793787658668     
          20           4  -3.3935467636997396      -0.31865169981645791     
          25           4  -2.6690683638597168       0.55619635270703904     
          30           4  -2.2978181968641431       0.11259154039058861     
          35           4  -2.8131981826690078       0.46624005599564533     
          40           4  -2.6705474523575079      -0.13404128361232948     
          45           4  -2.7593437340128757       0.65906599386648945     
          50           4  -3.3552906599965127       0.19848180948731087     
          55           4  -6.2690682542010379       0.38626560166767077     
          60           4  -5.6354437699801530       0.64748807933320829     
          65           4  -2.5145006466398279       0.90560232327258072     
          70           4  -5.7473764606486011       0.17520633459694457     
          75           4  -3.6061871424952763      -0.47638295569890632     
          80           4  -2.8988513175132180       0.33039248538591082     
          85           4  -3.1739072760506026      -0.45798772095165252     
          90           4  -1.8619306774647626       0.15169714467175299     
          95           4  -5.9449940278422098      -0.88955677295651792     
           0           5  -4.4616667501038636      -0.81303130141818780     
           5           5  -4.2862288845413321      -0.10815841206962551     
          10           5  -3.4561918083739207      -0.58164477043765039     
          15           5  -7.0495079492474684      -0.84605160733740303     
          20           5  -4.1226693603496622      -0.29980734705711831     
          25           5  -9.3897919655028250      -0.62038200764287510     
          30           5  -4.5448830877464763       0.25444614299444113     
          35           5  -3.0801690221754496      -0.21717510886337665     
          40           5   0.0000000000000000        0.0000000000000000     
          45           5   0.0000000000000000        0.0000000000000000     
          50           5  -8.2240537000166647      -0.14970240195907869     
          55           5  -4.1158878061553494      -0.54452269146590404     
          60           5  -4.4596748417502496       0.30383758470808875     
          65           5  -3.4818274079162492       0.32623679164497932     
          70           5  -2.5562329826900321       0.48599428197140804     
          75           5  -3.4451959138959154      -0.65619109641062989     
          80           5  -3.1474288177812948       0.29467162155495663     
          85           5  -4.4436283751314587      -0.83945627993124716     
          90           5  -4.7397087938350069       0.23659072872855846     
          95           5  -3.6834583740374960      -0.40815134361646410     
           0           6  -4.5445677264631819       0.31022847316028446     
           5           6  -4.2685995100707332      -0.47862523368427667     
          10           6   0.0000000000000000        0.0000000000000000     
          15           6  -3.5220381756667640      -0.62089257173311707     
          20           6  -4.1783453699950623       0.13263643268798808     
          25           6  -4.3775113904381824      -0.68871024313396645     
          30           6  -3.8159386470065781       0.44133567909457327     
          35           6  -4.9166689157015275        8.9877350588629668E-002
          40           6  -3.6609197530473869      -0.57030546413122662     
          45           6  -3.9800704315268165      -0.35377278602879980     
          50           6  -8.8725201852968283      -0.44154321997585955     
          55           6  -4.0392768456176675      -0.44154120301495570     
          60           6  -4.3517801810333268       0.81938485009772077     
          65           6  -4.8169756091476224      -0.98055223656551282     
          70           6  -4.8286949073161889       0.21651438287265123     
          75           6  -4.3097432182304107      -0.17037187823532030     
          80           6  -4.9131852256345532      -0.28300217057533605     
          85           6  -3.9799302121124036       0.75984254340646928     
          90           6  -3.2487054571073148       0.14081234437635093     
          95           6   0.0000000000000000        0.0000000000000000     
           0           7  -4.8974715871349153       -1.3612907827642573E-002
           5           7  -4.9143250424887182       -3.4460777413591881E-003
          10           7  -5.0403557793171627       0.25160788428832404     
          15           7  -9.5777314763104133      -0.86159769688190502     
          20           7  -5.2969152121612462       0.32237807768634164     
          25           7  -4.4483496219621665      -0.60680713809671549     
          30           7  -4.7685892764665061       0.30729155015882248     
          35           7  -4.7171325496259131       -1.2557465121493250E-002
          40           7  -5.2251790195673165       0.30143288008335767     
          45           7  -4.0415441834834587       0.19763424556812348     
          50           7   0.0000000000000000        0.0000000000000000     
          55           7  -5.8460126697923442      -0.68012384428675632     
          60           7   0.0000000000000000        0.0000000000000000     
          65           7  -4.6642282297115756      -0.47780551761730794     
          70           7  -5.5776029093024260      -0.12827395255279872     
          75           7  -9.9253703966373230        1.3798399756673185     
          80           7  -5.2767566652289766      -0.86309717468355251     
          85           7  -5.4318003930631242       0.41980307139435902     
          90           7  -5.0754928842933200       0.31378136504653376     
          95           7  -5.2710145823997578      -0.16955614434863153     
           0           8  -5.4745197371060170       0.29954551554342568     
           5           8  -5.9552390152113608        7.2690636212791038E-002
          10           8  -11.819755009342680       -1.0864896232051779     
          15           8  -5.0156235627346613      -0.74055224547994736     
          20           8  -5.3238500271290956       0.23363142658217040     
          25           8   0.0000000000000000        0.0000000000000000     
          30           8  -5.0106311054948227       0.63382075872073229     
          35           8  -9.8638010211560267      -0.75961882722408447     
          40           8  -3.8977653363253539       0.18316237768475907     
          45           8  -5.3487124538098563       -1.2148990535254534     
          50           8  -11.639169993442611       -1.0797382567981351     
          55           8  -5.6432274404405458      -0.83200011643358440     
          60           8  -6.3897285594194386       0.20857931926535067     
          65           8  -5.3210048608476335       0.37560159111174607     
          70           8  -12.646196555008427      -0.99030136726283025     
          75           8  -6.3120859602261437      -0.98957563463092368     
          80           8  -5.4089904520226995      -0.63095429659557056     
          85           8  -4.6964206553967713       0.46664362015821914     
          90           8  -6.1031448586534864      -0.11142133650693387     
          95           8  -5.2099336125310813        3.6929595508411461E-002
           0           9  -5.7182813364546066        1.8283643528210769E-002
           5           9  -6.0973822627031353      -0.48480308055043331     
          10           9  -5.2437722586159969       -5.6699912650698403E-002
          15           9  -6.5510161161136393       -8.5376758711813716E-002
          20           9   0.0000000000000000        0.0000000000000000     
          25           9  -5.6782862846033177        1.0622984784937339     
          30           9  -5.3944609320283332        8.6103715812302362E-002
          35           9  -7.1405196381735259      -0.60525995035559665     
          40           9  -13.281662670504012       -1.3870843181557069     
          45           9  -5.5980508569769549      -0.31456462961668152     
          50           9  -5.4732105315780100      -0.88088571886579814     
          55           9  -6.2004602861787106      -0.10564542695351564     
          60           9  -5.4802205132031823        6.5877233508537802E-003
          65           9  -6.6255114620306088        4.9734689766128826E-002
          70           9  -6.1929507074598433       0.72774365642694350     
          75           9   0.0000000000000000        0.0000000000000000     
          80           9  -11.872655401821142       0.53857047669025881     
          85           9  -6.4463593690433640       -8.6080554629747175E-002
          90           9  -6.5335028390300920        1.2775389530289560E-002
          95           9  -5.9553222232988645       0.68984907479682778     
           0          10  -5.2972342812553084       0.82780013994962487     
           5          10  -6.5467638021694112       0.68722551086267125     
          10          10  -6.5341992036282992       -8.1204778950155765E-002
          15          10  -6.8533730543385296      -0.34425820327546597     
          20          10  -6.5958421731804329      -0.51349514878992752     
          25          10  -6.3001085072783569        5.6925365207044498E-002
          30          10  -5.6537580246873720       0.39438124500384975     
          35          10  -6.8275651422483596       -1.0855611931608056     
          40          10  -6.5771297579203525       0.12508364416338735     
          45          10  -7.1979116585801917       0.33239630750456217     
          50          10  -7.6394104073851388       -1.3748620742298767E-002
          55          10  -6.6863693594965135       0.14730327935724707     
          60          10   0.0000000000000000        0.0000000000000000     
          65          10  -12.310917302184032       0.89135058998698891     
          70          10  -6.2702761830824016       0.78312705014002559     
          75          10  -7.4785826469403460      -0.36194700833921956     
          80          10  -6.8572895067742223       -4.0216866013104147E-002
          85          10  -14.703502197208618      -0.71976821615540865     
          90          10  -6.4854896745369928      -0.23774355930941682     
          95          10  -13.332107608823307       0.79630495062460449     
           0          11  -14.023898332485341       0.22022565158985596     
           5          11  -15.462321787388515       0.51589696114767714     
          10          11   0.0000000000000000        0.0000000000000000     
          15          11  -7.3106748599316429        9.8184684751145834E-002
          20          11  -7.2922015991752627      -0.37892397647745768     
          25          11  -7.0761757439535833       0.44313558647993134     
          30          11  -6.0955591190720027        1.4047768309584374     
          35          11   0.0000000000000000        0.0000000000000000     
          40          11  -7.0166001740629147      -0.16476252524114110     
          45          11  -7.3080124886731879      -0.20252996470362938     
          50          11  -6.7892610363817774       0.51476282862547573     
          55          11  -6.5880847657595609      -0.21411080297420448     
          60          11  -14.824534332689154       0.22833453670101367     
          65          11  -7.3784177981250920       0.86847505435375116     
          70          11   0.0000000000000000        0.0000000000000000     
          75          11  -6.7514972527737971       0.26384629563322437     
          80          11  -7.0147896668615317       0.83058181121462016     
          85          11  -6.7512224988752756      -0.35911275840447288     
          90          11  -7.1744640118309722       -3.6883691594685741E-002
          95          11  -7.3895146529645572       -9.5657770922824570E-002
           0          12  -16.084168621798426       -1.4811104379892914     
           5          12  -7.8425067224629350      -0.18836225777543736     
          10          12  -16.657626411773208       0.41316062049351343     
          15          12  -8.5009719843665010      -0.24621799261936861     
          20          12   0.0000000000000000        0.0000000000000000     
          25          12  -7.8971771062613660      -0.51187918970088675     
          30          12  -7.7332550813918877        5.4333291706759601E-002
          35          12  -8.4919742914707488       0.39090140285413799     
          40          12  -7.7817593538126451       0.12360814375944607     
          45          12  -7.2562193864728064        2.5314938378456775E-002
          50          12  -7.6718836638822729       0.24162309972319829     
          55          12  -8.4261394904849851      -0.62993579359349461     
          60          12   0.0000000000000000        0.0000000000000000     
          65          12   0.0000000000000000        0.0000000000000000     
          70          12  -16.246088619240595       0.21117753555274787     
          75          12  -7.2347709171971530       0.76103852629169633     
          80          12   0.0000000000000000        0.0000000000000000     
          85          12  -7.2584283857390908      -0.79385185569227912     
          90          12  -8.5711611289851497       0.19090388590450869     
          95          12  -15.951046438908989       -7.6454166867134798E-002
           0          13  -9.1488712960560683      -0.58409838652739854     
           5          13  -16.921648914381830       -1.4716223354649394     
          10          13  -8.5020641168399855      -0.19542815551193415     
          15          13  -9.1488630778779889      -0.28222168968083938     
          20          13  -7.8435530039627777      -0.42616285371055440     
          25          13  -8.6566074308408449      -0.45630785657224671     
          30          13  -8.3961148288430589       0.45584151779742843     
          35          13  -8.2971132046844023       0.12397139858982831     
          40          13  -8.9220596010836086      -0.22288124900238238     
          45          13  -16.397162367439154      -0.63618617033356362     
          50          13  -7.7717936254018127      -0.29546778389122341     
          55          13   0.0000000000000000        0.0000000000000000     
          60          13  -8.4763680619992510       0.34737072537455171     
          65          13  -7.9214434108643150       0.36415489893887321     
          70          13  -7.1848683094377641       0.52399461398011660     
          75          13  -16.889201655386763        1.1796323920276741     
          80          13  -7.5524592662401524       0.34915389265144370     
          85          13  -7.5646633698434051      -0.12622389713001780     
          90          13  -8.6023983144212224       0.66360386908714819     
          95          13  -8.2053295601214327       -4.1971315646316398E-002
           0          14  -9.5711173593420504      -0.80582879797896911     
           5          14  -9.0443576827520928      -0.24177345375575587     
          10          14  -8.9390271469685914      -0.42071563015694258     
          15          14  -9.4085738839089217       0.21145926207444266     
          20          14  -8.5306082838260124       -4.9595010764846847E-003
          25          14  -16.924271824411139        1.1315027701463976E-002
          30          14  -17.001412111431467       0.38374538538554770     
          35          14  -9.3388737571070681       -2.8387175208255400E-002
          40          14   0.0000000000000000        0.0000000000000000     
          45          14  -8.5289576593722263      -0.70547309552138060     
          50          14  -17.025825133382135      -0.13973484603330144     
          55          14  -17.646508688475837      -0.12276205010486319     
          60          14  -8.7488821097558844       -8.7560744606030028E-002
          65          14  -8.9676709426789181       0.44459779558747581     
          70          14  -8.5143126259001889       0.89041171320580759     
          75          14  -8.5589143470010676      -0.15807344819263047     
          80          14  -10.192640987669588      -0.18351811477385072     
          85          14  -9.1397362701828300      -0.31101933137767102     
          90          14  -8.0154818761524194       0.38677416385302088     
          95          14  -9.1522385011288954      -0.26536250188502475     
           0          15  -18.835221269127363       0.62000830370001481     
           5          15  -8.7635282350876498       0.22148452397063867     
          10          15  -9.6824086490693286       0.27470469610546555     
          15          15   0.0000000000000000        0.0000000000000000     
          20          15  -18.628377380947580        1.1220680023948937     
          25          15   0.0000000000000000        0.0000000000000000     
          30          15   0.0000000000000000        0.0000000000000000     
          35          15  -9.0369818365848555       0.23398947529951197     
          40          15  -9.0416540779086887        6.5865469935921794E-002
          45          15  -9.4496779258507182       -6.7431705352838378E-002
          50          15  -9.2298072050933655      -0.19145104392326306     
          55          15  -19.692105557078676        2.5671245362235418E-002
          60          15  -9.1269498123558446       0.75908311701733400     
          65          15  -9.6232604361867757       0.71230769359054147     
          70          15  -26.609365948869758        1.0235133985761480     
          75          15  -9.5720997021775389       0.39014722056862627     
          80          15  -9.8650402333555487      -0.31733705262104728     
          85          15  -18.900718083065815       0.25372628999875690     
          90          15  -9.1126826113430148       -4.0375498064348925E-002
          95          15  -9.3611004165317091       -6.8175492676791905E-002
           0          16  -9.9267531530729052       0.47002814463570353     
           5          16   0.0000000000000000        0.0000000000000000     
          10          16  -9.3409866220936486        4.8337349892180193E-002
          15          16  -10.074602257105768       -7.4753024780216393E-002
          20          16  -9.9224531162844798      -0.20300893184166391     
          25          16  -9.2215690684643850       0.43271311138126656     
          30          16  -9.8831579635777480       -9.8407018519486300E-002
          35          16  -9.5273356311947879       0.81865729088970163     
          40          16  -9.6742142211542195      -0.22681010918457201     
          45          16  -9.6238391737096798      -0.16213828224420634     
          50          16  -8.5983492225594205      -0.57830801311775648     
          55          16  -8.9436468675641034       0.34644443132808567     
          60          16  -9.7400590540397403      -0.47603220653447131     
          65          16  -9.9539437945850295        1.2332773707357525     
          70          16  -10.704409184882913       0.14966943910399433     
          75          16  -10.292085595851042      -0.26601941406856344     
          80          16  -10.428753401732216        4.2526444274382236E-002
          85          16   0.0000000000000000        0.0000000000000000     
          90          16  -9.9469742557034557       0.80296879907459928     
          95          16  -10.035258180418616       0.20590151913968402     
           0          17  -10.564246274100364       0.72719025492162803     
           5          17  -10.296560154430187        7.6568433342583120E-002
          10          17  -10.663833035201852      -0.36312671077731729     
          15          17  -9.8128283630027902       0.64225577995735694     
          20          17  -9.9268523485585014       -8.1063508135525986E-002
          25          17   0.0000000000000000        0.0000000000000000     
          30          17  -9.3710863686641268        9.4909323548053592E-002
          35          17  -10.129431160734169       0.61277156631567298     
          40          17  -9.8246043104494021       -2.9642299655130433E-002
          45          17  -9.7779676916981408        4.9709075700121730E-002
          50          17  -9.8342684554020288       0.38711512805156278     
          55          17  -20.777859854878010      -0.10645093634881198     
          60          17  -20.390708787748622       0.63351850072695948     
          65          17   0.0000000000000000        0.0000000000000000     
          70          17  -10.578810747530198        9.1240300734707347E-002
          75          17  -10.679819984706906       0.13980116769618522     
          80          17  -11.127508025343680      -0.70177234043788950     
          85          17  -21.495520291563430       0.76215845796590020     
          90          17   0.0000000000000000        0.0000000000000000     
          95          17  -10.420880736710103      -0.12832886156832757     
           0          18  -10.787369754556247      -0.63997974985630091     
           5          18  -10.160827075239368       0.45057817625065999     
          10          18  -10.044295875181740        4.4080324161921425E-002
          15          18  -9.9723322027334138      -0.12650128647151426     
          20          18   0.0000000000000000        0.0000000000000000     
          25          18  -10.662044670948223       0.30453866588758816     
          30          18  -10.329352985702366       0.18915850539535928     
          35          18  -21.294874914707940        1.8783683020107134E-002
          40          18  -10.006145716793812       0.18849083978256242     
          45          18   0.0000000000000000        0.0000000000000000     
          50          18  -10.023622582651104       0.82587521355897975     
          55          18  -10.846932917643048       0.11237757187254616     
          60          18  -11.344896604529309       0.93650814095735946     
          65          18  -21.727908635509330       0.33132042301708964     
          70          18  -21.667148615092113       0.91662549593085618     
          75          18  -11.100040947915613       0.64028056206200112     
          80          18   0.0000000000000000        0.0000000000000000     
          85          18   0.0000000000000000        0.0000000000000000     
          90          18  -10.850075936401637       0.10538633444578949     
          95          18  -10.482356726551068       -4.8095218768695602E-003
           0          19  -11.539949667201016      -0.55604763017969017     
           5          19  -10.305701880298709       0.22745078485819636     
          10          19  -10.873858767008192       0.37839741911904756     
          15          19  -10.844869966282754      -0.10272813625533672     
          20          19  -10.350020918490355       0.79627573089185999     
          25          19  -11.062974668781255        5.4534763320734925E-002
          30          19  -10.379905351687313        1.0063820762681863     
          35          19  -10.263163511251005       0.69918134532886977     
          40          19  -10.264496693211388       0.59386688672391497     
          45          19  -10.517941663635288       0.67594938647497216     
          50          19  -10.338077811088420       0.94307566296553125     
          55          19  -22.261948293729183       0.27237247082922966     
          60          19  -11.284435360630063       0.11883650751970398     
          65          19  -10.354848781164439       0.33831924760641119     
          70          19  -11.979401653425814       0.38083118232223878     
          75          19  -11.563204479272393       0.35778208929249100     
          80          19  -11.571994118743101      -0.23866281004147893     
          85          19   0.0000000000000000        0.0000000000000000     
          90          19  -10.548965428891499       0.55916838058334140     
          95          19  -10.804687564152093       0.43091925148341925     
           0          20   0.0000000000000000        0.0000000000000000     
           5          20  -11.337104670356076       -6.0349093890521566E-002
          10          20  -11.215605016735852      -0.16077059864338938     
          15          20   0.0000000000000000        0.0000000000000000     
          20          20  -10.956607209358648        8.1757920427083519E-002
          25          20   0.0000000000000000        0.0000000000000000     
          30          20  -23.101583866474982       -1.3327715855410149     
          35          20  -11.677576701271674      -0.16486391855863314     
          40          20   0.0000000000000000        0.0000000000000000     
          45          20  -10.027929091174780        1.0866127585085206     
          50          20  -11.128460595462020       0.54091312179566087     
          55          20  -10.685126846508020       0.30253580042438610     
          60          20  -12.245637139551846      -0.37366505739877542     
          65          20  -10.642134480787213       0.65763709420268990     
          70          20  -11.702174175385327      -0.19432598032498305     
          75          20  -12.240060365771299      -0.51195578585794266     
          80          20  -12.185397876603998      -0.13330469301769954     
          85          20  -11.625730233080223       0.40680894341726948     
          90          20  -10.852728898755881       -3.0752259103095092E-002
          95          20  -12.411051918204130      -0.36893986008978974     
           0          21  -12.111669776163009      -0.28703333670998532     
           5          21  -11.740481673258238      -0.44166430929970524     
          10          21  -12.178650047497408      -0.25188242051277232     
          15          21   0.0000000000000000        0.0000000000000000     
          20          21   0.0000000000000000        0.0000000000000000     
          25          21   0.0000000000000000        0.0000000000000000     
          30          21   0.0000000000000000        0.0000000000000000     
          35          21  -23.370195487312227      -0.22881737003432878     
          40          21  -23.272701211753954        1.5282762733243027     
          45          21  -10.956683535113253       0.56890617460281234     
          50          21  -10.900285106933971       0.21382183156781753     
          55          21  -11.704831299328422       0.86726730280095587     
          60          21  -12.146652436131333      -0.40917618683550261     
          65          21  -12.497089791393412      -0.52357395336960488     
          70          21  -11.959142771131859      -0.33682633347020818     
          75          21  -13.315170020675726      -0.61887138459226776     
          80          21   0.0000000000000000        0.0000000000000000     
          85          21   0.0000000000000000        0.0000000000000000     
          90          21  -11.458051413133497       0.12176423255572111     
          95          21   0.0000000000000000        0.0000000000000000     
           0          22   0.0000000000000000        0.0000000000000000     
           5          22  -12.450338726894897      -0.17960763586677420     
          10          22  -12.122492196830203      -0.26470694507452208     
          15          22  -12.381801046089658      -0.96006181238894595     
          20          22  -12.480373771079355      -0.48317643803197363     
          25          22  -11.882723597821942      -0.35891633109796928     
          30          22   0.0000000000000000        0.0000000000000000     
          35          22  -13.341051097409128      -0.16392817116850367     
          40          22  -11.910228958040280       0.55037786278966383     
          45          22  -11.607822762378927       0.13350316509175286     
          50          22  -12.347379101911304       0.18452904365195977     
          55          22  -11.394679991358903      -0.30641746252280111     
          60          22  -13.023836150880541      -0.70174230128172699     
          65          22  -12.317515601625306       0.19111977843488948     
          70          22  -12.369465094705934        4.2567514081381930E-002
          75          22  -13.464761828665406      -0.46481118197994054     
          80          22  -25.137828360024539      -0.20662282615269145     
          85          22   0.0000000000000000        0.0000000000000000     
          90          22  -12.918836798649913      -0.45708931047161450     
          95          22  -12.433466773587032      -0.61753044042545113     
           0          23   0.0000000000000000        0.0000000000000000     
           5          23   0.0000000000000000        0.0000000000000000     
          10          23  -12.531747231487866       -4.2304605449849930E-002
          15          23  -12.476462144112022      -0.35103205034525686     
          20          23   0.0000000000000000        0.0000000000000000     
          25          23  -12.347498062065808       -3.9764763890004495E-002
          30          23  -12.537715323760468      -0.68391530936462441     
          35          23  -11.663693274435726       0.15423277853310324     
          40          23  -12.299013967073668       0.17605422009514538     
          45          23   0.0000000000000000        0.0000000000000000     
          50          23  -12.096932076031131       0.78219073939234107     
          55          23  -12.188559108510244       0.76881666366324097     
          60          23  -12.766647729027802      -0.37921647338290398     
          65          23  -12.207441440974520       0.38526394196658487     
          70          23   0.0000000000000000        0.0000000000000000     
          75          23  -13.152319611804408      -0.25657038509652175     
          80          23   0.0000000000000000        0.0000000000000000     
          85          23  -12.488545657900474       0.21196064022177552     
          90          23   0.0000000000000000        0.0000000000000000     
          95          23  -13.580694528361192      -0.74001945460699936     
           0          24  -12.844433403272522       0.25031195362346104     
           5          24  -12.674042847564612       0.12700994167225144     
          10          24  -13.247645180645694      -0.87148818447624343     
          15          24  -12.936804350911491       -6.8605458772852401E-002
          20          24  -12.572360324233921       -1.5692786663468183E-002
          25          24   0.0000000000000000        0.0000000000000000     
          30          24  -12.615064641122720        8.6651594902176221E-002
          35          24   0.0000000000000000        0.0000000000000000     
          40          24  -13.135126800102869       -9.1007643010510009E-002
          45          24  -12.606235324673086       0.57788695132621193     
          50          24  -13.927444653489829      -0.54900658945644665     
          55          24  -13.678705696060778       0.64062286278587788     
          60          24   0.0000000000000000        0.0000000000000000     
          65          24  -12.627564873191055       0.14407348179701351     
          70          24  -12.997914798220656       0.15529221495724777     
          75          24  -13.417490487339645      -0.61993627903378368     
          80          24  -13.067862537108343       0.13590654140971381     
          85          24   0.0000000000000000        0.0000000000000000     
          90          24   0.0000000000000000        0.0000000000000000     
          95          24   0.0000000000000000        0.0000000000000000     
           0          25  -13.310420492260643      -0.28099955737381777     
           5          25  -13.064738233963189      -0.37887273817593936     
          10          25  -12.805213817908555      -0.24671460285285995     
          15          25   0.0000000000000000        0.0000000000000000     
          20          25   0.0000000000000000        0.0000000000000000     
          25          25   0.0000000000000000        0.0000000000000000     
          30          25  -12.789355064041773      -0.24527437638366401     
          35          25   0.0000000000000000        0.0000000000000000     
          40          25   0.0000000000000000        0.0000000000000000     
          45          25   0.0000000000000000        0.0000000000000000     
          50          25   0.0000000000000000        0.0000000000000000     
          55          25  -13.939757856644697      -0.75673947073195968     
          60          25  -13.640423213090447       0.19308666647344097     
          65          25   0.0000000000000000        0.0000000000000000     
          70          25  -13.297175481410406       0.52749793527873123     
          75          25  -13.696897218795634      -0.97387249058500380     
          80          25   0.0000000000000000        0.0000000000000000     
          85          25   0.0000000000000000        0.0000000000000000     
          90          25   0.0000000000000000        0.0000000000000000     
          95          25   0.0000000000000000        0.0000000000000000     
           0          26   0.0000000000000000        0.0000000000000000     
           5          26   0.0000000000000000        0.0000000000000000     
          10          26  -13.563381639127847       0.14907463057212134     
          15          26  -12.515488215580350       0.47371101250637260     
          20          26   0.0000000000000000        0.0000000000000000     
          25          26   0.0000000000000000        0.0000000000000000     
          30          26  -13.527986509231370       -1.0003146370118898E-002
          35          26   0.0000000000000000        0.0000000000000000     
          40          26   0.0000000000000000        0.0000000000000000     
          45          26  -13.815011783637198      -0.16600101455543914     
          50          26  -13.250911119857545        1.5572684684994620     
          55          26   0.0000000000000000        0.0000000000000000     
          60          26  -13.834810329178548        6.5536066873317367E-003
          65          26  -13.479796888506979      -0.54790017995798301     
          70          26   0.0000000000000000        0.0000000000000000     
          75          26   0.0000000000000000        0.0000000000000000     
          80          26   0.0000000000000000        0.0000000000000000     
          85          26  -13.413237907886622       0.35365560992595135     
          90          26   0.0000000000000000        0.0000000000000000     
          95          26   0.0000000000000000        0.0000000000000000     
           0          27   0.0000000000000000        0.0000000000000000     
           5          27  -13.215908534863553        8.3041190259702802E-002
          10          27   0.0000000000000000        0.0000000000000000     
          15          27  -14.250564798553022      -0.37413854423462567     
          20          27   0.0000000000000000        0.0000000000000000     
          25          27   0.0000000000000000        0.0000000000000000     
          30          27  -13.479169548587521       -9.7702884662709266E-002
          35          27   0.0000000000000000        0.0000000000000000     
          40          27   0.0000000000000000        0.0000000000000000     
          45          27  -13.654442061805105        3.1281018384454740E-002
          50          27   0.0000000000000000        0.0000000000000000     
          55          27   0.0000000000000000        0.0000000000000000     
          60          27   0.0000000000000000        0.0000000000000000     
          65          27  -13.871689703512935      -0.35206430473277983     
          70          27   0.0000000000000000        0.0000000000000000     
          75          27   0.0000000000000000        0.0000000000000000     
          80          27   0.0000000000000000        0.0000000000000000     
          85          27   0.0000000000000000        0.0000000000000000     
          90          27   0.0000000000000000        0.0000000000000000     
          95          27  -14.198738909734221        5.7842538946362154E-002
           0          28   0.0000000000000000        0.0000000000000000     
           5          28   0.0000000000000000        0.0000000000000000     
          10          28   0.0000000000000000        0.0000000000000000     
          15          28   0.0000000000000000        0.0000000000000000     
          20          28  -13.255631313475179      -0.46260445316081977     
          25          28   0.0000000000000000        0.0000000000000000     
          30          28   0.0000000000000000        0.0000000000000000     
          35          28  -13.924781801705754       0.41828729681947507     
          40          28   0.0000000000000000        0.0000000000000000     
          45          28   0.0000000000000000        0.0000000000000000     
          50          28   0.0000000000000000        0.0000000000000000     
          55          28   0.0000000000000000        0.0000000000000000     
          60          28   0.0000000000000000        0.0000000000000000     
          65          28   0.0000000000000000        0.0000000000000000     
          70          28   0.0000000000000000        0.0000000000000000     
          75          28  -14.224262095319240      -0.80501321025328032     
          80          28   0.0000000000000000        0.0000000000000000     
          85          28   0.0000000000000000        0.0000000000000000     
          90          28   0.0000000000000000        0.0000000000000000     
          95          28   0.0000000000000000        0.0000000000000000     
           0          29   0.0000000000000000        0.0000000000000000     
           5          29   0.0000000000000000        0.0000000000000000     
          10          29   0.0000000000000000        0.0000000000000000     
          15          29   0.0000000000000000        0.0000000000000000     
          20          29   0.0000000000000000        0.0000000000000000     
          25          29   0.0000000000000000        0.0000000000000000     
          30          29   0.0000000000000000        0.0000000000000000     
          35          29   0.0000000000000000        0.0000000000000000     
          40          29   0.0000000000000000        0.0000000000000000     
          45          29   0.0000000000000000        0.0000000000000000     
          50          29   0.0000000000000000        0.0000000000000000     
          55          29   0.0000000000000000        0.0000000000000000     
          60          29   0.0000000000000000        0.0000000000000000     
          65          29   0.0000000000000000        0.0000000000000000     
          70          29   0.0000000000000000        0.0000000000000000     
          75          29   0.0000000000000000        0.0000000000000000     
          80          29   0.0000000000000000        0.0000000000000000     
          85          29   0.0000000000000000        0.0000000000000000     
          90          29   0.0000000000000000        0.0000000000000000     
          95          29   0.0000000000000000        0.0000000000000000     
           0          30   0.0000000000000000        0.0000000000000000     
           5          30   0.0000000000000000        0.0000000000000000     
          10          30   0.0000000000000000        0.0000000000000000     
          15          30   0.0000000000000000        0.0000000000000000     
          20          30   0.0000000000000000        0.0000000000000000     
          25          30   0.0000000000000000        0.0000000000000000     
          30          30   0.0000000000000000        0.0000000000000000     
          35          30   0.0000000000000000        0.0000000000000000     
          40          30   0.0000000000000000        0.0000000000000000     
          45          30   0.0000000000000000        0.0000000000000000     
          50          30   0.0000000000000000        0.0000000000000000     
          55          30   0.0000000000000000        0.0000000000000000     
          60          30   0.0000000000000000        0.0000000000000000     
          65          30   0.0000000000000000        0.0000000000000000     
          70          30   0.0000000000000000        0.0000000000000000     
          75          30   0.0000000000000000        0.0000000000000000     
          80          30   0.0000000000000000        0.0000000000000000     
          85          30   0.0000000000000000        0.0000000000000000     
          90          30   0.0000000000000000        0.0000000000000000     
          95          30   0.0000000000000000        0.0000000000000000     
           0          31   0.0000000000000000        0.0000000000000000     
           5          31   0.0000000000000000        0.0000000000000000     
          10          31   0.0000000000000000        0.0000000000000000     
          15          31   0.0000000000000000        0.0000000000000000     
          20          31   0.0000000000000000        0.0000000000000000     
          25          31   0.0000000000000000        0.0000000000000000     
          30          31   0.0000000000000000        0.0000000000000000     
          35          31   0.0000000000000000        0.0000000000000000     
          40          31   0.0000000000000000        0.0000000000000000     
          45          31   0.0000000000000000        0.0000000000000000     
          50          31   0.0000000000000000        0.0000000000000000     
          55          31   0.0000000000000000        0.0000000000000000     
          60          31   0.0000000000000000        0.0000000000000000     
          65          31   0.0000000000000000        0.0000000000000000     
          70          31   0.0000000000000000        0.0000000000000000     
          75          31   0.0000000000000000        0.0000000000000000     
          80          31   0.0000000000000000        0.0000000000000000     
          85          31   0.0000000000000000        0.0000000000000000     
          90          31   0.0000000000000000        0.0000000000000000     
          95          31   0.0000000000000000        0.0000000000000000     
