           0           0   0.0000000000000000        0.0000000000000000     
           5           0   0.0000000000000000        0.0000000000000000     
          10           0   0.0000000000000000        0.0000000000000000     
          15           0   0.0000000000000000        0.0000000000000000     
          20           0   0.0000000000000000        0.0000000000000000     
          25           0   0.0000000000000000        0.0000000000000000     
          30           0   0.0000000000000000        0.0000000000000000     
          35           0   0.0000000000000000        0.0000000000000000     
          40           0   0.0000000000000000        0.0000000000000000     
          45           0   0.0000000000000000        0.0000000000000000     
          50           0   0.0000000000000000        0.0000000000000000     
          55           0   0.0000000000000000        0.0000000000000000     
          60           0   0.0000000000000000        0.0000000000000000     
          65           0   0.0000000000000000        0.0000000000000000     
          70           0   0.0000000000000000        0.0000000000000000     
          75           0   0.0000000000000000        0.0000000000000000     
          80           0   0.0000000000000000        0.0000000000000000     
          85           0   0.0000000000000000        0.0000000000000000     
          90           0   0.0000000000000000        0.0000000000000000     
          95           0   0.0000000000000000        0.0000000000000000     
           0           1  -1.2566946643345622E-002  0.52260778795332197     
           5           1  0.73618879592028674       0.35187524393243130     
          10           1  -2.7098775019598897       -1.0529063018141493     
          15           1 -0.75867586277811316      -0.27332889811639005     
          20           1  -2.3863381438671283E-002  0.10484012085181654     
          25           1  0.49437468190360878       -6.1840931396828225E-002
          30           1   0.0000000000000000        0.0000000000000000     
          35           1 -0.10785122800782698      -0.58997231342859668     
          40           1 -0.63285934989165682      -0.42120564084242512     
          45           1   1.7078068653697542E-003  0.31871531497289912     
          50           1 -0.45136563715741929      -0.21543629584917789     
          55           1  -1.9378051965190934       0.14335899810574010     
          60           1 -0.97594607555873125       -5.0838859987391294E-002
          65           1 -0.84485948629087204       0.44313174184188592     
          70           1 -0.97869983372689262       0.68991787151223560     
          75           1 -0.87071872820088103       0.88318877723481126     
          80           1  0.46126628057807650       0.37965816823231496     
          85           1  -2.3084507852755287      -0.47138706497182326     
          90           1  -1.3002448407684053        6.3989899379592041E-002
          95           1 -0.75654344413367269       0.55342154767499052     
           0           2  -2.6334057194729326       0.59541152384469387     
           5           2 -0.78459060940706815       -1.3263988048006770     
          10           2  -1.8534807700779088      -0.70818264473346271     
          15           2  -1.5646903423266467       0.15740353653176387     
          20           2  -1.0882001656969953        7.0962739434632383E-003
          25           2  -1.6739758495337709        1.6607012600666076     
          30           2  -2.3355911198813528      -0.85938435509483324     
          35           2 -0.89590838114550486       -7.2458285846344062E-002
          40           2  -1.1591703401436781      -0.61489592210410560     
          45           2  -1.6349764521544907       -1.0061032325336254     
          50           2  -1.0078980460614950       0.15411136263989572     
          55           2   0.0000000000000000        0.0000000000000000     
          60           2   0.0000000000000000        0.0000000000000000     
          65           2  -4.1875888140285866        1.0087856130886612     
          70           2  -2.3374068108650281       0.10035939771755459     
          75           2  -1.7235684125038730       0.48455287921495005     
          80           2  -2.1001828864086747      -0.40093662454179779     
          85           2  -2.4240898808902678      -0.54438994885566694     
          90           2  -2.4245607465145369       0.44513235473560286     
          95           2 -0.34394139436844107       0.77672671652779379     
           0           3  -3.1139695155929514       0.62983845334256550     
           5           3  -1.8139929134808330      -0.81554881388751221     
          10           3  -1.5259231250472349      -0.48927483240979175     
          15           3  -4.6194185022477292       -1.0968260670929375     
          20           3  -2.2018482983485188       0.25849917112227838     
          25           3   0.0000000000000000        0.0000000000000000     
          30           3  -3.1749547066384221       0.73352605453311237     
          35           3  -2.8743026080219058       -1.2423608345473598     
          40           3  -1.2982887938767229       0.10535766106614664     
          45           3  -1.7830018756465060      -0.26763810817606593     
          50           3  -1.4283574387508047       0.76806219023867195     
          55           3  -2.8213198278603802       0.38055377500876425     
          60           3  -3.1804599225093710      -0.85187672787132018     
          65           3  -3.1214129816292679      -0.40941761998369852     
          70           3  -2.6131891973790733      -0.76345660185800357     
          75           3  -5.5669832174476408       0.18105588912999127     
          80           3  -6.3540169584297423       0.14823112735994765     
          85           3  -2.2361424841110811      -0.47770796738927368     
          90           3  -2.2122647487488045        1.0006512486712693     
          95           3  -3.4878297938423231      -0.52557169993111552     
           0           4  -2.2840620967628111      -0.72208198130058188     
           5           4  -5.7519019096388675        1.4783062703596639     
          10           4   0.0000000000000000        0.0000000000000000     
          15           4   0.0000000000000000        0.0000000000000000     
          20           4  -1.9895533443003988       0.77438812430177806     
          25           4  -1.8410481980185578       0.97211878131248097     
          30           4  -2.4947634868915936       -8.0234643652227211E-002
          35           4  -3.1955817410006526      -0.43162481149910947     
          40           4  -4.3889535764646270       -2.5888166887005903E-002
          45           4  -3.5420165542804360       0.30875560173712624     
          50           4  -2.9514499550598039      -0.12312396507951906     
          55           4  -3.0458860916715569       0.63473000281998038     
          60           4   0.0000000000000000        0.0000000000000000     
          65           4  -3.9128832721457840        9.6933683923355884E-002
          70           4  -5.8431049503804289        6.2712580786994376E-002
          75           4  -3.6105568400701671      -0.53804109950636447     
          80           4  -2.8466880085575852      -0.23297535333657859     
          85           4  -2.3347901262926740      -0.53261975479029777     
          90           4   0.0000000000000000        0.0000000000000000     
          95           4   0.0000000000000000        0.0000000000000000     
           0           5  -4.8047638095234051       0.44393526064293032     
           5           5  -4.2953324842708724      -0.11020827902406827     
          10           5  -2.1998092212413556       0.31466033150170936     
          15           5  -7.6419094698221279       0.79702375674492454     
          20           5  -2.1836665978519632       0.71219669202107760     
          25           5   0.0000000000000000        0.0000000000000000     
          30           5   0.0000000000000000        0.0000000000000000     
          35           5  -3.7884149599237693      -0.11222917711883884     
          40           5  -8.6967687847322459       -1.0254832576231387E-002
          45           5  -3.2738656882641548      -0.11738141824244042     
          50           5  -3.1170416632253506       0.30303029197126241     
          55           5  -4.3085774936990617        1.0721840055932796E-002
          60           5  -2.6017763247132564      -0.45294525589267831     
          65           5  -3.3941939689952072      -0.18928689216088368     
          70           5  -9.1254395554840606        1.0197583315138536     
          75           5   0.0000000000000000        0.0000000000000000     
          80           5   0.0000000000000000        0.0000000000000000     
          85           5  -3.8387427079289438      -0.71044876155557102     
          90           5  -3.3988239384719066       0.84817689872784818     
          95           5  -3.1175711606190593       0.37979221443870670     
           0           6   0.0000000000000000        0.0000000000000000     
           5           6  -5.3702236066976301       -4.7145405709519972E-002
          10           6   0.0000000000000000        0.0000000000000000     
          15           6  -5.0257653389806922      -0.80487747857391212     
          20           6   0.0000000000000000        0.0000000000000000     
          25           6  -8.7109890230929743      -0.26455610407150054     
          30           6  -4.1649618340838801       -1.6925777008847120E-002
          35           6  -3.8960822594508171        8.0904184595609330E-002
          40           6  -4.2474780023554759       0.92836098850648807     
          45           6  -4.2774840309983686      -0.14866001697935727     
          50           6  -3.8362417204451660       0.44379725973139883     
          55           6  -5.5947282584323244       -1.0983554738419610     
          60           6  -3.9327818693091210      -0.23606287790939318     
          65           6  -4.7409352257066217      -0.60213732551536725     
          70           6  -8.6379111333056979       0.82782870256009611     
          75           6  -13.684068618607936      -0.84314614381034159     
          80           6  -5.6800653248689770      -0.55611851050435535     
          85           6  -4.8777748109274377      -0.85226175784658409     
          90           6  -4.5919585076192870      -0.56338030934660610     
          95           6  -3.5706260968959569       0.47454096388413469     
           0           7  -9.3942574913172088      -0.15458194925752067     
           5           7  -4.8529273262893495       0.72930267531315374     
          10           7  -8.2589502165206206        1.0262131064489588     
          15           7  -6.3855790365785481      -0.46729389618763162     
          20           7  -4.6218593744812297      -0.51077457311934915     
          25           7  -4.2666419611642192       0.48758184459582465     
          30           7  -5.5750796303960515       -9.9067607219199827E-002
          35           7  -10.161551550016412      -0.21826123475843229     
          40           7  -5.0638636146432825      -0.28660130745886137     
          45           7  -5.1814022882884503      -0.28570659173651758     
          50           7  -9.9859671125923644       0.41952415040222291     
          55           7   0.0000000000000000        0.0000000000000000     
          60           7  -4.7563392871285970       0.38404976026182314     
          65           7   0.0000000000000000        0.0000000000000000     
          70           7  -4.6237188244480087        1.0218032317806103     
          75           7  -6.3198737034286800      -0.65129825201196145     
          80           7  -5.1805618794520392      -0.41263424628956713     
          85           7  -10.042349372494375        1.0547206993563596     
          90           7  -4.1043838286325407       0.76278940472060408     
          95           7  -4.7665206671454463       0.36651584477229160     
           0           8  -5.1697824039665132       -9.6854746105268230E-003
           5           8  -5.3877162338973603       0.55149879493537890     
          10           8  -5.8683011965490746       0.45528822606763497     
          15           8  -5.0572141976373830      -0.49572673071943130     
          20           8  -5.5317197283266673      -0.67354464765037592     
          25           8  -4.9552723944218391       -1.1124477690585555     
          30           8  -11.702062395908541      -0.45131571782625057     
          35           8  -5.4708873071185327       0.23077449713387876     
          40           8   0.0000000000000000        0.0000000000000000     
          45           8  -6.4111441815284387        6.7782848672121032E-002
          50           8   0.0000000000000000        0.0000000000000000     
          55           8  -10.401681761170734       -1.3284416359007900     
          60           8   0.0000000000000000        0.0000000000000000     
          65           8  -11.255979412051476       0.45557167122775577     
          70           8  -4.7894509854651268      -0.25391163806884331     
          75           8  -6.3254837954163090      -0.24103355993287945     
          80           8  -6.2828138953419099      -0.58816512602880011     
          85           8  -6.7118475882499418       0.49966874694620800     
          90           8  -4.7375511367486745      -0.52017232296849847     
          95           8  -4.2303705657142920       0.15496356011515666     
           0           9  -5.8794495406793441      -0.51009273832391955     
           5           9  -12.137439215795798       0.49212316793806332     
          10           9  -6.8199308450980762      -0.14091572706556588     
          15           9  -7.0087500442539419      -0.44240920695923225     
          20           9   0.0000000000000000        0.0000000000000000     
          25           9  -5.3184518972576589        3.9278683074128740E-003
          30           9  -6.1724559121306699       0.51186517738457948     
          35           9  -6.5167764152024299       0.29117021837318791     
          40           9  -5.4366979170311636       0.76031114076655082     
          45           9  -6.3582666874617555       -6.7566653554063105E-002
          50           9  -11.707745914981693        1.4069972247657270     
          55           9  -6.0636069935604553       0.42211319760801502     
          60           9  -11.274955668283404       0.69454893218440228     
          65           9  -6.3171393094896278       0.44477136923057325     
          70           9  -11.837202976880956       -5.0526082522595051E-002
          75           9  -6.3492619963090302       -6.4907726045199121E-002
          80           9  -12.078748070820655      -0.33748108385925346     
          85           9  -6.7803044976688653       0.12943798063894119     
          90           9   0.0000000000000000        0.0000000000000000     
          95           9  -5.1832584469391207       0.30488848889911879     
           0          10  -7.2589535784018109       0.24380147705435617     
           5          10  -7.6224477631197516      -0.29171080781889569     
          10          10  -7.0237508840975682       -9.8020907043222527E-002
          15          10  -6.9012998843065443      -0.57694560075580159     
          20          10  -5.9241880762284094        7.3788549552478155E-003
          25          10  -6.6082313839721518       0.73701761260133725     
          30          10   0.0000000000000000        0.0000000000000000     
          35          10  -7.6915935054738815       0.29374293525508133     
          40          10  -12.629171300089780       0.60748828115880782     
          45          10  -7.0838861202254799       0.23361198026108920     
          50          10  -6.4767352809691481        4.6953505140473473E-002
          55          10   0.0000000000000000        0.0000000000000000     
          60          10   0.0000000000000000        0.0000000000000000     
          65          10  -7.0593791059403443       0.41135204918107959     
          70          10  -6.7757079801922249       0.23703825260443234     
          75          10  -6.2019887163067278       0.20954926426355880     
          80          10   0.0000000000000000        0.0000000000000000     
          85          10  -6.4011090834870110       0.66593385249336112     
          90          10  -7.2732304653821966      -0.43039952778725632     
          95          10  -6.5225917155875557       0.65916340977342780     
           0          11   0.0000000000000000        0.0000000000000000     
           5          11  -6.9718645939214472       0.73416353356489661     
          10          11  -6.7303924036282714       0.19444458769876660     
          15          11  -14.417572587462901       -2.0944964478236683     
          20          11  -7.0290626659491595       -8.0801249404544029E-002
          25          11  -7.4542499162089104      -0.17636826202108158     
          30          11  -6.7582243680247567       0.40382440056149771     
          35          11   0.0000000000000000        0.0000000000000000     
          40          11  -6.8918910031101621       0.66293962428007336     
          45          11  -6.5230955728312612      -0.29656649821935277     
          50          11  -6.9262357834665167       0.29248323872285709     
          55          11  -7.0433953047177589       0.41553434536503731     
          60          11  -7.7734688232733440       0.16428542960092440     
          65          11  -7.6273509236401971      -0.14097861431985881     
          70          11  -6.4538609703279626       0.17836930569850584     
          75          11  -7.2808658385548064      -0.29135965660634366     
          80          11  -6.7792363311403037       0.30941752905203068     
          85          11  -7.2482423463227086        5.3340647872129887E-002
          90          11  -6.8664515614114130      -0.19826820224402852     
          95          11  -7.4006376903468230      -0.38624340205059560     
           0          12  -15.998337090631999        1.3228638345436083E-002
           5          12  -8.2125168716468817       0.19385949320327445     
          10          12  -7.2463773002112708      -0.29616117046160628     
          15          12   0.0000000000000000        0.0000000000000000     
          20          12  -7.9093570076654851       0.10145389045534969     
          25          12  -8.5403903471770182      -0.12822756699032434     
          30          12  -7.7035022844634815       0.33131205970607369     
          35          12  -7.4399311809342228       0.52710236661701604     
          40          12  -15.747974064554970       0.35087333602967785     
          45          12   0.0000000000000000        0.0000000000000000     
          50          12  -14.375937316319920       0.92647276938209733     
          55          12  -7.7151432883049154       -3.9201236171071407E-002
          60          12  -8.2344097043041131       -5.8411953299253305E-002
          65          12  -7.9814476555650771       -1.1278252762120244E-002
          70          12  -7.9193562091939285       0.31502867972613147     
          75          12  -7.7187780858500865       -4.0016723751173933E-002
          80          12  -16.181386054197056      -0.10473462618607043     
          85          12  -7.2487551275468576       -5.4795808825947034E-002
          90          12  -16.572984032512394       0.71770945908683492     
          95          12  -7.9279825350686561       0.12966579677281542     
           0          13  -9.0270608956542180       0.31020552703875381     
           5          13   0.0000000000000000        0.0000000000000000     
          10          13  -7.5639841506591754        1.0316066022930670     
          15          13  -8.6585924287058127       0.17910061777176578     
          20          13  -8.3953227238287020      -0.10409130950461698     
          25          13  -8.7676874273551189      -0.94879602258124418     
          30          13  -8.4435168551105768      -0.38990671604233196     
          35          13  -7.8535885002400940       0.16196201043428005     
          40          13  -7.8638304981443197       0.76524909136677088     
          45          13  -8.1331985202742754        1.0254256121666749     
          50          13  -6.8407043992502192       0.11900125168301523     
          55          13  -7.8850585072653967      -0.34584078056232315     
          60          13   0.0000000000000000        0.0000000000000000     
          65          13  -7.9377323308316150        4.1486778716293138E-002
          70          13  -7.9631439500293943      -0.41977946666771349     
          75          13  -15.773739623290428       0.23204796530174043     
          80          13  -8.6850752003919673      -0.11348268154631747     
          85          13  -17.252438971159243      -0.18775140775778576     
          90          13  -8.6414233314235922       0.56970535566913671     
          95          13  -9.0483293073406745       0.35729115802990430     
           0          14   0.0000000000000000        0.0000000000000000     
           5          14  -8.8842762782870981       0.21662920233977978     
          10          14  -9.3261504099240167      -0.15363800391132720     
          15          14  -18.910356672172668       -4.3994076123488046E-002
          20          14  -8.9670541565556316       0.30229206492649041     
          25          14  -9.0067178520508708        7.7700466908914301E-002
          30          14  -8.6480355981671799      -0.62179681111440566     
          35          14   0.0000000000000000        0.0000000000000000     
          40          14  -8.2436941914737485       0.68758190477358205     
          45          14  -7.4691990718939172        1.0832948547467858     
          50          14  -8.0347612833886473       -9.9209683562806461E-003
          55          14  -8.3694246597865174       0.64040663586728552     
          60          14  -8.8754142721247931      -0.89149117410425305     
          65          14  -8.5951875672685141       0.47391669546870130     
          70          14  -7.8948292742953008       0.81745100530772330     
          75          14  -9.3219299726321481      -0.72716863630251094     
          80          14  -8.7196649791154712       0.60618500810016851     
          85          14  -8.9161537212434361      -0.18847090843931991     
          90          14  -8.2907094711459628       0.33271154929404023     
          95          14  -9.6449265106524074      -0.89458642326289972     
           0          15  -18.545053335805754       0.66879239978556715     
           5          15  -18.039781284811959       -9.5884798356760115E-003
          10          15  -19.199631027808358       0.64450217437839186     
          15          15   0.0000000000000000        0.0000000000000000     
          20          15  -9.7950157026421838       0.54287220793869384     
          25          15  -9.1440790130764551       0.44360560171985419     
          30          15  -9.4614909156481843       0.23550617290091225     
          35          15  -18.583811793848604      -0.29362172892344329     
          40          15  -9.5960918214249560       0.62420879930968898     
          45          15  -8.9955686068216014       0.29410296610077324     
          50          15  -8.9903722117989915      -0.23265822959750437     
          55          15  -17.870145953462480        6.6726536150085725E-002
          60          15  -9.0342167814916330       -4.1903734804837889E-002
          65          15  -9.4106597967980044       0.24074680219254851     
          70          15  -18.923041707995523      -0.31748440086520890     
          75          15  -8.9806754323884519       0.72509365954709359     
          80          15   0.0000000000000000        0.0000000000000000     
          85          15   0.0000000000000000        0.0000000000000000     
          90          15  -9.4876716675540429       -2.2285794311072138E-002
          95          15  -9.8841592018805713      -0.48642849353630613     
           0          16   0.0000000000000000        0.0000000000000000     
           5          16  -10.023829994228114       0.33722065122310241     
          10          16  -9.8910147232011969      -0.32294886560924052     
          15          16  -10.174494806863832      -0.33672024798148126     
          20          16   0.0000000000000000        0.0000000000000000     
          25          16  -10.369971159069346      -0.35154635120437927     
          30          16  -10.013242508822294      -0.35661361721839313     
          35          16  -9.5383520082387143       0.16748601837812682     
          40          16  -10.502152601590819      -0.46085455048416879     
          45          16  -18.617368413618159        1.2156908542093614     
          50          16  -8.9496612849226942      -0.16881100035559538     
          55          16  -9.8531416300984276       0.22572198018599998     
          60          16  -9.6022900244685516      -0.19914822929734122     
          65          16  -9.4213611710558531      -0.56821628857284256     
          70          16  -9.9347589468901099       0.37987601236966206     
          75          16   0.0000000000000000        0.0000000000000000     
          80          16  -18.792708239210310      -0.28717633689223643     
          85          16  -9.6382513559700733       0.32816258652201835     
          90          16  -9.1492762094025348      -0.32583738558855657     
          95          16  -10.296070371322852      -0.69372599754424780     
           0          17  -9.8535837820818646       0.29413888227025620     
           5          17  -20.504835922302011       0.10438741730733891     
          10          17   0.0000000000000000        0.0000000000000000     
          15          17  -9.9499388096330179       0.36164396142290833     
          20          17  -9.7650367934837270       -6.4405850145055066E-002
          25          17  -10.244877508128191       0.12363177860241770     
          30          17  -11.236364828846600      -0.18472268718150442     
          35          17   0.0000000000000000        0.0000000000000000     
          40          17  -9.9261855252247280       0.29414562271568023     
          45          17  -10.477863571488054       0.97521983429382786     
          50          17  -10.039155103067632      -0.23056351691475019     
          55          17   0.0000000000000000        0.0000000000000000     
          60          17  -9.4469956728282511       0.61313824045949872     
          65          17  -9.7870127972987664      -0.13187656191432362     
          70          17  -9.4592565983164789       0.86208732085757411     
          75          17  -9.3161853904044634      -0.20363095596331870     
          80          17  -10.457360713815866       -2.0887669949787302E-002
          85          17   0.0000000000000000        0.0000000000000000     
          90          17  -9.6709467601541199        9.2189509922069313E-002
          95          17  -10.772312378795057       -6.4396595333970907E-002
           0          18  -11.705309461389868      -0.64625399259110594     
           5          18  -10.725031660625342        4.3389737264254435E-002
          10          18  -10.894489222194602       0.15389108083962988     
          15          18  -20.711816469483331       0.29761838189062972     
          20          18  -10.734208142719192       -7.8127049762399814E-002
          25          18  -10.852021627240637       0.87909573370681393     
          30          18  -10.859724031914707      -0.31072439115320538     
          35          18  -11.012771000969423        2.5901764497682223E-002
          40          18  -10.846224261568670        1.0601599974013887E-002
          45          18  -10.867248249666893       0.52664533915003364     
          50          18  -10.352988785842232        5.0447952343324332E-003
          55          18  -10.397546719354001        6.6821947827255812E-002
          60          18   0.0000000000000000        0.0000000000000000     
          65          18   0.0000000000000000        0.0000000000000000     
          70          18  -10.566953593029726       0.61246914505930228     
          75          18  -19.646507943638092       0.50160752590289182     
          80          18  -10.962606045459289       0.60211455548242476     
          85          18  -10.173150643033591       0.18976498956380095     
          90          18  -10.677833678147675       -9.3980391030201726E-002
          95          18  -11.148739827948617       0.17288690238481674     
           0          19   0.0000000000000000        0.0000000000000000     
           5          19  -11.015112072336672      -0.51927783811522854     
          10          19  -22.603785142002174      -0.13045415813484063     
          15          19  -11.327749626960925       0.19100386392745250     
          20          19  -10.973390510122805       0.42400160210120941     
          25          19   0.0000000000000000        0.0000000000000000     
          30          19  -11.187916419280185        3.3371914485158527E-002
          35          19  -11.386702548152327       0.25153637178587651     
          40          19  -11.374299729743353       0.45180166757807783     
          45          19  -11.240310567275923       -3.2218176813647581E-002
          50          19  -11.127380648232599       0.19870076409744808     
          55          19  -10.708284509195476       0.72191362784634894     
          60          19  -21.212098719260997       0.80776394027648468     
          65          19  -21.564980333246275       0.64009396386233153     
          70          19  -10.170006305996182       0.11752640453333019     
          75          19  -10.892698955373703       0.32409524027776637     
          80          19  -21.779630666818317       -2.7507054119468854E-002
          85          19   0.0000000000000000        0.0000000000000000     
          90          19   0.0000000000000000        0.0000000000000000     
          95          19   0.0000000000000000        0.0000000000000000     
           0          20  -10.823409965301675       -8.2997113897143038E-002
           5          20  -11.638220533787893      -0.95553892366262438     
          10          20  -11.356581323916092       0.16294413176187739     
          15          20  -11.851076144666349      -0.18367846913086572     
          20          20  -11.370688640046644      -0.19266362883185728     
          25          20  -11.382414899012705        8.2972649947110622E-002
          30          20  -11.731286374533910        4.8881428680869199E-002
          35          20  -11.870690192617994       0.16604206138942645     
          40          20   0.0000000000000000        0.0000000000000000     
          45          20  -10.874892124377865       0.62400170278698042     
          50          20   0.0000000000000000        0.0000000000000000     
          55          20  -11.735996679633764       0.17580937448913314     
          60          20   0.0000000000000000        0.0000000000000000     
          65          20  -11.043809187286646      -0.38363578205524718     
          70          20  -11.050474016776057       0.77195076423952624     
          75          20  -10.398007879239834       0.59806016341756862     
          80          20  -11.358723724668174      -0.24979419977921857     
          85          20  -11.535542047598213      -0.15606133396683930     
          90          20  -11.139364300887244       0.28942024421441115     
          95          20  -10.777783531334961       -9.5689211404570429E-003
           0          21  -12.151076832453969       0.62095488297775336     
           5          21  -11.949943689754036      -0.41407803826665202     
          10          21  -23.552079478533770      -0.62099525985459536     
          15          21  -11.527767854200565       0.68733997514586198     
          20          21  -11.901727672861128       0.10295343016442082     
          25          21  -23.376856843810856       0.59710894570352835     
          30          21  -24.685179819432520        4.7848454233778703E-002
          35          21   0.0000000000000000        0.0000000000000000     
          40          21  -11.899127425050725       0.42857845218624568     
          45          21  -12.385775766122208      -0.20499750589542121     
          50          21  -22.510884003712484       0.16668060563218567     
          55          21   0.0000000000000000        0.0000000000000000     
          60          21  -11.907340938748234       0.17616812133913751     
          65          21  -11.700576688489228        9.2908970540372948E-002
          70          21  -11.780588080233523       0.45666799621812970     
          75          21  -11.395831795550926       0.16280204243490637     
          80          21   0.0000000000000000        0.0000000000000000     
          85          21   0.0000000000000000        0.0000000000000000     
          90          21  -11.822457537089548      -0.53491111837666860     
          95          21   0.0000000000000000        0.0000000000000000     
           0          22  -12.597447310284636      -0.61795242203677159     
           5          22   0.0000000000000000        0.0000000000000000     
          10          22  -12.582488391387757      -0.10795215190984031     
          15          22  -12.447104476739357      -0.19219298833972331     
          20          22  -12.599795653075452      -0.27892724734912555     
          25          22  -13.859472731789223       0.16793802941061919     
          30          22  -11.580925691963561       0.30151826287572181     
          35          22  -13.081804903851134       0.57196568347406274     
          40          22  -26.429088109698462      -0.70284643481799414     
          45          22   0.0000000000000000        0.0000000000000000     
          50          22   0.0000000000000000        0.0000000000000000     
          55          22  -11.612425986415875       0.27104655176857229     
          60          22  -11.507377051647172       0.45661923215589706     
          65          22  -12.118905243863054       0.22822853048165559     
          70          22  -11.032082707109758       0.48758437858509307     
          75          22  -11.971886670290033        1.5649922291360863     
          80          22  -12.255903298361570        1.2503333572666531E-002
          85          22  -12.842704271254224       0.53090066171435080     
          90          22   0.0000000000000000        0.0000000000000000     
          95          22  -12.294148423821483       0.14001371246297190     
           0          23   0.0000000000000000        0.0000000000000000     
           5          23  -12.967151623045556      -0.11693143663338290     
          10          23  -12.912558099136827       0.15846186200818568     
          15          23  -12.914739539257036      -0.10491970819537233     
          20          23  -12.554925364985369        3.5541007827322169E-002
          25          23  -12.393696460864522       -8.1037643604453535E-002
          30          23  -12.576158750909338       0.69416453092163710     
          35          23  -13.386496566853422      -0.54303122263898995     
          40          23   0.0000000000000000        0.0000000000000000     
          45          23  -13.084646463280002      -0.52718235352522402     
          50          23  -12.529930573661474       0.23163811332105322     
          55          23  -11.868031273132296       0.20763572165877209     
          60          23  -11.897340996511740      -0.54766312128251560     
          65          23  -12.218085233575149      -0.22001508811042569     
          70          23  -11.327474425237849       0.30818141086630391     
          75          23  -12.839823648718163      -0.54928900668882452     
          80          23  -13.021615834978295      -0.42489857931704567     
          85          23  -14.121385925494057      -0.51058830942640743     
          90          23  -12.934115473899332       0.20094976125539787     
          95          23  -12.962494478043762       0.29148018935498676     
           0          24  -12.716275801531372       0.55620509761100667     
           5          24   0.0000000000000000        0.0000000000000000     
          10          24   0.0000000000000000        0.0000000000000000     
          15          24   0.0000000000000000        0.0000000000000000     
          20          24   0.0000000000000000        0.0000000000000000     
          25          24  -13.047294905934036       0.32422331881609701     
          30          24  -13.014256481327923       -3.7320183838285281E-002
          35          24  -13.754406581700239       -3.3359697237944630E-002
          40          24  -12.677172874107633       0.97586400770732773     
          45          24  -13.045840737191948        5.1873033572458205E-002
          50          24   0.0000000000000000        0.0000000000000000     
          55          24  -12.148949294563671       0.44991156336715576     
          60          24  -12.822164915775591       0.13666009784030209     
          65          24  -12.587748419941036        1.3859954273165442E-003
          70          24  -13.201463786769452       0.13321157188994626     
          75          24  -13.442013146471865       0.13873806208375417     
          80          24   0.0000000000000000        0.0000000000000000     
          85          24   0.0000000000000000        0.0000000000000000     
          90          24   0.0000000000000000        0.0000000000000000     
          95          24   0.0000000000000000        0.0000000000000000     
           0          25   0.0000000000000000        0.0000000000000000     
           5          25   0.0000000000000000        0.0000000000000000     
          10          25  -25.846082049240380       0.11559659484072782     
          15          25   0.0000000000000000        0.0000000000000000     
          20          25   0.0000000000000000        0.0000000000000000     
          25          25   0.0000000000000000        0.0000000000000000     
          30          25  -13.569554355417623       -8.3078739109287980E-002
          35          25   0.0000000000000000        0.0000000000000000     
          40          25   0.0000000000000000        0.0000000000000000     
          45          25  -13.052622862320117      -0.20222020346682967     
          50          25  -13.209523717303551       -9.3961053561075758E-002
          55          25  -12.472865851531623       0.43243190091080130     
          60          25  -12.959744581466648       0.71448153383890656     
          65          25  -13.370723741268353       0.16085105056351523     
          70          25  -12.406336587891253       0.66245599764425123     
          75          25  -13.477031699551389       -9.5236149176836093E-002
          80          25   0.0000000000000000        0.0000000000000000     
          85          25  -14.014814364176065      -0.95365255907364777     
          90          25   0.0000000000000000        0.0000000000000000     
          95          25  -13.280494980780766       0.22247471966885257     
           0          26   0.0000000000000000        0.0000000000000000     
           5          26  -13.723007299898601       0.47855724003342814     
          10          26  -13.540911506517705       0.71310359844201088     
          15          26  -13.468782861265071       0.57411902825155181     
          20          26   0.0000000000000000        0.0000000000000000     
          25          26   0.0000000000000000        0.0000000000000000     
          30          26   0.0000000000000000        0.0000000000000000     
          35          26   0.0000000000000000        0.0000000000000000     
          40          26  -13.466159646455255      -0.42053575688427713     
          45          26   0.0000000000000000        0.0000000000000000     
          50          26   0.0000000000000000        0.0000000000000000     
          55          26   0.0000000000000000        0.0000000000000000     
          60          26   0.0000000000000000        0.0000000000000000     
          65          26   0.0000000000000000        0.0000000000000000     
          70          26  -14.266352034797425      -0.34528156265700716     
          75          26  -13.616698520513282      -0.65742918523126193     
          80          26   0.0000000000000000        0.0000000000000000     
          85          26   0.0000000000000000        0.0000000000000000     
          90          26   0.0000000000000000        0.0000000000000000     
          95          26   0.0000000000000000        0.0000000000000000     
           0          27  -14.360326600811176       0.89833353192347865     
           5          27   0.0000000000000000        0.0000000000000000     
          10          27   0.0000000000000000        0.0000000000000000     
          15          27   0.0000000000000000        0.0000000000000000     
          20          27   0.0000000000000000        0.0000000000000000     
          25          27  -12.777922186669176       0.60748126593623830     
          30          27   0.0000000000000000        0.0000000000000000     
          35          27   0.0000000000000000        0.0000000000000000     
          40          27   0.0000000000000000        0.0000000000000000     
          45          27  -13.619436567069986        3.4844798547650768E-002
          50          27   0.0000000000000000        0.0000000000000000     
          55          27   0.0000000000000000        0.0000000000000000     
          60          27   0.0000000000000000        0.0000000000000000     
          65          27   0.0000000000000000        0.0000000000000000     
          70          27  -13.550444568402042      -0.24573701012386984     
          75          27   0.0000000000000000        0.0000000000000000     
          80          27   0.0000000000000000        0.0000000000000000     
          85          27   0.0000000000000000        0.0000000000000000     
          90          27  -14.364915145357315      -0.91992182630673547     
          95          27   0.0000000000000000        0.0000000000000000     
           0          28   0.0000000000000000        0.0000000000000000     
           5          28   0.0000000000000000        0.0000000000000000     
          10          28   0.0000000000000000        0.0000000000000000     
          15          28   0.0000000000000000        0.0000000000000000     
          20          28  -13.417177189257167       0.70136048006208540     
          25          28   0.0000000000000000        0.0000000000000000     
          30          28   0.0000000000000000        0.0000000000000000     
          35          28   0.0000000000000000        0.0000000000000000     
          40          28   0.0000000000000000        0.0000000000000000     
          45          28   0.0000000000000000        0.0000000000000000     
          50          28   0.0000000000000000        0.0000000000000000     
          55          28   0.0000000000000000        0.0000000000000000     
          60          28   0.0000000000000000        0.0000000000000000     
          65          28   0.0000000000000000        0.0000000000000000     
          70          28   0.0000000000000000        0.0000000000000000     
          75          28   0.0000000000000000        0.0000000000000000     
          80          28   0.0000000000000000        0.0000000000000000     
          85          28   0.0000000000000000        0.0000000000000000     
          90          28   0.0000000000000000        0.0000000000000000     
          95          28   0.0000000000000000        0.0000000000000000     
           0          29   0.0000000000000000        0.0000000000000000     
           5          29   0.0000000000000000        0.0000000000000000     
          10          29   0.0000000000000000        0.0000000000000000     
          15          29   0.0000000000000000        0.0000000000000000     
          20          29   0.0000000000000000        0.0000000000000000     
          25          29   0.0000000000000000        0.0000000000000000     
          30          29   0.0000000000000000        0.0000000000000000     
          35          29   0.0000000000000000        0.0000000000000000     
          40          29   0.0000000000000000        0.0000000000000000     
          45          29   0.0000000000000000        0.0000000000000000     
          50          29   0.0000000000000000        0.0000000000000000     
          55          29   0.0000000000000000        0.0000000000000000     
          60          29   0.0000000000000000        0.0000000000000000     
          65          29  -13.742197832362635      -0.24521004791555612     
          70          29   0.0000000000000000        0.0000000000000000     
          75          29  -13.846038180491682       0.32173492789167035     
          80          29   0.0000000000000000        0.0000000000000000     
          85          29   0.0000000000000000        0.0000000000000000     
          90          29   0.0000000000000000        0.0000000000000000     
          95          29   0.0000000000000000        0.0000000000000000     
           0          30   0.0000000000000000        0.0000000000000000     
           5          30   0.0000000000000000        0.0000000000000000     
          10          30   0.0000000000000000        0.0000000000000000     
          15          30   0.0000000000000000        0.0000000000000000     
          20          30   0.0000000000000000        0.0000000000000000     
          25          30   0.0000000000000000        0.0000000000000000     
          30          30   0.0000000000000000        0.0000000000000000     
          35          30   0.0000000000000000        0.0000000000000000     
          40          30   0.0000000000000000        0.0000000000000000     
          45          30   0.0000000000000000        0.0000000000000000     
          50          30   0.0000000000000000        0.0000000000000000     
          55          30   0.0000000000000000        0.0000000000000000     
          60          30   0.0000000000000000        0.0000000000000000     
          65          30   0.0000000000000000        0.0000000000000000     
          70          30   0.0000000000000000        0.0000000000000000     
          75          30   0.0000000000000000        0.0000000000000000     
          80          30   0.0000000000000000        0.0000000000000000     
          85          30   0.0000000000000000        0.0000000000000000     
          90          30   0.0000000000000000        0.0000000000000000     
          95          30   0.0000000000000000        0.0000000000000000     
           0          31   0.0000000000000000        0.0000000000000000     
           5          31   0.0000000000000000        0.0000000000000000     
          10          31   0.0000000000000000        0.0000000000000000     
          15          31   0.0000000000000000        0.0000000000000000     
          20          31   0.0000000000000000        0.0000000000000000     
          25          31   0.0000000000000000        0.0000000000000000     
          30          31   0.0000000000000000        0.0000000000000000     
          35          31   0.0000000000000000        0.0000000000000000     
          40          31   0.0000000000000000        0.0000000000000000     
          45          31   0.0000000000000000        0.0000000000000000     
          50          31   0.0000000000000000        0.0000000000000000     
          55          31   0.0000000000000000        0.0000000000000000     
          60          31   0.0000000000000000        0.0000000000000000     
          65          31   0.0000000000000000        0.0000000000000000     
          70          31   0.0000000000000000        0.0000000000000000     
          75          31   0.0000000000000000        0.0000000000000000     
          80          31   0.0000000000000000        0.0000000000000000     
          85          31   0.0000000000000000        0.0000000000000000     
          90          31   0.0000000000000000        0.0000000000000000     
          95          31   0.0000000000000000        0.0000000000000000     
