           0           0   0.0000000000000000        0.0000000000000000     
           5           0   0.0000000000000000        0.0000000000000000     
          10           0   0.0000000000000000        0.0000000000000000     
          15           0   0.0000000000000000        0.0000000000000000     
          20           0   0.0000000000000000        0.0000000000000000     
          25           0   0.0000000000000000        0.0000000000000000     
          30           0   0.0000000000000000        0.0000000000000000     
          35           0   0.0000000000000000        0.0000000000000000     
          40           0   0.0000000000000000        0.0000000000000000     
          45           0   0.0000000000000000        0.0000000000000000     
          50           0   0.0000000000000000        0.0000000000000000     
          55           0   0.0000000000000000        0.0000000000000000     
          60           0   0.0000000000000000        0.0000000000000000     
          65           0   0.0000000000000000        0.0000000000000000     
          70           0   0.0000000000000000        0.0000000000000000     
          75           0   0.0000000000000000        0.0000000000000000     
          80           0   0.0000000000000000        0.0000000000000000     
          85           0   0.0000000000000000        0.0000000000000000     
          90           0   0.0000000000000000        0.0000000000000000     
          95           0   0.0000000000000000        0.0000000000000000     
           0           1   0.0000000000000000        0.0000000000000000     
           5           1   0.0000000000000000        0.0000000000000000     
          10           1  -16.533139090997295       -8.5609609799031094     
          15           1  -15.168564510270599        11.733781378079344     
          20           1  -11.756171035219865       -3.6687791074940801     
          25           1   0.0000000000000000        0.0000000000000000     
          30           1   0.0000000000000000        0.0000000000000000     
          35           1   0.0000000000000000        0.0000000000000000     
          40           1   0.0000000000000000        0.0000000000000000     
          45           1   0.0000000000000000        0.0000000000000000     
          50           1  -21.146187410252537       -4.9733511720939649     
          55           1  -10.172516045656721        7.2771870354659818     
          60           1   0.0000000000000000        0.0000000000000000     
          65           1   0.0000000000000000        0.0000000000000000     
          70           1   0.0000000000000000        0.0000000000000000     
          75           1  -8.7719299104804804        11.455302224318009     
          80           1  -8.8139321750446697       -7.1123002184958484     
          85           1  -9.6836637244734902       -4.6483155450094404     
          90           1   0.0000000000000000        0.0000000000000000     
          95           1  -5.5364335201346648        14.089028683547111     
           0           2  -13.800392171002262        4.4743820977677373     
           5           2   0.0000000000000000        0.0000000000000000     
          10           2   0.0000000000000000        0.0000000000000000     
          15           2  -28.226643292894593       -10.637348475848185     
          20           2   0.0000000000000000        0.0000000000000000     
          25           2   0.0000000000000000        0.0000000000000000     
          30           2  -16.174900992957930       0.23035741459676018     
          35           2  -15.387237824171507        5.3043330684232615     
          40           2  -6.4355114788128276        3.2827966264870057     
          45           2  -23.435444961990015       -5.0256573106066682     
          50           2  -14.935323245452992       -2.4656719166360475     
          55           2  -16.442393996385363        2.6709903633470589     
          60           2  -36.660418960678953       -8.6527443715445074     
          65           2   0.0000000000000000        0.0000000000000000     
          70           2  -23.589310556317855        1.6995844163991691     
          75           2  -29.130929945679895       0.91786371752666795     
          80           2   0.0000000000000000        0.0000000000000000     
          85           2  -19.883903346666898      -0.47890587174581611     
          90           2   0.0000000000000000        0.0000000000000000     
          95           2  -16.778598364979302        2.7628883531427562     
           0           3  -29.722937355854128       -4.1911009977146918     
           5           3  -19.104391337632087       -6.9868103064063547     
          10           3  -18.724305545312347       -3.2456802601243950     
          15           3   0.0000000000000000        0.0000000000000000     
          20           3   0.0000000000000000        0.0000000000000000     
          25           3  -26.779462741757243       -1.0247130468710175     
          30           3   0.0000000000000000        0.0000000000000000     
          35           3   0.0000000000000000        0.0000000000000000     
          40           3   0.0000000000000000        0.0000000000000000     
          45           3  -22.402750818564243        12.510304995623223     
          50           3   0.0000000000000000        0.0000000000000000     
          55           3   0.0000000000000000        0.0000000000000000     
          60           3  -30.032482714261732      -0.78495121048405281     
          65           3  -26.307364098911989       -4.5087561996925984     
          70           3   0.0000000000000000        0.0000000000000000     
          75           3   0.0000000000000000        0.0000000000000000     
          80           3   0.0000000000000000        0.0000000000000000     
          85           3   0.0000000000000000        0.0000000000000000     
          90           3   0.0000000000000000        0.0000000000000000     
          95           3  -19.556246706073921        12.805626974534690     
           0           4  -37.981271778907974       -12.678279170508233     
           5           4  -22.306798413178619        5.5544740765256506     
          10           4  -32.166519443039832       -11.536030807421938     
          15           4   0.0000000000000000        0.0000000000000000     
          20           4   0.0000000000000000        0.0000000000000000     
          25           4  -25.711555695853150        3.0271550559124449     
          30           4   0.0000000000000000        0.0000000000000000     
          35           4   0.0000000000000000        0.0000000000000000     
          40           4  -31.577096605133192       0.35284745774077919     
          45           4   0.0000000000000000        0.0000000000000000     
          50           4   0.0000000000000000        0.0000000000000000     
          55           4   0.0000000000000000        0.0000000000000000     
          60           4   0.0000000000000000        0.0000000000000000     
          65           4   0.0000000000000000        0.0000000000000000     
          70           4   0.0000000000000000        0.0000000000000000     
          75           4  -15.454565769985606        5.6585505078921017     
          80           4  -44.929998976286356       -5.9919923651641227     
          85           4  -17.347153988040986        9.2648627492586400     
          90           4  -22.936501630894668       -8.0881254028764005     
          95           4   0.0000000000000000        0.0000000000000000     
           0           5   0.0000000000000000        0.0000000000000000     
           5           5   0.0000000000000000        0.0000000000000000     
          10           5   0.0000000000000000        0.0000000000000000     
          15           5  -34.787624521017690       -3.3634066754562042     
          20           5  -33.199033243906939        9.0756391649993162     
          25           5   0.0000000000000000        0.0000000000000000     
          30           5  -31.339918940478384        5.7155668310837626     
          35           5  -34.029954389502848       -7.7011875460630819     
          40           5   0.0000000000000000        0.0000000000000000     
          45           5  -40.810098805863504       -3.4906789934829874     
          50           5   0.0000000000000000        0.0000000000000000     
          55           5  -24.415745679711165        4.0031008684326963     
          60           5  -42.757576817038512       -5.4535653994225441     
          65           5  -27.678161999702411        4.3592095801336939     
          70           5  -38.750070070179277       -3.5955029689116458     
          75           5  -29.904033984067269        2.5549901397603492     
          80           5   0.0000000000000000        0.0000000000000000     
          85           5  -38.626278070594822       -6.3077842978742638     
          90           5  -36.778746019265895       -3.7137373278195440     
          95           5  -35.429483827229546       -10.312077450489454     
           0           6  -68.671858779619924        4.3672321081134058     
           5           6  -41.459807934924875       -6.6151284918092301     
          10           6  -38.129832025832755      -0.27546077570050898     
          15           6  -41.964893333981124        1.3656209560064525     
          20           6  -40.067453136085618        3.9282156107223187     
          25           6   0.0000000000000000        0.0000000000000000     
          30           6   0.0000000000000000        0.0000000000000000     
          35           6  -36.972434864708248       -4.9505280581385591     
          40           6  -43.532173402525132       -9.7406822152734662     
          45           6  -43.120175722108911      -0.62091798672447851     
          50           6   0.0000000000000000        0.0000000000000000     
          55           6  -41.563624135037003       -7.9496209065155199     
          60           6  -48.541649136950582       -2.9055873533367915     
          65           6   0.0000000000000000        0.0000000000000000     
          70           6  -38.753632343926370        1.3721929662136034     
          75           6   0.0000000000000000        0.0000000000000000     
          80           6  -40.714025176313839       -1.0206331429518656     
          85           6   0.0000000000000000        0.0000000000000000     
          90           6  -43.721912068548363       -2.9966122109259530     
          95           6  -40.036246067458592       -1.5482035960978635     
           0           7  -46.455406198755846       -3.7296368883632525     
           5           7  -36.147239829156241        5.3614824656822435     
          10           7   0.0000000000000000        0.0000000000000000     
          15           7  -39.209763625214222        3.6675214741777040     
          20           7  -40.773700408980318        6.0478165335098311     
          25           7   0.0000000000000000        0.0000000000000000     
          30           7  -44.241280047305764       -1.7799607619739533     
          35           7  -80.409078457641670        2.4096889594060755     
          40           7  -46.554875774091897       -2.6570171470385873     
          45           7  -49.601216677075399       -1.4148453440432363     
          50           7  -42.245742382469587        3.4174583740531617     
          55           7  -44.380709590896572        7.7182613102344533     
          60           7   0.0000000000000000        0.0000000000000000     
          65           7  -48.284544802825735      -0.75285290849436137     
          70           7  -44.748775034477717        2.6791033500295214     
          75           7  -38.767771135681528       -6.3428644983964944     
          80           7  -45.573523049071696       -2.9512294775013714     
          85           7  -50.346595178538678       -1.0069429371828420     
          90           7   0.0000000000000000        0.0000000000000000     
          95           7  -51.862743876611717       -1.0345241100129243     
           0           8  -49.474498008382213        8.9864127090777401E-002
           5           8   0.0000000000000000        0.0000000000000000     
          10           8  -56.037631819814138       -1.2714658271661960     
          15           8  -48.586366870067010      -0.60710886504722339     
          20           8  -47.120443001436030       0.78926938632761789     
          25           8   0.0000000000000000        0.0000000000000000     
          30           8  -46.064303416670782      -0.40421368383114498     
          35           8   0.0000000000000000        0.0000000000000000     
          40           8  -51.124682306706859      -0.50572816094884843     
          45           8   0.0000000000000000        0.0000000000000000     
          50           8  -45.791073818648442        1.7107953339134951     
          55           8   0.0000000000000000        0.0000000000000000     
          60           8  -48.569456245459719       -2.2693636736370593     
          65           8  -52.950185562607999        2.8148227213975474     
          70           8   0.0000000000000000        0.0000000000000000     
          75           8  -47.542820865302815       -1.2682719303391821     
          80           8  -46.421528271523016       -1.0397170295561864     
          85           8   0.0000000000000000        0.0000000000000000     
          90           8  -48.088196018696294        1.0639147303415086     
          95           8   0.0000000000000000        0.0000000000000000     
           0           9  -54.362859743469215       -3.0437212091882770     
           5           9  -55.378342442060635       -1.9631259218577668     
          10           9  -46.269167443613313       0.32004789440875925     
          15           9  -50.236031455748176        2.8207151284753706     
          20           9   0.0000000000000000        0.0000000000000000     
          25           9  -50.988469263355540        2.0896057447927774     
          30           9  -50.521579973459296        6.4095668684593932     
          35           9  -54.272113166433655       -5.2665429553933052     
          40           9   0.0000000000000000        0.0000000000000000     
          45           9  -47.402105233302905       -3.1660444069281368     
          50           9  -55.989816080384003       0.67517672329486800     
          55           9  -50.984791930588358        3.3195401020691406     
          60           9   0.0000000000000000        0.0000000000000000     
          65           9  -50.661477584625914        2.4471247832202891     
          70           9  -61.174288951164613       0.23574826505168289     
          75           9  -53.063447256462837       -1.9684680887799288     
          80           9  -55.007481854048024       -3.8341402458463847     
          85           9  -48.151940123446479       -2.3924954944831711     
          90           9  -47.622375415841134        2.2017614062264101     
          95           9  -52.583101404977128       -2.1693321214222294     
           0          10   0.0000000000000000        0.0000000000000000     
           5          10   0.0000000000000000        0.0000000000000000     
          10          10  -44.661149056723914        1.1544683862396710     
          15          10   0.0000000000000000        0.0000000000000000     
          20          10  -46.407472151255291        4.4562811790527235     
          25          10  -55.007832792650646        2.2882730321427402     
          30          10  -54.767085312601438       -1.0760194951142665     
          35          10  -51.235155132260957      -0.40300540520732397     
          40          10   0.0000000000000000        0.0000000000000000     
          45          10  -52.120190202415984        3.9316450203408237     
          50          10   0.0000000000000000        0.0000000000000000     
          55          10   0.0000000000000000        0.0000000000000000     
          60          10  -58.116769051039796       -1.8966628773675609     
          65          10  -58.552534846327831       -4.3805620610726237     
          70          10  -55.727329779813317        2.5420181762125793     
          75          10  -51.175066248063672       -2.2253264059557409     
          80          10   0.0000000000000000        0.0000000000000000     
          85          10  -55.021539909390071        5.1101694975130840     
          90          10   0.0000000000000000        0.0000000000000000     
          95          10   0.0000000000000000        0.0000000000000000     
           0          11  -56.310928252482420       -3.0345206159054783     
           5          11  -56.459461716120707       -2.3844836013786619     
          10          11  -54.422354276706386        2.5519984113930860     
          15          11  -50.965622442360470       -2.3548402080031394     
          20          11  -52.670370011487222        5.0099132739589436     
          25          11  -58.999771396894829        6.7852011262914402E-002
          30          11   0.0000000000000000        0.0000000000000000     
          35          11   0.0000000000000000        0.0000000000000000     
          40          11  -56.566481350621700       -2.2015503089711785     
          45          11  -59.216050488259953       -4.3210572882657061     
          50          11  -57.702713674814277        1.2933230383538330     
          55          11  -53.179864532921783       -1.4307467714047561     
          60          11   0.0000000000000000        0.0000000000000000     
          65          11  -57.650405599858345       -2.3128040517406134     
          70          11  -56.175893261709575        1.4211073856351675     
          75          11  -62.376438002544887        1.4346208670090732     
          80          11  -57.516964975476981       -1.5171406401037757     
          85          11  -57.008815829036052      -0.77133732787615372     
          90          11  -53.265453598285717       0.39798108613098293     
          95          11  -55.059306120810447       0.74945191283148915     
           0          12  -59.353623852690518        2.1300401780877110     
           5          12   0.0000000000000000        0.0000000000000000     
          10          12  -57.896358526496883        4.7017772110535816     
          15          12  -57.412286689286773       -4.1894717102763934     
          20          12   0.0000000000000000        0.0000000000000000     
          25          12   0.0000000000000000        0.0000000000000000     
          30          12  -56.375759613924714       -2.0227003919259801     
          35          12  -55.638227746968028       -3.0687817019270369     
          40          12  -56.632835694117034       -2.2501574636457633     
          45          12  -56.494545835334975       -4.7534708542684712E-002
          50          12  -56.914949306445806       0.16319611876980389     
          55          12  -55.998762182483119       -4.0171683032141914     
          60          12  -55.759020532590853       -2.0733938763584092     
          65          12  -59.103628434442612      -0.89675539694411555     
          70          12  -56.947585031608128        4.6795282585243569     
          75          12  -60.705396490519092       -1.4785087511626216     
          80          12  -59.375474548133411       -2.8225754091515398     
          85          12   0.0000000000000000        0.0000000000000000     
          90          12  -57.030567395983667       -1.3737375225453263     
          95          12  -59.396216220974907        5.0414996640313348     
           0          13   0.0000000000000000        0.0000000000000000     
           5          13  -118.10415589516232        2.6706705132184538     
          10          13  -60.857766846611483       -2.8917879382106548     
          15          13   0.0000000000000000        0.0000000000000000     
          20          13  -56.707060312231050       -4.9155247194576646     
          25          13  -59.069922612824399      -0.32499473295644066     
          30          13  -56.252955316100639       -1.1179895630064607     
          35          13  -58.863170384029218       -1.4268070976264369     
          40          13  -57.552481205789263       -2.5702865921850560     
          45          13   0.0000000000000000        0.0000000000000000     
          50          13   0.0000000000000000        0.0000000000000000     
          55          13  -58.591978007456191       -1.2013123318155294     
          60          13  -60.938715537801613      -0.71293081171930339     
          65          13   0.0000000000000000        0.0000000000000000     
          70          13   0.0000000000000000        0.0000000000000000     
          75          13  -58.675321731911367       -2.5308684915792412     
          80          13   0.0000000000000000        0.0000000000000000     
          85          13   0.0000000000000000        0.0000000000000000     
          90          13  -58.438174005814858       0.51668395967929825     
          95          13  -55.632133494967206       -5.6956563661003656E-002
           0          14   0.0000000000000000        0.0000000000000000     
           5          14   0.0000000000000000        0.0000000000000000     
          10          14  -57.774075818910475       0.79477445092734911     
          15          14  -62.121664694219092       -1.7980079685298023     
          20          14  -61.750373306050932       -6.0016355227787699E-002
          25          14  -58.954726014857073        2.1985997636164711     
          30          14   0.0000000000000000        0.0000000000000000     
          35          14  -57.489203547262946       -1.7812482500723092     
          40          14   0.0000000000000000        0.0000000000000000     
          45          14  -61.568364412636356      -0.15022830185174030     
          50          14   0.0000000000000000        0.0000000000000000     
          55          14  -61.014669290564427        1.4209955435884325     
          60          14  -56.683487653046427       -6.6302395342887621E-002
          65          14  -58.969132514548050       0.35838783706054755     
          70          14  -63.215578282083129       0.17650718136863475     
          75          14   0.0000000000000000        0.0000000000000000     
          80          14  -63.461696277116175       -2.2536940378969916     
          85          14  -59.292425746590993       -1.1041470042449930     
          90          14   0.0000000000000000        0.0000000000000000     
          95          14  -59.114911445519169      -0.24373447056191822     
           0          15   0.0000000000000000        0.0000000000000000     
           5          15  -60.636559001561174       -1.6633847306124494     
          10          15  -61.047010368335819      -0.43408339420736297     
          15          15  -61.580002273577961      -0.20380442297351919     
          20          15  -60.649876469529573       -1.3316580761824071     
          25          15  -59.119609404216789        1.1346547652202332     
          30          15  -57.511765253988045      -0.64365675362054731     
          35          15   0.0000000000000000        0.0000000000000000     
          40          15  -57.683204055365422      -0.24384136056099237     
          45          15   0.0000000000000000        0.0000000000000000     
          50          15   0.0000000000000000        0.0000000000000000     
          55          15  -56.914333432729336       -2.2362202289194499     
          60          15   0.0000000000000000        0.0000000000000000     
          65          15  -58.548592239517916       -4.3408854958748577     
          70          15  -58.383089680162925       -4.0119536099147979     
          75          15  -60.002839394925900      -0.93985861113310420     
          80          15  -65.312869344111846       -1.4432896374039217     
          85          15  -60.797095100255660        1.1383151578847617     
          90          15   0.0000000000000000        0.0000000000000000     
          95          15   0.0000000000000000        0.0000000000000000     
           0          16  -56.393376791079447       -2.3539923207671620     
           5          16   0.0000000000000000        0.0000000000000000     
          10          16   0.0000000000000000        0.0000000000000000     
          15          16   0.0000000000000000        0.0000000000000000     
          20          16   0.0000000000000000        0.0000000000000000     
          25          16  -55.505727612992217       -3.7044986061296470     
          30          16   0.0000000000000000        0.0000000000000000     
          35          16   0.0000000000000000        0.0000000000000000     
          40          16  -54.889747795883181        1.7629877283020789     
          45          16   0.0000000000000000        0.0000000000000000     
          50          16   0.0000000000000000        0.0000000000000000     
          55          16   0.0000000000000000        0.0000000000000000     
          60          16  -58.296246560232134        1.0114439036534861     
          65          16   0.0000000000000000        0.0000000000000000     
          70          16   0.0000000000000000        0.0000000000000000     
          75          16   0.0000000000000000        0.0000000000000000     
          80          16  -63.645315386011703        2.5222559603044203     
          85          16   0.0000000000000000        0.0000000000000000     
          90          16   0.0000000000000000        0.0000000000000000     
          95          16   0.0000000000000000        0.0000000000000000     
