           0           0   0.0000000000000000        0.0000000000000000     
           5           0   0.0000000000000000        0.0000000000000000     
          10           0   0.0000000000000000        0.0000000000000000     
          15           0   0.0000000000000000        0.0000000000000000     
          20           0   0.0000000000000000        0.0000000000000000     
          25           0   0.0000000000000000        0.0000000000000000     
          30           0   0.0000000000000000        0.0000000000000000     
          35           0   0.0000000000000000        0.0000000000000000     
          40           0   0.0000000000000000        0.0000000000000000     
          45           0   0.0000000000000000        0.0000000000000000     
          50           0   0.0000000000000000        0.0000000000000000     
          55           0   0.0000000000000000        0.0000000000000000     
          60           0   0.0000000000000000        0.0000000000000000     
          65           0   0.0000000000000000        0.0000000000000000     
          70           0   0.0000000000000000        0.0000000000000000     
          75           0   0.0000000000000000        0.0000000000000000     
          80           0   0.0000000000000000        0.0000000000000000     
          85           0   0.0000000000000000        0.0000000000000000     
          90           0   0.0000000000000000        0.0000000000000000     
          95           0   0.0000000000000000        0.0000000000000000     
           0           1  -6.5134831270591276       0.11389201562850282     
           5           1   0.0000000000000000        0.0000000000000000     
          10           1  -15.992659256722774        3.2763352095066534     
          15           1   0.0000000000000000        0.0000000000000000     
          20           1  -14.641346336627947       -8.9913855312773183     
          25           1   0.0000000000000000        0.0000000000000000     
          30           1   0.0000000000000000        0.0000000000000000     
          35           1 -0.82273290672674193       -1.5648884318886225     
          40           1  -9.9133264256323628       -1.0789481189399375     
          45           1  -5.4566498128849616        3.2075048051494193     
          50           1   0.0000000000000000        0.0000000000000000     
          55           1   0.0000000000000000        0.0000000000000000     
          60           1  -18.903895349708932       -2.7636209735393269     
          65           1   0.0000000000000000        0.0000000000000000     
          70           1  -3.2104636644447737        4.0029422254173053     
          75           1  -2.6388211878014545        8.2833124147618786     
          80           1   0.0000000000000000        0.0000000000000000     
          85           1   0.0000000000000000        0.0000000000000000     
          90           1   0.0000000000000000        0.0000000000000000     
          95           1   0.0000000000000000        0.0000000000000000     
           0           2   0.0000000000000000        0.0000000000000000     
           5           2  -11.027066232487392       -8.6478332240069733     
          10           2   0.0000000000000000        0.0000000000000000     
          15           2   0.0000000000000000        0.0000000000000000     
          20           2  -14.541996169779026       -9.0162393152404263     
          25           2  -35.521991232805306       -9.8376715736936404     
          30           2  -14.539678018774538        4.6826228480734144     
          35           2  -22.934761372610524        2.3341618250150020     
          40           2   0.0000000000000000        0.0000000000000000     
          45           2  -20.239335985863249       0.91253388086798282     
          50           2   0.0000000000000000        0.0000000000000000     
          55           2  -23.180050865718727        2.7742842364553155     
          60           2   0.0000000000000000        0.0000000000000000     
          65           2  -19.329341673497424       -2.9631150058140321     
          70           2   0.0000000000000000        0.0000000000000000     
          75           2   0.0000000000000000        0.0000000000000000     
          80           2   0.0000000000000000        0.0000000000000000     
          85           2  -14.780525050710480        2.8686690560597583     
          90           2   0.0000000000000000        0.0000000000000000     
          95           2  -24.736218250396291        5.1952635473417885     
           0           3   0.0000000000000000        0.0000000000000000     
           5           3   0.0000000000000000        0.0000000000000000     
          10           3  -23.242695186835860        1.3603895279623579     
          15           3  -20.664562471131021       -1.8754722095071230     
          20           3  -32.821871613979425       -7.4850215643351703E-002
          25           3  -32.895126921079765       -3.8550241512780303     
          30           3   0.0000000000000000        0.0000000000000000     
          35           3   0.0000000000000000        0.0000000000000000     
          40           3   0.0000000000000000        0.0000000000000000     
          45           3  -16.372811598728276       -12.496365622416405     
          50           3  -29.636445304959125       -4.2894505792157034     
          55           3   0.0000000000000000        0.0000000000000000     
          60           3   0.0000000000000000        0.0000000000000000     
          65           3   0.0000000000000000        0.0000000000000000     
          70           3  -24.537445594390306       -7.5846298232962184     
          75           3   0.0000000000000000        0.0000000000000000     
          80           3  -20.605315202999464        6.9040738766412701     
          85           3  -24.674575478869087        4.2773703071619096     
          90           3  -26.568563069773177        2.2049792697087511     
          95           3  -21.664769663161110       -10.223458726823509     
           0           4  -21.862246918240569        1.7245160167345119     
           5           4   0.0000000000000000        0.0000000000000000     
          10           4  -29.783902614761715       -5.4928172833612621     
          15           4   0.0000000000000000        0.0000000000000000     
          20           4  -29.938099283395303       -3.0240223083843887     
          25           4   0.0000000000000000        0.0000000000000000     
          30           4  -36.455393714103224       -4.5293973974747104     
          35           4   0.0000000000000000        0.0000000000000000     
          40           4   0.0000000000000000        0.0000000000000000     
          45           4  -29.449160362347016      -0.81001728450935673     
          50           4  -29.865419683900996       -1.4018400713311507     
          55           4   0.0000000000000000        0.0000000000000000     
          60           4  -26.051252941456937        7.6389304699642224     
          65           4  -18.245603871420712       -1.4204847648535690     
          70           4  -25.622196423356058        2.5858809409040617     
          75           4  -21.003071236904702      -0.32859993733147519     
          80           4  -24.574541327311294        1.9935516232116868     
          85           4  -37.595073983212046       -6.2370121122068412     
          90           4  -31.053790169508488       -3.8531535283059526     
          95           4  -23.392714022563155       -5.9317754150889357     
           0           5  -38.306814936127083       -1.8586329737235729     
           5           5  -34.865770532941376       0.65823540479570397     
          10           5  -34.671683543630039      -0.44601842454916607     
          15           5   0.0000000000000000        0.0000000000000000     
          20           5   0.0000000000000000        0.0000000000000000     
          25           5  -26.794481065000042        4.3815853956807871     
          30           5  -29.155375124343408        4.5847773395379932     
          35           5   0.0000000000000000        0.0000000000000000     
          40           5  -28.548697562555958        4.4962642126566976     
          45           5  -26.161658011218947       -2.8683792393735530     
          50           5  -38.066469150663806        10.806949883939154     
          55           5  -33.095004389025462       -6.4434472509677931     
          60           5  -29.761862123933724        9.5642790186367677     
          65           5  -23.686890935863403       0.75745878977961922     
          70           5  -40.322799254042252       -6.9967821595184887     
          75           5  -34.727864468564462      -0.78846172385738100     
          80           5   0.0000000000000000        0.0000000000000000     
          85           5   0.0000000000000000        0.0000000000000000     
          90           5  -35.076289418185524       -4.4162346660669982     
          95           5  -39.597813084455424       -1.5185095703795781     
           0           6  -41.904380267192010       -3.9602900103741234     
           5           6  -37.821753045688133        7.1813526821351559     
          10           6   0.0000000000000000        0.0000000000000000     
          15           6  -36.193516960283389        4.4675677879180142     
          20           6   0.0000000000000000        0.0000000000000000     
          25           6   0.0000000000000000        0.0000000000000000     
          30           6  -26.868331069938023        6.6662873040401749     
          35           6  -39.518258377881921       -7.2537278861695142     
          40           6  -39.584483731616160       -3.7878829419346616     
          45           6  -35.850890381468048       -5.9824052678880690     
          50           6  -51.388581875215777       -3.5738424165288052     
          55           6   0.0000000000000000        0.0000000000000000     
          60           6  -35.498551563151182       -4.5835270379912529     
          65           6   0.0000000000000000        0.0000000000000000     
          70           6  -43.194104255448451        2.5948855352275757     
          75           6  -38.805343723922192       -3.8479495188514790     
          80           6  -40.614391484652401       -1.5456194799501333     
          85           6   0.0000000000000000        0.0000000000000000     
          90           6  -33.385862689456758        3.6310210650203345     
          95           6  -36.251853493141084       0.38932688926074377     
           0           7   0.0000000000000000        0.0000000000000000     
           5           7  -44.769431038020890       0.45031618641111493     
          10           7  -40.401598509847148       -2.1169554909317156     
          15           7   0.0000000000000000        0.0000000000000000     
          20           7   0.0000000000000000        0.0000000000000000     
          25           7  -43.350722665582708      -0.27043008720362138     
          30           7  -42.204084931221075      -0.10314209567319210     
          35           7  -45.632264393944411        2.9967789086793317     
          40           7  -41.336765850417123       -4.1821167135935866     
          45           7  -46.992558064644641       -2.7243197616488857     
          50           7   0.0000000000000000        0.0000000000000000     
          55           7  -83.069712354522096        4.6640675956854949     
          60           7  -41.971247956489321        2.1968180752240940     
          65           7  -43.342299509347981      -0.48875223967570491     
          70           7   0.0000000000000000        0.0000000000000000     
          75           7  -44.755655397565874       0.58597962555140271     
          80           7  -37.719670582916365        1.7616197580494486     
          85           7  -37.160588076403656        2.2640506834603613     
          90           7  -44.382036659271762        3.5305951111119782     
          95           7  -42.813975394508930        2.4591222109648925     
           0           8   0.0000000000000000        0.0000000000000000     
           5           8   0.0000000000000000        0.0000000000000000     
          10           8  -47.488229787449043       -1.4709048135941316     
          15           8   0.0000000000000000        0.0000000000000000     
          20           8  -44.837977490619352        1.3477592379729231     
          25           8  -50.238343159509924        12.999509032507461     
          30           8  -50.458910680912794        1.2445078853673408     
          35           8   0.0000000000000000        0.0000000000000000     
          40           8   0.0000000000000000        0.0000000000000000     
          45           8  -54.153090561541717       -1.1622171884440036     
          50           8  -39.917707564498528        3.5146300779409501     
          55           8   0.0000000000000000        0.0000000000000000     
          60           8  -36.146728400581196        2.9939508926268843     
          65           8  -44.457905010304444      -0.61869764220290335     
          70           8  -49.156282465148138       -2.9038041127193992     
          75           8   0.0000000000000000        0.0000000000000000     
          80           8   0.0000000000000000        0.0000000000000000     
          85           8   0.0000000000000000        0.0000000000000000     
          90           8   0.0000000000000000        0.0000000000000000     
          95           8   0.0000000000000000        0.0000000000000000     
           0           9  -52.210461836462159       -4.4630785360411096     
           5           9   0.0000000000000000        0.0000000000000000     
          10           9  -52.067491246630127       -6.1512353655857055     
          15           9  -54.433930935084973       -4.0173823860101265     
          20           9   0.0000000000000000        0.0000000000000000     
          25           9   0.0000000000000000        0.0000000000000000     
          30           9  -51.496148835230571        3.3236314586915228     
          35           9  -54.057095200903404       -3.2675475220855787     
          40           9  -49.632888042125956       -2.2621614639817267     
          45           9  -53.087487249001697        1.6589088330043467     
          50           9   0.0000000000000000        0.0000000000000000     
          55           9  -45.768666583825279       -4.0378514256467213     
          60           9  -45.879797543229017        4.1685727923024274     
          65           9  -48.994751832580619       0.11563277741544198     
          70           9  -48.960638556039271        3.9968812693746969     
          75           9  -47.411747663730353       -5.0059717283268412     
          80           9  -49.483387500330878        1.3871003724119646     
          85           9  -45.409039843278265       -2.5294018089994097     
          90           9  -44.477247282159738        9.0946748647979803     
          95           9  -51.199442727281053       -2.2968782120003084     
           0          10  -51.725601274637540       -1.3836315821436074     
           5          10  -56.690037359925505       -3.0850673048377075     
          10          10  -53.174899322678826       -1.1924613852087873     
          15          10  -46.232518242428355        4.8337459044311970     
          20          10  -50.734202298166053       -1.5977520055265870     
          25          10   0.0000000000000000        0.0000000000000000     
          30          10  -53.889463060254883       0.22589623629443167     
          35          10  -46.341575957882242        2.0456943459912225     
          40          10  -51.815163888875304        1.0269576669053038     
          45          10  -52.934839060512218        3.2321474376928450     
          50          10  -49.682983373422474        3.9763685844107499     
          55          10   0.0000000000000000        0.0000000000000000     
          60          10   0.0000000000000000        0.0000000000000000     
          65          10  -49.231826844433613      -0.73294876901996986     
          70          10   0.0000000000000000        0.0000000000000000     
          75          10  -52.470174788155077       -1.9686636698956761     
          80          10  -51.024791239839828        2.1622937174647916     
          85          10  -102.20107007583579        7.5156249031671507     
          90          10  -48.578645698498235        2.3948125243755669     
          95          10  -53.027359268753571        3.5017470725318134     
           0          11  -57.140806916158859        1.2357681258734488     
           5          11   0.0000000000000000        0.0000000000000000     
          10          11  -52.061329245089993       -1.4221944458547853     
          15          11   0.0000000000000000        0.0000000000000000     
          20          11  -54.550005820726000        1.7852481336966264     
          25          11  -57.701878614917490      -0.33330137377163283     
          30          11   0.0000000000000000        0.0000000000000000     
          35          11  -55.245315550180862        2.8948221975788613     
          40          11  -52.023817010038442        3.5508939895478875     
          45          11  -54.129429570650700       0.43645787597412777     
          50          11  -51.948533962438148        1.0030068650124235     
          55          11  -105.06418445984878       -5.1742918725139475     
          60          11  -52.917432444630208       0.81819130835825149     
          65          11  -50.931224348218507        1.1212229295587406     
          70          11  -52.491147116242587       -2.5955677792843801     
          75          11  -102.54691363421387       -1.5017768005254339     
          80          11  -48.632900660692258        2.5294607099901611     
          85          11   0.0000000000000000        0.0000000000000000     
          90          11  -53.631372324431936        3.8315516283837781     
          95          11   0.0000000000000000        0.0000000000000000     
           0          12  -57.989546208734865       -2.5385681737866150     
           5          12  -53.870105677584768       -1.3283484113024713     
          10          12  -59.205084417088827       -1.3448082049549726     
          15          12  -57.817543203286803      -0.63053176177163550     
          20          12  -54.021139719200306      -0.70972585760387119     
          25          12  -52.399020354929604       -2.7413391840802603     
          30          12  -51.841594032904226        2.5423695183235395     
          35          12   0.0000000000000000        0.0000000000000000     
          40          12   0.0000000000000000        0.0000000000000000     
          45          12   0.0000000000000000        0.0000000000000000     
          50          12  -55.311450665271877      -0.28774944343723519     
          55          12  -53.114580260142930       -1.6176672420087357     
          60          12  -54.423556407741103      -0.74373972751118345     
          65          12  -52.933651313438190        2.2587100952620176     
          70          12  -56.306731041289027      -0.79679887024397544     
          75          12  -54.091705205010499        4.5919796487581266     
          80          12   0.0000000000000000        0.0000000000000000     
          85          12   0.0000000000000000        0.0000000000000000     
          90          12  -53.977434361272003       -3.3808493025944131     
          95          12  -56.582639681366231       -1.0960173685958807     
           0          13   0.0000000000000000        0.0000000000000000     
           5          13  -55.656650636941585      -0.55506179256425980     
          10          13   0.0000000000000000        0.0000000000000000     
          15          13  -57.302519626327708       -1.4418398865245763     
          20          13  -48.241558832220477        2.5664615114351363     
          25          13  -61.805287406659914       -1.5713118180116226     
          30          13  -61.449269861331146        1.9668621802360065     
          35          13  -54.537110615342499       -1.6901187277795771     
          40          13  -58.889363632914637       -1.7600216245838851     
          45          13  -53.740952746039738       -1.2747006424973506     
          50          13  -60.475059205415960       -1.1688047934121926     
          55          13   0.0000000000000000        0.0000000000000000     
          60          13   0.0000000000000000        0.0000000000000000     
          65          13   0.0000000000000000        0.0000000000000000     
          70          13  -59.470413156716972       -2.6722429162617800     
          75          13  -54.950361255379221        1.4780335364061870     
          80          13  -56.714232960644040        5.4167906700630652     
          85          13  -56.025817641227604        3.8109799549612688     
          90          13   0.0000000000000000        0.0000000000000000     
          95          13  -57.295956891394439       0.25435301388654352     
           0          14  -58.524128628493763      -0.52838504958074850     
           5          14   0.0000000000000000        0.0000000000000000     
          10          14   0.0000000000000000        0.0000000000000000     
          15          14   0.0000000000000000        0.0000000000000000     
          20          14   0.0000000000000000        0.0000000000000000     
          25          14   0.0000000000000000        0.0000000000000000     
          30          14   0.0000000000000000        0.0000000000000000     
          35          14   0.0000000000000000        0.0000000000000000     
          40          14   0.0000000000000000        0.0000000000000000     
          45          14  -55.050465684587380       -2.0818038754111257     
          50          14   0.0000000000000000        0.0000000000000000     
          55          14  -57.743480758460919       -1.6764158392490458     
          60          14  -59.167712512007142       0.60609112264131682     
          65          14  -55.963510877816702        3.3835758547517969     
          70          14   0.0000000000000000        0.0000000000000000     
          75          14   0.0000000000000000        0.0000000000000000     
          80          14  -56.109650012956536        1.5773557203235811     
          85          14  -59.798185251977998       -1.4665261539903440     
          90          14  -59.273008060998222       -2.4498904734748805     
          95          14   0.0000000000000000        0.0000000000000000     
           0          15   0.0000000000000000        0.0000000000000000     
           5          15  -53.748934132982207       -1.0185092765091497     
          10          15  -62.047744857194331       0.99897199085319244     
          15          15   0.0000000000000000        0.0000000000000000     
          20          15  -57.577909471202560       -2.2995960400429283     
          25          15   0.0000000000000000        0.0000000000000000     
          30          15   0.0000000000000000        0.0000000000000000     
          35          15   0.0000000000000000        0.0000000000000000     
          40          15  -60.414708351004265       0.25493717652480541     
          45          15  -61.272395185127948       0.88515685318313331     
          50          15  -110.58541511481224       -6.3298805308864559     
          55          15   0.0000000000000000        0.0000000000000000     
          60          15  -60.559971171514348       0.77889885753634758     
          65          15   0.0000000000000000        0.0000000000000000     
          70          15  -58.630001517414598        1.5599194449578135     
          75          15  -57.200680507563106       -4.3328337313042198     
          80          15  -58.167616667006428       -2.0287745342351116     
          85          15   0.0000000000000000        0.0000000000000000     
          90          15   0.0000000000000000        0.0000000000000000     
          95          15  -58.736102100809262        1.6522315061706649     
           0          16  -58.369990865773651        1.7962775481628057     
           5          16   0.0000000000000000        0.0000000000000000     
          10          16   0.0000000000000000        0.0000000000000000     
          15          16   0.0000000000000000        0.0000000000000000     
          20          16   0.0000000000000000        0.0000000000000000     
          25          16   0.0000000000000000        0.0000000000000000     
          30          16   0.0000000000000000        0.0000000000000000     
          35          16   0.0000000000000000        0.0000000000000000     
          40          16   0.0000000000000000        0.0000000000000000     
          45          16   0.0000000000000000        0.0000000000000000     
          50          16  -53.656413258487134       -1.2567298460197662     
          55          16  -60.919233042184828       0.13262095921007244     
          60          16  -58.833327332905583       -1.6258796744317294     
          65          16  -58.114808882052671      -0.53151763621528403     
          70          16   0.0000000000000000        0.0000000000000000     
          75          16   0.0000000000000000        0.0000000000000000     
          80          16   0.0000000000000000        0.0000000000000000     
          85          16  -59.820405450281555      -0.67842673734830328     
          90          16  -58.464909935409537        1.5280301024311882     
          95          16   0.0000000000000000        0.0000000000000000     
