           0           0   0.0000000000000000        0.0000000000000000     
           5           0   0.0000000000000000        0.0000000000000000     
          10           0   0.0000000000000000        0.0000000000000000     
          15           0   0.0000000000000000        0.0000000000000000     
          20           0   0.0000000000000000        0.0000000000000000     
          25           0   0.0000000000000000        0.0000000000000000     
          30           0   0.0000000000000000        0.0000000000000000     
          35           0   0.0000000000000000        0.0000000000000000     
          40           0   0.0000000000000000        0.0000000000000000     
          45           0   0.0000000000000000        0.0000000000000000     
          50           0   0.0000000000000000        0.0000000000000000     
          55           0   0.0000000000000000        0.0000000000000000     
          60           0   0.0000000000000000        0.0000000000000000     
          65           0   0.0000000000000000        0.0000000000000000     
          70           0   0.0000000000000000        0.0000000000000000     
          75           0   0.0000000000000000        0.0000000000000000     
          80           0   0.0000000000000000        0.0000000000000000     
          85           0   0.0000000000000000        0.0000000000000000     
          90           0   0.0000000000000000        0.0000000000000000     
          95           0   0.0000000000000000        0.0000000000000000     
           0           1  -11.116678178159090       0.89558326933358856     
           5           1   0.0000000000000000        0.0000000000000000     
          10           1   0.0000000000000000        0.0000000000000000     
          15           1   0.0000000000000000        0.0000000000000000     
          20           1   0.0000000000000000        0.0000000000000000     
          25           1  -14.047411704449786       -7.0273263264664099     
          30           1   0.0000000000000000        0.0000000000000000     
          35           1  0.37117444840362168        2.7562968964389700     
          40           1   0.0000000000000000        0.0000000000000000     
          45           1   3.3518927539688548      -0.19863858145785507     
          50           1  -20.501243547101922        5.8524709980722900     
          55           1   0.0000000000000000        0.0000000000000000     
          60           1  -3.8229616348672835       -7.0269656506272149     
          65           1   0.0000000000000000        0.0000000000000000     
          70           1   0.0000000000000000        0.0000000000000000     
          75           1   0.0000000000000000        0.0000000000000000     
          80           1  -20.041492195801425      -0.86225006611706512     
          85           1  -8.9222343411421434        3.1827158766983832     
          90           1   0.0000000000000000        0.0000000000000000     
          95           1  0.39058854930829057        8.8346039921871622     
           0           2   0.0000000000000000        0.0000000000000000     
           5           2   0.0000000000000000        0.0000000000000000     
          10           2  -12.707750749791913        2.4796939638216386     
          15           2   0.0000000000000000        0.0000000000000000     
          20           2  -18.963351586247512        14.645653476401677     
          25           2   0.0000000000000000        0.0000000000000000     
          30           2  -16.926799824616978       -4.6211317233768590     
          35           2  -12.216953895425320       -1.1376343958136026     
          40           2  -9.6214566626429132        3.4453218351737647     
          45           2   0.0000000000000000        0.0000000000000000     
          50           2   0.0000000000000000        0.0000000000000000     
          55           2  -21.167293449408930        4.7207051823061619     
          60           2   0.0000000000000000        0.0000000000000000     
          65           2  -22.745301669218065       -10.329105604243161     
          70           2   0.0000000000000000        0.0000000000000000     
          75           2  -19.247106413686765       -4.3881595408068463     
          80           2  -12.618260649972513       -1.4620329798287202     
          85           2   0.0000000000000000        0.0000000000000000     
          90           2   0.0000000000000000        0.0000000000000000     
          95           2   0.0000000000000000        0.0000000000000000     
           0           3  -35.105838877980688       -3.2303871414018914     
           5           3  -28.714420254218886        4.2803549568759536     
          10           3   0.0000000000000000        0.0000000000000000     
          15           3   0.0000000000000000        0.0000000000000000     
          20           3   0.0000000000000000        0.0000000000000000     
          25           3  -35.441757847802791        1.9624417594954480     
          30           3   0.0000000000000000        0.0000000000000000     
          35           3  -28.517931249822936      -0.10388467502453480     
          40           3  -25.918081182965125      -0.24618719065561123     
          45           3  -15.534348061123637       0.44260974074283865     
          50           3  -23.034576229576942        2.0177344134575392     
          55           3  -16.312400664375559        5.4260550142748443     
          60           3   0.0000000000000000        0.0000000000000000     
          65           3  -17.813325268818403       -3.8024633260880236     
          70           3  -25.496218739604615       -3.0164696353707221     
          75           3   0.0000000000000000        0.0000000000000000     
          80           3   0.0000000000000000        0.0000000000000000     
          85           3  -19.472142160381622       -11.385854914482962     
          90           3  -31.674501300429370       -3.7713841686626282     
          95           3  -26.714223009562943       -3.9444020297496607     
           0           4  -37.591223556602827        4.1711371617036974     
           5           4   0.0000000000000000        0.0000000000000000     
          10           4  -30.384848915341323        2.8518621992823512     
          15           4  -43.400003500586593       -7.8723123895230174E-002
          20           4  -24.888216422755960        14.801091134319933     
          25           4  -26.898695845485321       0.67061876711349555     
          30           4  -20.110840897569204        15.259037390764618     
          35           4   0.0000000000000000        0.0000000000000000     
          40           4   0.0000000000000000        0.0000000000000000     
          45           4  -26.687018875435342       -1.4132545043477052     
          50           4  -32.472122931110903       -3.8032802362319984     
          55           4  -30.796978575153844       -6.5122513650095470     
          60           4  -21.764066315910213        3.8072772804120802     
          65           4   0.0000000000000000        0.0000000000000000     
          70           4  -29.938373753921610       -5.6875605731843137     
          75           4  -28.759811097955890       -9.4757795166344749     
          80           4  -21.815925714108175       -2.5357430036443418     
          85           4   0.0000000000000000        0.0000000000000000     
          90           4  -28.740219006166967       0.64387831532286555     
          95           4   0.0000000000000000        0.0000000000000000     
           0           5  -37.840984680028718       -5.6118814430039521     
           5           5  -25.882454379924091      -0.99497574112206166     
          10           5  -38.787923630936305       0.55697742489257962     
          15           5  -38.746157888853716       -4.7166616197902300     
          20           5  -31.088670902033044       -3.0161159823105521     
          25           5   0.0000000000000000        0.0000000000000000     
          30           5   0.0000000000000000        0.0000000000000000     
          35           5   0.0000000000000000        0.0000000000000000     
          40           5  -34.505858135318590       -2.1439270612599870     
          45           5   0.0000000000000000        0.0000000000000000     
          50           5   0.0000000000000000        0.0000000000000000     
          55           5   0.0000000000000000        0.0000000000000000     
          60           5  -32.904147667025541       -4.4287944859000561     
          65           5  -31.227278766650102       -4.6579911468658253     
          70           5  -36.536683191528141       -1.7584210617282992     
          75           5  -34.064687486718981      -0.94690115348239345     
          80           5  -28.847307734451988       -2.4814080097312896     
          85           5   0.0000000000000000        0.0000000000000000     
          90           5   0.0000000000000000        0.0000000000000000     
          95           5  -25.702105670220021        5.6874991710120781     
           0           6   0.0000000000000000        0.0000000000000000     
           5           6  -39.494666639412479       -3.5495325905365860     
          10           6   0.0000000000000000        0.0000000000000000     
          15           6   0.0000000000000000        0.0000000000000000     
          20           6  -36.330548091765280       -4.0603824277596345     
          25           6  -39.368778530253223        3.4633257658800431     
          30           6  -18.415569472391979        11.567074999865312     
          35           6  -38.419549501895744        6.2346982509220439     
          40           6   0.0000000000000000        0.0000000000000000     
          45           6   0.0000000000000000        0.0000000000000000     
          50           6  -38.044173048916718       -7.1879536399510613     
          55           6  -42.957372343295219       -3.4092624634141089     
          60           6  -70.251503037610519       -3.0383134073641571     
          65           6  -44.139872336685926       -1.2971886299073532     
          70           6   0.0000000000000000        0.0000000000000000     
          75           6  -40.259568056626449        5.0251593509864634     
          80           6  -32.261878689467949       -2.3889653814590517     
          85           6  -35.368142190463914       -4.3152151771197467     
          90           6  -38.994299361476692       -3.7298123681672735     
          95           6   0.0000000000000000        0.0000000000000000     
           0           7  -35.644586871414297       -6.4188818505472867     
           5           7  -37.504234328831210       -2.6250126681848229     
          10           7  -32.963688908109745       0.21381464299530251     
          15           7   0.0000000000000000        0.0000000000000000     
          20           7   0.0000000000000000        0.0000000000000000     
          25           7  -47.941759711971343       -7.0120750598956505     
          30           7   0.0000000000000000        0.0000000000000000     
          35           7   0.0000000000000000        0.0000000000000000     
          40           7  -40.220645782085285       -3.5077740630828913     
          45           7   0.0000000000000000        0.0000000000000000     
          50           7   0.0000000000000000        0.0000000000000000     
          55           7   0.0000000000000000        0.0000000000000000     
          60           7  -41.786443171574206        3.5146580457112719     
          65           7   0.0000000000000000        0.0000000000000000     
          70           7  -40.399497946097540       -2.5226574846293204     
          75           7   0.0000000000000000        0.0000000000000000     
          80           7  -43.509801490912992       -5.6734259184043623     
          85           7  -39.587994415839489       0.65134464555249849     
          90           7  -49.523540952307599       -5.9639241469078286     
          95           7  -36.330857693442908       -1.0164856845840120     
           0           8  -40.953020394087488       -1.5087900965937706     
           5           8   0.0000000000000000        0.0000000000000000     
          10           8  -43.707216664676807        1.0068584054501173     
          15           8  -33.710194260292425        1.6543860312978609     
          20           8  -44.105976666184432       -1.5852546027339542     
          25           8   0.0000000000000000        0.0000000000000000     
          30           8  -43.974270495237278        1.4528868013030660     
          35           8   0.0000000000000000        0.0000000000000000     
          40           8  -44.340842454246854       -5.2010847494088353     
          45           8  -41.106315957648576       -1.8606762224138151     
          50           8  -31.722906712730037        2.1449079721147513     
          55           8  -43.514066257870354        15.151033244178436     
          60           8   0.0000000000000000        0.0000000000000000     
          65           8  -40.404585808246907        4.7722083971990514     
          70           8  -42.355575361270326        1.4127472164737753     
          75           8  -30.776087580264289       -3.1782561615045779     
          80           8  -45.286333316809646       0.65594848407179995     
          85           8   0.0000000000000000        0.0000000000000000     
          90           8   0.0000000000000000        0.0000000000000000     
          95           8  -43.840584181751296       -4.8719601329416662     
           0           9  -96.439295358918400       -8.2457748158581978     
           5           9  -45.477175545056703       -4.1224845558573975     
          10           9  -45.615413734916288       -4.2824755127490732     
          15           9  -42.054278425949221        5.9168661590724980     
          20           9  -45.122976413392024        2.0535190305359663     
          25           9  -42.427787202026224        3.1629976006719573     
          30           9   0.0000000000000000        0.0000000000000000     
          35           9  -43.459786567865422       -2.5918363893318030     
          40           9  -42.895752732405867        3.9020407951895208     
          45           9   0.0000000000000000        0.0000000000000000     
          50           9  -42.715962944015473        1.3742103512193182     
          55           9  -49.025137362690430        5.1441276925423551     
          60           9   0.0000000000000000        0.0000000000000000     
          65           9  -45.453585919474904        5.2712758992967679     
          70           9  -46.549053312361366        7.8544792086976400     
          75           9  -44.827632862691758        4.0678841855168457     
          80           9  -47.640279658835993       -1.5757573739527686     
          85           9  -45.995163314884735      -0.80809958790339920     
          90           9   0.0000000000000000        0.0000000000000000     
          95           9   0.0000000000000000        0.0000000000000000     
           0          10  -52.075388184253178       -1.2423953980977842     
           5          10  -94.279024187136073       0.42323910307118240     
          10          10   0.0000000000000000        0.0000000000000000     
          15          10  -48.594005718856081        4.8159902578071012     
          20          10  -50.297922483846236      -0.68173895122924932     
          25          10  -50.405441107042037        1.7105942481876468     
          30          10  -52.749001499723391      -0.71977145820412147     
          35          10   0.0000000000000000        0.0000000000000000     
          40          10  -44.918656281254243        2.5491148121936646     
          45          10  -47.354846981022547        1.5332053342653751     
          50          10  -46.562740250735146       0.52552880323020190     
          55          10   0.0000000000000000        0.0000000000000000     
          60          10  -46.714013991540071       0.18196612762366726     
          65          10  -48.852343254921493        3.5517374921134603     
          70          10  -52.561289462715877       -3.0118614998908555     
          75          10  -51.562304225640787       -3.9117600015714515     
          80          10  -51.272342304216068        2.5787553602008018     
          85          10   0.0000000000000000        0.0000000000000000     
          90          10  -45.464737094604857       -2.3198891405584732     
          95          10   0.0000000000000000        0.0000000000000000     
           0          11  -52.878570946490179       0.70359105396988753     
           5          11  -53.119861020234360       -2.2894635907455552     
          10          11  -46.900337582114204       0.70020179311569564     
          15          11  -55.313882654610680       0.78896277464934883     
          20          11   0.0000000000000000        0.0000000000000000     
          25          11  -49.686161405251283        3.1309433516746310     
          30          11  -50.526534366799325        4.1711556338874800     
          35          11  -50.688869772912426        2.6108080913367360     
          40          11  -53.628908491560878       -4.9142318108330585     
          45          11   0.0000000000000000        0.0000000000000000     
          50          11   0.0000000000000000        0.0000000000000000     
          55          11  -52.527883463113767      -0.20633699401528816     
          60          11  -54.007138721274828      -0.60818516257832300     
          65          11  -49.057237945220322      -0.32359515421909180     
          70          11  -51.269531616284780        2.1421630923335044     
          75          11  -52.038636153710627       0.21374134298923764     
          80          11   0.0000000000000000        0.0000000000000000     
          85          11  -52.868493382121073       -2.3196218451282391     
          90          11  -48.140883433305248        2.5269350834733473     
          95          11  -51.496138163216187      -0.62029132495311501     
           0          12  -52.487087609182147       0.78355792473061570     
           5          12  -54.086601133191969       -2.2299159268790447     
          10          12  -48.821379513190877        7.9004050359543498E-002
          15          12   0.0000000000000000        0.0000000000000000     
          20          12  -51.553034634981287       0.17530118636699399     
          25          12  -51.355036675353460       -4.4716461706784116E-002
          30          12  -54.660917130870956       -1.0792675224102766     
          35          12  -56.261615130637210       -1.5647026556031562     
          40          12  -51.700135521031143        3.4482209381359041     
          45          12  -52.173447972840847      -0.80703240287860467     
          50          12  -48.075999863854690        3.3492278564750677     
          55          12  -53.910541402188983        3.0497468431534003     
          60          12  -50.259233646912094        1.9046506501929628     
          65          12  -57.689155433209294       -5.8114532991382362     
          70          12   0.0000000000000000        0.0000000000000000     
          75          12  -51.564711565603716       -1.1541843791817996     
          80          12  -48.676677996652984        6.9320427087404823E-002
          85          12  -50.907134841295942        2.6710266521234871     
          90          12  -52.318829175916903       -4.1962014230456646     
          95          12  -56.270499440458366        3.6349980702077289     
           0          13  -57.078293686337318       -1.6345125192174237     
           5          13  -55.821528935475762        1.5421300272677740     
          10          13  -51.895929374046190       0.72733822788606517     
          15          13  -54.003132107043328       -2.7038601776219195     
          20          13  -53.019592194676335        1.5987470174927410     
          25          13  -56.924678654031169        3.0774263587307615     
          30          13   0.0000000000000000        0.0000000000000000     
          35          13  -57.082695144075046       0.55083992764437539     
          40          13   0.0000000000000000        0.0000000000000000     
          45          13   0.0000000000000000        0.0000000000000000     
          50          13  -49.997323562820384       0.37620940993576824     
          55          13  -51.815417848857237       0.47513415639244272     
          60          13  -53.356046562278436       0.87979373535773675     
          65          13  -52.519523047251937        1.1637945703313335     
          70          13  -55.919815856029231        1.9980956693466112     
          75          13   0.0000000000000000        0.0000000000000000     
          80          13  -55.667557948524404        4.0417092571409796     
          85          13  -56.176780130314796       -3.8070550271385173     
          90          13  -58.815723511074225       0.58287833693881907     
          95          13   0.0000000000000000        0.0000000000000000     
           0          14  -55.573575770482620        1.8579865363577142     
           5          14   0.0000000000000000        0.0000000000000000     
          10          14  -58.240208093947032        2.7162834847338502     
          15          14  -52.993790332740431        1.7936791029526944     
          20          14   0.0000000000000000        0.0000000000000000     
          25          14  -54.655992277243826        3.5395819029560016     
          30          14  -58.713689249696444       -2.2655115273018112     
          35          14   0.0000000000000000        0.0000000000000000     
          40          14  -55.299142996290129        3.5818471819126785     
          45          14  -51.496367161547596        7.7494943781175607     
          50          14   0.0000000000000000        0.0000000000000000     
          55          14  -52.553634644212366       -4.7979037195311491     
          60          14  -52.757691580893606       -1.1013066452036924     
          65          14   0.0000000000000000        0.0000000000000000     
          70          14  -56.369573402648143       -3.2489726345197312     
          75          14   0.0000000000000000        0.0000000000000000     
          80          14  -57.999155030685756       -1.9464320793538548     
          85          14   0.0000000000000000        0.0000000000000000     
          90          14   0.0000000000000000        0.0000000000000000     
          95          14  -57.801448020953217       -1.8780520293759650     
           0          15   0.0000000000000000        0.0000000000000000     
           5          15  -55.676625303271443       0.41520919026538650     
          10          15   0.0000000000000000        0.0000000000000000     
          15          15  -57.766019734026841        3.0227056511300532     
          20          15  -56.448206756716246        2.3930919227055369     
          25          15   0.0000000000000000        0.0000000000000000     
          30          15   0.0000000000000000        0.0000000000000000     
          35          15  -53.982858258763144        3.1192888715914080     
          40          15   0.0000000000000000        0.0000000000000000     
          45          15   0.0000000000000000        0.0000000000000000     
          50          15  -56.458066354849734      -0.10804683043375007     
          55          15  -62.954497360081518       -2.4833533984924827     
          60          15  -51.460097987074960        2.4217730830145001     
          65          15   0.0000000000000000        0.0000000000000000     
          70          15  -51.629356210796118       0.82118903602435012     
          75          15  -50.793103384805249       0.70462095573375905     
          80          15   0.0000000000000000        0.0000000000000000     
          85          15  -58.796966249730076      -0.71627704960164351     
          90          15  -54.651771750897638        3.2072378429148785     
          95          15   0.0000000000000000        0.0000000000000000     
           0          16   0.0000000000000000        0.0000000000000000     
           5          16   0.0000000000000000        0.0000000000000000     
          10          16   0.0000000000000000        0.0000000000000000     
          15          16   0.0000000000000000        0.0000000000000000     
          20          16  -44.928891817210825       -2.8939228910296322     
          25          16   0.0000000000000000        0.0000000000000000     
          30          16   0.0000000000000000        0.0000000000000000     
          35          16   0.0000000000000000        0.0000000000000000     
          40          16   0.0000000000000000        0.0000000000000000     
          45          16  -57.308625101839539        7.9791687706709524     
          50          16   0.0000000000000000        0.0000000000000000     
          55          16   0.0000000000000000        0.0000000000000000     
          60          16   0.0000000000000000        0.0000000000000000     
          65          16   0.0000000000000000        0.0000000000000000     
          70          16   0.0000000000000000        0.0000000000000000     
          75          16   0.0000000000000000        0.0000000000000000     
          80          16   0.0000000000000000        0.0000000000000000     
          85          16   0.0000000000000000        0.0000000000000000     
          90          16   0.0000000000000000        0.0000000000000000     
          95          16   0.0000000000000000        0.0000000000000000     
