           0           0   0.0000000000000000        0.0000000000000000     
           5           0   0.0000000000000000        0.0000000000000000     
          10           0   0.0000000000000000        0.0000000000000000     
          15           0   0.0000000000000000        0.0000000000000000     
          20           0   0.0000000000000000        0.0000000000000000     
          25           0   0.0000000000000000        0.0000000000000000     
          30           0   0.0000000000000000        0.0000000000000000     
          35           0   0.0000000000000000        0.0000000000000000     
          40           0   0.0000000000000000        0.0000000000000000     
          45           0   0.0000000000000000        0.0000000000000000     
          50           0   0.0000000000000000        0.0000000000000000     
          55           0   0.0000000000000000        0.0000000000000000     
          60           0   0.0000000000000000        0.0000000000000000     
          65           0   0.0000000000000000        0.0000000000000000     
          70           0   0.0000000000000000        0.0000000000000000     
          75           0   0.0000000000000000        0.0000000000000000     
          80           0   0.0000000000000000        0.0000000000000000     
          85           0   0.0000000000000000        0.0000000000000000     
          90           0   0.0000000000000000        0.0000000000000000     
          95           0   0.0000000000000000        0.0000000000000000     
           0           1 -0.40113151929310753       -8.9848730400188259E-002
           5           1 -0.44044005766075145       0.22546461079686608     
          10           1 -0.39784453744751147       -9.0290857146513304E-002
          15           1 -0.43738072053933763       0.22655663017290273     
          20           1 -0.39566342088903639       -8.9884797344064182E-002
          25           1 -0.43803569587552715       0.22591695478579865     
          30           1 -0.39827367483979970       -9.1301416701439209E-002
          35           1 -0.43899557748972029       0.23161911253732903     
          40           1 -0.39191095233093165       -8.5458482971256799E-002
          45           1 -0.43080220262226021       0.22275925689041465     
          50           1 -0.40243163009989757       -9.4770629619489455E-002
          55           1 -0.45062370901405302       0.23441574444449387     
          60           1 -0.42296731031399304       -8.1870695287644679E-002
          65           1 -0.44993733915532630       0.22794356666855364     
          70           1 -0.41731692469682002       -9.5795907412155046E-002
          75           1 -0.45913585296375459       0.23636745951405302     
          80           1 -0.40805278011646351       -9.4664724085147256E-002
          85           1 -0.45099327046216331       0.23162768027606973     
          90           1 -0.40913164838229932       -9.2816471735091000E-002
          95           1 -0.44463558936058689       0.22811013250967349     
           0           2 -0.35057090698731308       -5.8785419325690924E-002
           5           2 -0.34789934391099564      -0.11956967312043432     
          10           2 -0.34438811237436084       -5.8047932198768137E-002
          15           2 -0.34373098274365077      -0.11446531351433364     
          20           2 -0.34362167008694655       -5.8228503072577098E-002
          25           2 -0.34232307358550429      -0.12047559489802850     
          30           2 -0.34443773630599139       -5.9802715781653859E-002
          35           2 -0.34934498913230527      -0.11182214867844209     
          40           2 -0.34941436020119454       -5.9218655665826958E-002
          45           2 -0.35039446505180649      -0.10707566594048146     
          50           2 -0.35532283781947172       -6.8089285758521356E-002
          55           2 -0.36036822347540465      -0.11860194951252012     
          60           2 -0.38343797278628244       -6.0055915598322684E-002
          65           2 -0.39658990090174484      -0.10312746014484730     
          70           2 -0.40562761562057403       -8.8209470232580856E-002
          75           2 -0.37637632892995043      -0.12258950934374013     
          80           2 -0.35571607988060805       -6.3440001210057773E-002
          85           2 -0.35637334093507889      -0.11958421698876620     
          90           2 -0.35487263467359753       -5.9910974969934472E-002
          95           2 -0.35377390069868397      -0.11962090920691892     
           0           3 -0.35481898484790442      -0.12006777876827357     
           5           3 -0.35035062224686442      -0.12026077246929390     
          10           3 -0.34858414450944508      -0.12064045531667844     
          15           3 -0.34751745369376863      -0.11401892902940247     
          20           3 -0.34618994092738831      -0.12169843070397590     
          25           3 -0.34537308492232910      -0.11895346035073473     
          30           3 -0.34813888717621921      -0.12082997974394161     
          35           3 -0.34803803352190243      -0.11168935153182957     
          40           3 -0.34869753786637148      -0.10570761952211072     
          45           3 -0.34985501116580053      -0.10932210027680966     
          50           3 -0.35469714621427784      -0.11717021905610636     
          55           3 -0.35654729988010558      -0.11990578094200899     
          60           3 -0.37726867521570284      -0.10030180841669178     
          65           3 -0.38522341917257563      -0.11021673123279285     
          70           3 -0.39368072940249021       -9.4403599895098722E-002
          75           3 -0.36276936825174744      -0.13001246287114299     
          80           3 -0.35700348277600824      -0.12501087158556246     
          85           3 -0.35686439709081696      -0.11905151147129089     
          90           3 -0.35520744283701333      -0.12041194841216907     
          95           3 -0.35413059613631503      -0.12128691618373821     
           0           4 -0.69798479223531773      -0.25128173005928289     
           5           4 -0.69221288225396194      -0.24206299909845796     
          10           4 -0.69301195600779408      -0.24879805582855852     
          15           4 -0.69291875027133187      -0.23331240296187161     
          20           4 -0.69157890134619038      -0.24335543766795809     
          25           4 -0.69392486372166218      -0.23663348994062972     
          30           4 -0.69802456414080893      -0.24114447585876775     
          35           4 -0.69957135373499568      -0.22489136858094838     
          40           4 -0.68867280297979505      -0.22192198553039333     
          45           4 -0.68876953548624442      -0.21408124557087405     
          50           4 -0.69815365907999194      -0.23600857097072492     
          55           4 -0.69892683175254433      -0.23567544142899521     
          60           4 -0.73472503636651254      -0.22734420298320401     
          65           4 -0.74466568790398924      -0.20916071597376629     
          70           4 -0.72901962298033141      -0.22502290826675875     
          75           4 -0.71662355139778811      -0.25066501696535681     
          80           4 -0.71586597265138607      -0.24948478258846052     
          85           4 -0.70816313289867594      -0.23532117090940829     
          90           4 -0.70656426132131855      -0.24671930690889354     
          95           4 -0.70006138386702332      -0.24232578268890137     
           0           5 -0.34229446893303817      -0.12532410643473213     
           5           5 -0.33950400381232981      -0.12809556872550587     
          10           5 -0.33892912060018432      -0.12367385077372006     
          15           5 -0.33902280984321465      -0.12788272099495401     
          20           5 -0.34047008929505296      -0.11977109073413317     
          25           5 -0.34255911733893640      -0.12096397536520698     
          30           5 -0.34516514466176318      -0.11810631701525409     
          35           5 -0.34650713121919807      -0.11421454122029218     
          40           5 -0.34195615668863866      -0.11070753528130695     
          45           5 -0.33974389499036306      -0.11421143363055108     
          50           5 -0.33995567918054803      -0.11449207723668309     
          55           5 -0.34736181913075370      -0.12383335735943746     
          60           5 -0.35349219903224594      -0.11027823390463709     
          65           5 -0.35426645510483468      -0.13386107526436319     
          70           5 -0.34895908953558319      -0.10709634975736293     
          75           5 -0.34868741074944865      -0.12656856106740833     
          80           5 -0.35402887924362858      -0.12192058744364687     
          85           5 -0.35153808212839976      -0.12328741376688157     
          90           5 -0.34921786898678420      -0.12378358319686811     
          95           5 -0.34204187535635810      -0.13147077896569215     
           0           6 -0.33606098681471241      -0.13007851754842648     
           5           6 -0.33497889306843831      -0.13180948215119059     
          10           6 -0.33204295793787253      -0.12567525047746386     
          15           6 -0.33300718485840264      -0.12898083357804069     
          20           6 -0.33085616598427237      -0.12089273949467128     
          25           6 -0.33951129211118314      -0.12256074744421142     
          30           6 -0.34241355931996509      -0.11642256721788868     
          35           6 -0.34257314226238123      -0.11754532291519126     
          40           6 -0.33812965810398055      -0.11285878604105903     
          45           6 -0.33327761940427081      -0.11834896770146486     
          50           6 -0.33212609366728429      -0.11592534278292987     
          55           6 -0.34908275452494308      -0.12289274178289844     
          60           6 -0.34735686700315682      -0.11434874526816685     
          65           6 -0.33180843971081231      -0.14516221402693930     
          70           6 -0.33840423903086503      -0.11011290780515992     
          75           6 -0.34197874789754223      -0.12784959919187600     
          80           6 -0.34328696159491301      -0.12234138103472958     
          85           6 -0.34195846538409569      -0.13309677159067945     
          90           6 -0.34209014167174701      -0.12992228619168600     
          95           6 -0.33723515841188600      -0.13411337335345053     
           0           7 -0.33160829609420184      -0.13716965741039644     
           5           7 -0.32981199465709210      -0.12876072708056796     
          10           7 -0.32677655351420754      -0.13449073816396151     
          15           7 -0.32844140485543960      -0.12815488627637706     
          20           7 -0.33176448864580266      -0.13164239293317337     
          25           7 -0.33037451657946804      -0.12001444160247843     
          30           7 -0.33938243344522334      -0.12192776923658499     
          35           7 -0.33578239641229857      -0.11486886152045628     
          40           7 -0.33622550439815768      -0.11989580735782823     
          45           7 -0.33045603618830910      -0.11818763087312334     
          50           7 -0.32630293610225181      -0.12377277669450848     
          55           7 -0.33869049602230916      -0.11763955608756760     
          60           7 -0.33028107615962199      -0.13295629296639078     
          65           7 -0.31828213707285613      -0.13454156108760884     
          70           7 -0.32561553588550396      -0.13176407299031467     
          75           7 -0.33091076772961969      -0.11952941611159673     
          80           7 -0.33170475632005036      -0.13830941140380304     
          85           7 -0.33526638802072739      -0.12785690943761807     
          90           7 -0.33874469323791345      -0.13671106557033852     
          95           7 -0.33524298615361658      -0.13123440906426254     
           0           8 -0.32642347966904683      -0.13906020778442496     
           5           8 -0.32255572079975536      -0.13121004051264151     
          10           8 -0.31794343192004249      -0.13908524090666674     
          15           8 -0.32224289081561608      -0.13159608934110167     
          20           8 -0.32063092913148239      -0.13606224114504073     
          25           8 -0.33344974950111350      -0.12043731715927208     
          30           8 -0.33485153403844947      -0.12220019539377347     
          35           8 -0.32535184178783538      -0.11735764595677267     
          40           8 -0.32667138995634559      -0.12527977389709122     
          45           8 -0.32565978525411765      -0.12152560764810971     
          50           8 -0.31618116747011982      -0.13862042820278475     
          55           8 -0.33189300552294299      -0.12095507791798354     
          60           8 -0.29874354741110665      -0.15392915680756403     
          65           8 -0.30362138694783880      -0.14249227514362417     
          70           8 -0.31586900945512753      -0.13659445091462885     
          75           8 -0.31101553929602233      -0.12698098583285855     
          80           8 -0.33010210046313659      -0.14297405518171047     
          85           8 -0.33003899005734638      -0.12945239942219189     
          90           8 -0.33014287026844613      -0.13706638471333576     
          95           8 -0.32751230186534031      -0.13487411194113008     
           0           9 -0.30104958980502194      -0.14891439067632462     
           5           9 -0.29767564954763515      -0.15385172560833382     
          10           9 -0.29454234201864438      -0.14326669874442644     
          15           9 -0.28594741863230411      -0.15516612149824027     
          20           9 -0.30208141117427090      -0.13823367618570614     
          25           9 -0.30633662966295105      -0.13534041565677057     
          30           9 -0.30425855729987461      -0.13201159990927636     
          35           9 -0.29686701772391189      -0.13472639642131412     
          40           9 -0.32239975890746564      -0.11359763765206310     
          45           9 -0.31708290304521825      -0.12563992338954222     
          50           9 -0.30170643906757277      -0.12317128026850810     
          55           9 -0.29727388987765835      -0.13671506749801665     
          60           9 -0.28298068137644350      -0.15265886757376279     
          65           9 -0.27673290745156010      -0.17919849750747119     
          70           9 -0.29010141695096081      -0.14753533275957409     
          75           9 -0.27617276700198090      -0.16598825543390205     
          80           9 -0.29692543847659181      -0.14466449179018070     
          85           9 -0.28489667570852362      -0.15942593743822897     
          90           9 -0.30973355379160239      -0.15026834117470855     
          95           9 -0.30810417882776164      -0.15181836624300615     
           0          10   0.0000000000000000        0.0000000000000000     
           5          10   0.0000000000000000        0.0000000000000000     
          10          10   0.0000000000000000        0.0000000000000000     
          15          10   0.0000000000000000        0.0000000000000000     
          20          10   0.0000000000000000        0.0000000000000000     
          25          10   0.0000000000000000        0.0000000000000000     
          30          10   0.0000000000000000        0.0000000000000000     
          35          10   0.0000000000000000        0.0000000000000000     
          40          10   0.0000000000000000        0.0000000000000000     
          45          10   0.0000000000000000        0.0000000000000000     
          50          10   0.0000000000000000        0.0000000000000000     
          55          10   0.0000000000000000        0.0000000000000000     
          60          10   0.0000000000000000        0.0000000000000000     
          65          10   0.0000000000000000        0.0000000000000000     
          70          10   0.0000000000000000        0.0000000000000000     
          75          10   0.0000000000000000        0.0000000000000000     
          80          10   0.0000000000000000        0.0000000000000000     
          85          10   0.0000000000000000        0.0000000000000000     
          90          10   0.0000000000000000        0.0000000000000000     
          95          10   0.0000000000000000        0.0000000000000000     
           0          11   0.0000000000000000        0.0000000000000000     
           5          11   0.0000000000000000        0.0000000000000000     
          10          11   0.0000000000000000        0.0000000000000000     
          15          11   0.0000000000000000        0.0000000000000000     
          20          11   0.0000000000000000        0.0000000000000000     
          25          11   0.0000000000000000        0.0000000000000000     
          30          11   0.0000000000000000        0.0000000000000000     
          35          11   0.0000000000000000        0.0000000000000000     
          40          11   0.0000000000000000        0.0000000000000000     
          45          11   0.0000000000000000        0.0000000000000000     
          50          11   0.0000000000000000        0.0000000000000000     
          55          11   0.0000000000000000        0.0000000000000000     
          60          11   0.0000000000000000        0.0000000000000000     
          65          11   0.0000000000000000        0.0000000000000000     
          70          11   0.0000000000000000        0.0000000000000000     
          75          11   0.0000000000000000        0.0000000000000000     
          80          11   0.0000000000000000        0.0000000000000000     
          85          11   0.0000000000000000        0.0000000000000000     
          90          11   0.0000000000000000        0.0000000000000000     
          95          11   0.0000000000000000        0.0000000000000000     
           0          12   0.0000000000000000        0.0000000000000000     
           5          12   0.0000000000000000        0.0000000000000000     
          10          12   0.0000000000000000        0.0000000000000000     
          15          12   0.0000000000000000        0.0000000000000000     
          20          12   0.0000000000000000        0.0000000000000000     
          25          12   0.0000000000000000        0.0000000000000000     
          30          12   0.0000000000000000        0.0000000000000000     
          35          12   0.0000000000000000        0.0000000000000000     
          40          12   0.0000000000000000        0.0000000000000000     
          45          12   0.0000000000000000        0.0000000000000000     
          50          12   0.0000000000000000        0.0000000000000000     
          55          12   0.0000000000000000        0.0000000000000000     
          60          12   0.0000000000000000        0.0000000000000000     
          65          12   0.0000000000000000        0.0000000000000000     
          70          12   0.0000000000000000        0.0000000000000000     
          75          12   0.0000000000000000        0.0000000000000000     
          80          12   0.0000000000000000        0.0000000000000000     
          85          12   0.0000000000000000        0.0000000000000000     
          90          12   0.0000000000000000        0.0000000000000000     
          95          12   0.0000000000000000        0.0000000000000000     
           0          13   0.0000000000000000        0.0000000000000000     
           5          13   0.0000000000000000        0.0000000000000000     
          10          13   0.0000000000000000        0.0000000000000000     
          15          13   0.0000000000000000        0.0000000000000000     
          20          13   0.0000000000000000        0.0000000000000000     
          25          13   0.0000000000000000        0.0000000000000000     
          30          13   0.0000000000000000        0.0000000000000000     
          35          13   0.0000000000000000        0.0000000000000000     
          40          13   0.0000000000000000        0.0000000000000000     
          45          13   0.0000000000000000        0.0000000000000000     
          50          13   0.0000000000000000        0.0000000000000000     
          55          13   0.0000000000000000        0.0000000000000000     
          60          13   0.0000000000000000        0.0000000000000000     
          65          13   0.0000000000000000        0.0000000000000000     
          70          13   0.0000000000000000        0.0000000000000000     
          75          13   0.0000000000000000        0.0000000000000000     
          80          13   0.0000000000000000        0.0000000000000000     
          85          13   0.0000000000000000        0.0000000000000000     
          90          13   0.0000000000000000        0.0000000000000000     
          95          13   0.0000000000000000        0.0000000000000000     
           0          14   0.0000000000000000        0.0000000000000000     
           5          14   0.0000000000000000        0.0000000000000000     
          10          14   0.0000000000000000        0.0000000000000000     
          15          14   0.0000000000000000        0.0000000000000000     
          20          14   0.0000000000000000        0.0000000000000000     
          25          14   0.0000000000000000        0.0000000000000000     
          30          14   0.0000000000000000        0.0000000000000000     
          35          14   0.0000000000000000        0.0000000000000000     
          40          14   0.0000000000000000        0.0000000000000000     
          45          14   0.0000000000000000        0.0000000000000000     
          50          14   0.0000000000000000        0.0000000000000000     
          55          14   0.0000000000000000        0.0000000000000000     
          60          14   0.0000000000000000        0.0000000000000000     
          65          14   0.0000000000000000        0.0000000000000000     
          70          14   0.0000000000000000        0.0000000000000000     
          75          14   0.0000000000000000        0.0000000000000000     
          80          14   0.0000000000000000        0.0000000000000000     
          85          14   0.0000000000000000        0.0000000000000000     
          90          14   0.0000000000000000        0.0000000000000000     
          95          14   0.0000000000000000        0.0000000000000000     
           0          15   0.0000000000000000        0.0000000000000000     
           5          15   0.0000000000000000        0.0000000000000000     
          10          15   0.0000000000000000        0.0000000000000000     
          15          15   0.0000000000000000        0.0000000000000000     
          20          15   0.0000000000000000        0.0000000000000000     
          25          15   0.0000000000000000        0.0000000000000000     
          30          15   0.0000000000000000        0.0000000000000000     
          35          15   0.0000000000000000        0.0000000000000000     
          40          15   0.0000000000000000        0.0000000000000000     
          45          15   0.0000000000000000        0.0000000000000000     
          50          15   0.0000000000000000        0.0000000000000000     
          55          15   0.0000000000000000        0.0000000000000000     
          60          15   0.0000000000000000        0.0000000000000000     
          65          15   0.0000000000000000        0.0000000000000000     
          70          15   0.0000000000000000        0.0000000000000000     
          75          15   0.0000000000000000        0.0000000000000000     
          80          15   0.0000000000000000        0.0000000000000000     
          85          15   0.0000000000000000        0.0000000000000000     
          90          15   0.0000000000000000        0.0000000000000000     
          95          15   0.0000000000000000        0.0000000000000000     
           0          16   0.0000000000000000        0.0000000000000000     
           5          16   0.0000000000000000        0.0000000000000000     
          10          16   0.0000000000000000        0.0000000000000000     
          15          16   0.0000000000000000        0.0000000000000000     
          20          16   0.0000000000000000        0.0000000000000000     
          25          16   0.0000000000000000        0.0000000000000000     
          30          16   0.0000000000000000        0.0000000000000000     
          35          16   0.0000000000000000        0.0000000000000000     
          40          16   0.0000000000000000        0.0000000000000000     
          45          16   0.0000000000000000        0.0000000000000000     
          50          16   0.0000000000000000        0.0000000000000000     
          55          16   0.0000000000000000        0.0000000000000000     
          60          16   0.0000000000000000        0.0000000000000000     
          65          16   0.0000000000000000        0.0000000000000000     
          70          16   0.0000000000000000        0.0000000000000000     
          75          16   0.0000000000000000        0.0000000000000000     
          80          16   0.0000000000000000        0.0000000000000000     
          85          16   0.0000000000000000        0.0000000000000000     
          90          16   0.0000000000000000        0.0000000000000000     
          95          16   0.0000000000000000        0.0000000000000000     
