           0           0   0.0000000000000000        0.0000000000000000     
           5           0   0.0000000000000000        0.0000000000000000     
          10           0   0.0000000000000000        0.0000000000000000     
          15           0   0.0000000000000000        0.0000000000000000     
          20           0   0.0000000000000000        0.0000000000000000     
          25           0   0.0000000000000000        0.0000000000000000     
          30           0   0.0000000000000000        0.0000000000000000     
          35           0   0.0000000000000000        0.0000000000000000     
          40           0   0.0000000000000000        0.0000000000000000     
          45           0   0.0000000000000000        0.0000000000000000     
          50           0   0.0000000000000000        0.0000000000000000     
          55           0   0.0000000000000000        0.0000000000000000     
          60           0   0.0000000000000000        0.0000000000000000     
          65           0   0.0000000000000000        0.0000000000000000     
          70           0   0.0000000000000000        0.0000000000000000     
          75           0   0.0000000000000000        0.0000000000000000     
          80           0   0.0000000000000000        0.0000000000000000     
          85           0   0.0000000000000000        0.0000000000000000     
          90           0   0.0000000000000000        0.0000000000000000     
          95           0   0.0000000000000000        0.0000000000000000     
           0           1 -0.76096494343758092       -9.0948408154600813E-002
           5           1 -0.79084002693186051       0.66147124261783929     
          10           1 -0.44585857629009240       -4.4261773213261080E-003
          15           1 -0.46203007380007932        6.7552211905352877E-002
          20           1 -0.18827091892603676       -4.7630593883463135E-002
          25           1   6.3309865794280995E-003  0.35295716151351186     
          30           1 -0.76633939254833194      -0.17376956319425929     
          35           1  -1.0921403857722112       0.30876841703331159     
          40           1 -0.93906985284775146       0.12685360885833497     
          45           1  -1.0094192708365313       0.30782283453212322     
          50           1 -0.83568476302531280      -0.21025816459685487     
          55           1 -0.83542231326561023      -0.26560054972923908     
          60           1  -1.2171463436772001      -0.50237989218326895     
          65           1 -0.78267953284694158       0.66834257177239564     
          70           1  -1.4465296063548294      -0.41192291204028564     
          75           1 -0.89319083393490928       0.43937702586926974     
          80           1 -0.61149485034661666       -8.8163795152196300E-002
          85           1 -0.78365055031781594       0.49104364071239637     
          90           1 -0.33754188429213627      -0.14333930207555134     
          95           1 -0.88979908490216530       0.71105609188104602     
           0           2  -2.0975675782086700        8.8284596400090010E-002
           5           2  -1.9810206859327550       0.69067137136169521     
          10           2  -1.8965663770220687       0.27715734698841032     
          15           2  -1.8365556551458440       0.30784421712004573     
          20           2  -2.0085816833415038       0.11581847648933774     
          25           2  -2.4287182499449500        1.3621727610324541E-002
          30           2  -1.9158955871922956        2.1161036878325490E-002
          35           2  -1.3374428232637570       0.82392624010330096     
          40           2  -1.6698446733798278       0.24446766693664301     
          45           2  -1.6560695882361642       0.32909181887808003     
          50           2  -1.7034858630182725       -5.1766613791137672E-002
          55           2  -2.0770603721587122       0.10667049273438423     
          60           2  -1.5204029914528405      -0.13975432857193937     
          65           2  -1.5852449418218839       0.68126509592980611     
          70           2  -1.9790516021345184      -0.29507797551175940     
          75           2  -1.2692834145155985        1.0206659438027899     
          80           2  -1.6934210166397179        9.3137113368335633E-002
          85           2  -2.3452315335248386      -0.13558836621241355     
          90           2  -2.1356178487508259       0.31088378806387595     
          95           2  -1.8534295325878247       0.36036626087865287     
           0           3  -2.0350909943414597       0.20749662636543320     
           5           3  -2.0639134903621681       0.10680992488243390     
          10           3  -1.9783129774442187       0.17796206813969206     
          15           3  -1.9961144643598772       0.22000012896539189     
          20           3  -1.9903195125614559        4.4096065185961208E-002
          25           3  -2.0076270285862563       0.16078606683400665     
          30           3  -1.9801075041847582       -9.8327962552158255E-002
          35           3  -1.9974824409274561       0.19336779714773655     
          40           3  -2.0589076090615777       0.11551479354166005     
          45           3  -1.9172729363603480       0.44086920532482310     
          50           3  -1.9375190647252793      -0.15086954935794594     
          55           3  -2.0179446692125680      -0.14557287456362644     
          60           3  -1.9035428046265679      -0.28429631471871275     
          65           3  -1.8102553951138134      -0.24405168513874642     
          70           3  -1.6204072544923065       0.10401670456516854     
          75           3  -1.8749224754799343       -1.1594624451660707E-002
          80           3  -1.9062788882706627        7.2150367007584038E-002
          85           3  -2.0279081436314073       0.26209282073086371     
          90           3  -2.0226226551756099       0.23271127143953407     
          95           3  -2.1028177687298921       0.23846766941559849     
           0           4  -2.0302719160641969        7.3190275147183570E-002
           5           4  -1.9905119429974860        8.2914291623659153E-002
          10           4  -1.9184330821531148       0.23906233309833880     
          15           4  -1.9131674965944256        7.3050857212209053E-002
          20           4  -2.0236257615557918       0.22168990792881260     
          25           4  -1.9664280782194510        7.0843290851385632E-002
          30           4  -2.1819756795338208       -5.2472942995152039E-002
          35           4  -1.9631010609799660       0.29361567555508117     
          40           4  -1.9679600101696337       0.45797236073674696     
          45           4  -1.8882002427744737       0.40519996713506146     
          50           4  -3.8757463632421718       0.15767251337894805     
          55           4  -4.0623844389031660      -0.31946960958428861     
          60           4  -3.8524299775488657      -0.81405575589776902     
          65           4  -1.8235175350866939      -0.27362777977657515     
          70           4  -1.9549987423772563      -0.29716359136067183     
          75           4  -1.8154805524517315      -0.40964838802004522     
          80           4  -1.9130434980496602       -8.0163525284504544E-002
          85           4  -2.0909187176698651       0.25146700147082868     
          90           4  -2.0648473089579511       0.51581314588489136     
          95           4  -2.1336658712556300       0.23632557392794240     
           0           5  -4.1657389941648919       0.20511783197285638     
           5           5  -4.0500251194597325       0.21083452066417152     
          10           5  -3.9239065967500153       0.58830524294339881     
          15           5  -3.8685186020082085       0.19387528644720931     
          20           5  -3.9598573700061479       0.28831126550166175     
          25           5  -4.0979827043763351       0.24075159974046301     
          30           5  -4.0398944082831179       0.46396249429037084     
          35           5  -3.9812517037418615       0.23528967070252094     
          40           5  -3.9315239461856777       0.69995761526442379     
          45           5  -3.7902790836241707       0.80522343689715115     
          50           5  -1.8818815949472878       0.17565216733572697     
          55           5  -2.0017762552271279      -0.24395954909550710     
          60           5  -2.0306129202296574      -0.32672218558182919     
          65           5  -3.8060035254972036      -0.62528331969957662     
          70           5  -3.9207075415248482      -0.72589789697818929     
          75           5  -3.9142993589535990      -0.51100620439115119     
          80           5  -4.1202039567167503      -0.19284374083827771     
          85           5  -4.3244517910778768       0.52799373019940532     
          90           5  -4.2148686165432991        1.2480549025717380     
          95           5  -4.3084255678138561       0.27893886017871239     
           0           6  -2.1556716103984797        9.2532610351803157E-002
           5           6  -1.9611103013472686       0.13192658232963339     
          10           6  -1.9384356208451692       0.34854114221438692     
          15           6  -1.9564733233501386       0.27020165952240660     
          20           6  -2.0150158644760552       0.22445572389173662     
          25           6  -2.1166011512008254       0.15996586026023607     
          30           6  -2.1108973451688939       0.17733828959975995     
          35           6  -2.0645354949877515       0.13035736277089427     
          40           6  -1.8505132428714433       0.34173834307704709     
          45           6  -1.9449599664511652       0.51912951887445047     
          50           6  -1.9482204316645380       0.18190809814910835     
          55           6  -1.9492394276809932      -0.18605186500320059     
          60           6  -1.9555281404493030      -0.42869495646247202     
          65           6  -1.9141211312501127      -0.21031246875136134     
          70           6  -1.8665642674875471      -0.30550561107567376     
          75           6  -1.9394452280607766      -0.35604774599740097     
          80           6  -2.0264637129230323        4.6582713286724697E-003
          85           6  -2.2404931667097117       0.22669526752672198     
          90           6  -2.0891256519206536       0.28836028172829486     
          95           6  -2.2107228270584756       0.14311571426617320     
           0           7  -2.1618875529394455       0.13311458617160099     
           5           7  -2.0051687736000190       0.17574701762779199     
          10           7  -1.9862691165695168       0.31630707434171512     
          15           7  -1.9973624812319457       0.29814043073894680     
          20           7  -2.1243319168817720       0.26031280575100624     
          25           7  -2.1561640928524639       0.17528057549398568     
          30           7  -2.1146832364493662       0.13260165502959609     
          35           7  -2.0350672864566377       0.10212430450184939     
          40           7  -1.8874744477415106       0.39290035830141790     
          45           7  -2.0193078784913610       0.50787110644101574     
          50           7  -1.9129774925019660       0.19403939238937795     
          55           7  -1.9168614104358994       -9.8788379920833336E-002
          60           7  -1.9300791322507393      -0.38375386987699045     
          65           7  -1.8651750585263471      -0.10654752323535632     
          70           7  -1.9520064864053666      -0.24837550958167753     
          75           7  -2.0252113562690965      -0.45300083646893086     
          80           7  -1.8965583054608715        9.3565599916800579E-002
          85           7  -2.1319415837695033       0.33720476289467172     
          90           7  -2.1249257743960470       0.30375903376622659     
          95           7  -2.2092914468174740       -4.2118739549401596E-002
           0           8  -2.1441895465520999       0.14061251468966418     
           5           8  -2.0670117800403176       0.25591784633682835     
          10           8  -2.0367217852879094       0.25477843501597874     
          15           8  -2.0056090624898104       0.27735265078376869     
          20           8  -2.0582251323908451       0.34750193028898479     
          25           8  -2.1793193057817462       0.16808700245007913     
          30           8  -2.1649171836912728       0.26707667007741520     
          35           8  -2.1251456154658399       -6.8778559683124740E-002
          40           8  -2.0131986854465822       0.22931416864935272     
          45           8  -2.0902952793733220       0.49614788088625517     
          50           8  -1.9784859419758050       0.36124315009544716     
          55           8  -1.8885017614778121      -0.59931393978196468     
          60           8  -1.9282840671053236      -0.42632706121814579     
          65           8  -1.9930855430771999      -0.36787701533924633     
          70           8  -2.2388456186916983      -0.38031153683171226     
          75           8  -2.0516985460972137      -0.36111502542901519     
          80           8  -1.9503467412818054       -1.3165349335153564E-002
          85           8  -2.2003948122062411       0.17343085350063348     
          90           8  -2.2897963577861447       0.32899281115383872     
          95           8  -2.1889166069399835        2.7250516607679742E-002
           0           9  -2.3138364014541057        2.2530280876509323E-002
           5           9  -2.1130646264699848       0.24178833087695750     
          10           9  -2.1745917188553676       0.31219019978045992     
          15           9  -1.9210865874441652       0.20673538466908781     
          20           9  -1.9931526473904171       0.32563834627019617     
          25           9   0.0000000000000000        0.0000000000000000     
          30           9  -1.8961220875368667       0.24207163132672349     
          35           9  -1.8521757419520668      -0.23545839194838436     
          40           9  -1.8760285724894743       0.35559420444641887     
          45           9  -2.0915587654357637       0.57837849453790113     
          50           9  -2.0614163943477593       0.41714831362504867     
          55           9  -1.9082042384965803      -0.46739379317095597     
          60           9  -1.7082153440384218      -0.45212293719565366     
          65           9  -1.9798901973899774      -0.38439855466698702     
          70           9  -2.0385962684343895      -0.14341581891841315     
          75           9  -1.8526247144734498      -0.43606930741013628     
          80           9  -1.9790695998977981       -2.4299052476806082E-002
          85           9  -2.1695473640193086       0.46759423371511843     
          90           9  -2.3496284725155192       0.39066260812958831     
          95           9  -2.2205948652498364      -0.20186771555685823     
           0          10   0.0000000000000000        0.0000000000000000     
           5          10   0.0000000000000000        0.0000000000000000     
          10          10   0.0000000000000000        0.0000000000000000     
          15          10   0.0000000000000000        0.0000000000000000     
          20          10   0.0000000000000000        0.0000000000000000     
          25          10   0.0000000000000000        0.0000000000000000     
          30          10   0.0000000000000000        0.0000000000000000     
          35          10   0.0000000000000000        0.0000000000000000     
          40          10   0.0000000000000000        0.0000000000000000     
          45          10   0.0000000000000000        0.0000000000000000     
          50          10   0.0000000000000000        0.0000000000000000     
          55          10   0.0000000000000000        0.0000000000000000     
          60          10  -3.7640523575888096       0.15911855395955854     
          65          10   0.0000000000000000        0.0000000000000000     
          70          10   0.0000000000000000        0.0000000000000000     
          75          10   0.0000000000000000        0.0000000000000000     
          80          10   0.0000000000000000        0.0000000000000000     
          85          10   0.0000000000000000        0.0000000000000000     
          90          10   0.0000000000000000        0.0000000000000000     
          95          10   0.0000000000000000        0.0000000000000000     
           0          11   0.0000000000000000        0.0000000000000000     
           5          11   0.0000000000000000        0.0000000000000000     
          10          11   0.0000000000000000        0.0000000000000000     
          15          11   0.0000000000000000        0.0000000000000000     
          20          11   0.0000000000000000        0.0000000000000000     
          25          11   0.0000000000000000        0.0000000000000000     
          30          11   0.0000000000000000        0.0000000000000000     
          35          11   0.0000000000000000        0.0000000000000000     
          40          11   0.0000000000000000        0.0000000000000000     
          45          11   0.0000000000000000        0.0000000000000000     
          50          11   0.0000000000000000        0.0000000000000000     
          55          11   0.0000000000000000        0.0000000000000000     
          60          11   0.0000000000000000        0.0000000000000000     
          65          11   0.0000000000000000        0.0000000000000000     
          70          11   0.0000000000000000        0.0000000000000000     
          75          11   0.0000000000000000        0.0000000000000000     
          80          11   0.0000000000000000        0.0000000000000000     
          85          11   0.0000000000000000        0.0000000000000000     
          90          11   0.0000000000000000        0.0000000000000000     
          95          11   0.0000000000000000        0.0000000000000000     
           0          12   0.0000000000000000        0.0000000000000000     
           5          12   0.0000000000000000        0.0000000000000000     
          10          12   0.0000000000000000        0.0000000000000000     
          15          12   0.0000000000000000        0.0000000000000000     
          20          12   0.0000000000000000        0.0000000000000000     
          25          12   0.0000000000000000        0.0000000000000000     
          30          12   0.0000000000000000        0.0000000000000000     
          35          12   0.0000000000000000        0.0000000000000000     
          40          12   0.0000000000000000        0.0000000000000000     
          45          12   0.0000000000000000        0.0000000000000000     
          50          12   0.0000000000000000        0.0000000000000000     
          55          12   0.0000000000000000        0.0000000000000000     
          60          12   0.0000000000000000        0.0000000000000000     
          65          12   0.0000000000000000        0.0000000000000000     
          70          12   0.0000000000000000        0.0000000000000000     
          75          12   0.0000000000000000        0.0000000000000000     
          80          12   0.0000000000000000        0.0000000000000000     
          85          12   0.0000000000000000        0.0000000000000000     
          90          12   0.0000000000000000        0.0000000000000000     
          95          12   0.0000000000000000        0.0000000000000000     
           0          13   0.0000000000000000        0.0000000000000000     
           5          13   0.0000000000000000        0.0000000000000000     
          10          13   0.0000000000000000        0.0000000000000000     
          15          13   0.0000000000000000        0.0000000000000000     
          20          13   0.0000000000000000        0.0000000000000000     
          25          13   0.0000000000000000        0.0000000000000000     
          30          13   0.0000000000000000        0.0000000000000000     
          35          13   0.0000000000000000        0.0000000000000000     
          40          13   0.0000000000000000        0.0000000000000000     
          45          13   0.0000000000000000        0.0000000000000000     
          50          13   0.0000000000000000        0.0000000000000000     
          55          13   0.0000000000000000        0.0000000000000000     
          60          13   0.0000000000000000        0.0000000000000000     
          65          13   0.0000000000000000        0.0000000000000000     
          70          13   0.0000000000000000        0.0000000000000000     
          75          13   0.0000000000000000        0.0000000000000000     
          80          13   0.0000000000000000        0.0000000000000000     
          85          13   0.0000000000000000        0.0000000000000000     
          90          13   0.0000000000000000        0.0000000000000000     
          95          13   0.0000000000000000        0.0000000000000000     
           0          14   0.0000000000000000        0.0000000000000000     
           5          14   0.0000000000000000        0.0000000000000000     
          10          14   0.0000000000000000        0.0000000000000000     
          15          14   0.0000000000000000        0.0000000000000000     
          20          14   0.0000000000000000        0.0000000000000000     
          25          14   0.0000000000000000        0.0000000000000000     
          30          14   0.0000000000000000        0.0000000000000000     
          35          14   0.0000000000000000        0.0000000000000000     
          40          14   0.0000000000000000        0.0000000000000000     
          45          14   0.0000000000000000        0.0000000000000000     
          50          14   0.0000000000000000        0.0000000000000000     
          55          14   0.0000000000000000        0.0000000000000000     
          60          14   0.0000000000000000        0.0000000000000000     
          65          14   0.0000000000000000        0.0000000000000000     
          70          14   0.0000000000000000        0.0000000000000000     
          75          14   0.0000000000000000        0.0000000000000000     
          80          14   0.0000000000000000        0.0000000000000000     
          85          14   0.0000000000000000        0.0000000000000000     
          90          14   0.0000000000000000        0.0000000000000000     
          95          14   0.0000000000000000        0.0000000000000000     
           0          15   0.0000000000000000        0.0000000000000000     
           5          15   0.0000000000000000        0.0000000000000000     
          10          15   0.0000000000000000        0.0000000000000000     
          15          15   0.0000000000000000        0.0000000000000000     
          20          15   0.0000000000000000        0.0000000000000000     
          25          15   0.0000000000000000        0.0000000000000000     
          30          15   0.0000000000000000        0.0000000000000000     
          35          15   0.0000000000000000        0.0000000000000000     
          40          15   0.0000000000000000        0.0000000000000000     
          45          15   0.0000000000000000        0.0000000000000000     
          50          15   0.0000000000000000        0.0000000000000000     
          55          15   0.0000000000000000        0.0000000000000000     
          60          15   0.0000000000000000        0.0000000000000000     
          65          15   0.0000000000000000        0.0000000000000000     
          70          15   0.0000000000000000        0.0000000000000000     
          75          15   0.0000000000000000        0.0000000000000000     
          80          15   0.0000000000000000        0.0000000000000000     
          85          15   0.0000000000000000        0.0000000000000000     
          90          15   0.0000000000000000        0.0000000000000000     
          95          15   0.0000000000000000        0.0000000000000000     
           0          16   0.0000000000000000        0.0000000000000000     
           5          16   0.0000000000000000        0.0000000000000000     
          10          16   0.0000000000000000        0.0000000000000000     
          15          16   0.0000000000000000        0.0000000000000000     
          20          16   0.0000000000000000        0.0000000000000000     
          25          16   0.0000000000000000        0.0000000000000000     
          30          16   0.0000000000000000        0.0000000000000000     
          35          16   0.0000000000000000        0.0000000000000000     
          40          16   0.0000000000000000        0.0000000000000000     
          45          16   0.0000000000000000        0.0000000000000000     
          50          16   0.0000000000000000        0.0000000000000000     
          55          16   0.0000000000000000        0.0000000000000000     
          60          16   0.0000000000000000        0.0000000000000000     
          65          16   0.0000000000000000        0.0000000000000000     
          70          16   0.0000000000000000        0.0000000000000000     
          75          16   0.0000000000000000        0.0000000000000000     
          80          16   0.0000000000000000        0.0000000000000000     
          85          16   0.0000000000000000        0.0000000000000000     
          90          16   0.0000000000000000        0.0000000000000000     
          95          16   0.0000000000000000        0.0000000000000000     
