           0           0   0.0000000000000000        0.0000000000000000     
           5           0   0.0000000000000000        0.0000000000000000     
          10           0   0.0000000000000000        0.0000000000000000     
          15           0   0.0000000000000000        0.0000000000000000     
          20           0   0.0000000000000000        0.0000000000000000     
          25           0   0.0000000000000000        0.0000000000000000     
          30           0   0.0000000000000000        0.0000000000000000     
          35           0   0.0000000000000000        0.0000000000000000     
          40           0   0.0000000000000000        0.0000000000000000     
          45           0   0.0000000000000000        0.0000000000000000     
          50           0   0.0000000000000000        0.0000000000000000     
          55           0   0.0000000000000000        0.0000000000000000     
          60           0   0.0000000000000000        0.0000000000000000     
          65           0   0.0000000000000000        0.0000000000000000     
          70           0   0.0000000000000000        0.0000000000000000     
          75           0   0.0000000000000000        0.0000000000000000     
          80           0   0.0000000000000000        0.0000000000000000     
          85           0   0.0000000000000000        0.0000000000000000     
          90           0   0.0000000000000000        0.0000000000000000     
          95           0   0.0000000000000000        0.0000000000000000     
           0           1  -5.8286241329752464       -5.0554240362388203     
           5           1   3.5209816256953630       -1.5788205289835044     
          10           1  -3.7568673251175966       -3.1838052703492270     
          15           1  -3.3083111297571577        5.7227919890101564     
          20           1  -4.0335160240090318       -2.0410258624237176     
          25           1   2.1585317477956778        2.6036910931470647     
          30           1  -6.3482838269379727       -2.2146778212162044     
          35           1  -9.3358087618611307       -2.9220337065949398     
          40           1   0.0000000000000000        0.0000000000000000     
          45           1  -2.5473061601388736       0.76142661373235221     
          50           1  -3.4674129077316707       -5.1117361253139038     
          55           1  -4.1513678676352583        1.7847258538450372     
          60           1  -3.1353509643139432       0.96923099088042086     
          65           1  -2.6194499961462725        1.1425724884728261     
          70           1  -6.2708456132298807       -5.7302436537975954     
          75           1  -1.9090385237063856E-002   2.0365412469958155     
          80           1  -1.3043992370143087       0.95457381632635396     
          85           1  -4.6148698911707697       -1.2707355578889246     
          90           1  -6.4162794820532554       -4.2196330933708115     
          95           1  -7.7688450191004677       -1.1490783654155567     
           0           2  -9.4279067568797661       -3.6140612596224919     
           5           2  -3.8202213368032645       0.72577030866716186     
          10           2  -5.5008365316222552       -2.7705618646955976     
          15           2  -7.2049729997925027        1.7395190326863208     
          20           2  -3.4990611866803079        1.6330396109487388     
          25           2  -4.1214185815974247       0.90392336949074448     
          30           2  -9.1166909812123720        2.8923036744532560     
          35           2  -6.5348885143379221        8.0239635706913504E-002
          40           2  -8.2928979689000926       -4.0263249434135950     
          45           2  -3.0865884647823805        1.6279670468288820     
          50           2  -6.6123754092828335       -3.8736848351250686     
          55           2   0.0000000000000000        0.0000000000000000     
          60           2  -7.9895950154806883        1.1435457539232807     
          65           2  -10.296817256048030        4.4973843356088672     
          70           2  -6.1987427478271684       -3.2190108351604074     
          75           2   0.0000000000000000        0.0000000000000000     
          80           2  -8.0955403388571767        2.5363525886645810     
          85           2  -11.133914889356333       -1.0362291493071218     
          90           2  -11.627795445789957       0.71192430563415954     
          95           2  -7.8719340645250213       -1.5005835840042892     
           0           3  -10.400095942864617      -0.98688021235249224     
           5           3   0.0000000000000000        0.0000000000000000     
          10           3  -15.236503187940897       -4.9846508048179139     
          15           3   0.0000000000000000        0.0000000000000000     
          20           3  -18.356005567596867        4.1070117429153896E-002
          25           3  -15.937852966647625      -0.67557039689969400     
          30           3  -13.536686187460845        3.7671356378421450     
          35           3  -10.501387446453236        3.7050069943034281     
          40           3  -8.0073325150920027       -1.0275229321821122     
          45           3  -1.5888426532484345        5.7568943442887210     
          50           3  -6.9511980573011556      -0.72826592340202723     
          55           3  -9.0381182211274336        6.0976654923106111E-002
          60           3   0.0000000000000000        0.0000000000000000     
          65           3  -16.386314076086705      -0.58046781518994450     
          70           3  -13.832207065007651       -2.8092341548835442     
          75           3  -13.620553548960856        1.3058297415446951     
          80           3  -11.861738259497656      -0.48994570810867444     
          85           3  -11.182062829035999      -0.45439778509015483     
          90           3  -12.219939884303699        2.6476390146412676     
          95           3  -7.5616967154701342        1.3184669605625920     
           0           4  -17.527705090612798       -4.3069355352720606     
           5           4  -13.041026414533086       0.86324526225034504     
          10           4  -15.453685618131985       -1.1251681277268943     
          15           4  -17.831993600632146        2.9107452856447225     
          20           4   0.0000000000000000        0.0000000000000000     
          25           4   0.0000000000000000        0.0000000000000000     
          30           4   0.0000000000000000        0.0000000000000000     
          35           4   0.0000000000000000        0.0000000000000000     
          40           4  -14.672241977109479      -0.31150385019884652     
          45           4  -12.441809526038128       0.66403725805130875     
          50           4  -9.3405184637518346       -6.3349871899109900     
          55           4   0.0000000000000000        0.0000000000000000     
          60           4  -9.3956870751554789       0.23414366205010140     
          65           4  -18.577332800830959       -1.7006631087923552     
          70           4  -14.572433684705288      -0.78637249229629447     
          75           4  -13.310410027784769      -0.31225178166671697     
          80           4  -9.0561671272126887       0.94167683318602258     
          85           4  -13.067637149646316       -3.3668042448287139     
          90           4  -18.051775357506017        2.6377280441014506     
          95           4  -11.190837093906225       -1.0479834575560787     
           0           5  -18.108177253186032       -1.3773911979786391     
           5           5  -19.721437994504321       -4.5079867841657517     
          10           5  -18.443783718664619       -3.1652132882076245     
          15           5  -16.703965717388414       0.14616914785214874     
          20           5  -18.576626071187263        3.8311578402172586     
          25           5  -13.210377335006740       0.36914962560530284     
          30           5  -13.224170381036515       -1.1352739680603463     
          35           5  -12.942002420004428       0.69776403914811880     
          40           5  -15.095939425471272       0.28869732055181174     
          45           5  -9.1675057441165109        3.6815179613736149     
          50           5  -18.002353702151197       0.77841987036197935     
          55           5   0.0000000000000000        0.0000000000000000     
          60           5  -13.965939453228771      -0.33144899229675673     
          65           5   0.0000000000000000        0.0000000000000000     
          70           5  -13.823264354826392       -1.9032939673557792     
          75           5  -29.984996585454837        6.0857638595912533     
          80           5   0.0000000000000000        0.0000000000000000     
          85           5  -20.290030965881556        1.6476691501354779     
          90           5  -21.495469364296582      -0.80520680729279093     
          95           5  -17.587528139202391        2.2577879793717059     
           0           6  -17.468945934636935       -6.9588140116483288     
           5           6   0.0000000000000000        0.0000000000000000     
          10           6  -19.830990196050280       0.48958491308148666     
          15           6   0.0000000000000000        0.0000000000000000     
          20           6  -22.663345260340861        1.3110882418310155     
          25           6  -18.310060725355015        8.0346353878812948     
          30           6  -16.960511663537403      -0.37288894402021100     
          35           6  -15.606651323523124        2.5923674726158197     
          40           6   0.0000000000000000        0.0000000000000000     
          45           6  -18.109994086330516        2.2510438392853160     
          50           6  -23.669583960241880       -3.6694148283622496     
          55           6  -16.713630369054044       0.17896942192230370     
          60           6  -17.961453637695968        3.0328947632085601     
          65           6  -22.625903727870877       -2.2113731979711559     
          70           6   0.0000000000000000        0.0000000000000000     
          75           6   0.0000000000000000        0.0000000000000000     
          80           6  -20.527846296047869        2.8957678503083173     
          85           6  -15.945909984509399        4.7807104617980656     
          90           6   0.0000000000000000        0.0000000000000000     
          95           6  -23.154079552440976        2.5150520070393867     
           0           7  -25.384303024353347      -0.70069528212535204     
           5           7   0.0000000000000000        0.0000000000000000     
          10           7  -23.345032106041330        4.2467698795700670     
          15           7  -18.310019116434262       -2.4467797404126301     
          20           7   0.0000000000000000        0.0000000000000000     
          25           7  -21.704852818942300       -2.1906202612687053     
          30           7  -21.082604461852839        2.3591105242992683     
          35           7  -20.026536294039943      -0.63495651857259361     
          40           7  -17.652673617334358      -0.97851891475819741     
          45           7  -17.364702005870924        2.7720166632372312     
          50           7  -23.699217087838065      -0.46210585238348756     
          55           7  -24.683985740523440       -2.8730938679721874     
          60           7   0.0000000000000000        0.0000000000000000     
          65           7   0.0000000000000000        0.0000000000000000     
          70           7  -20.914686834387908        2.2514159635100839     
          75           7  -17.986345797496028       -1.6047729721613280     
          80           7  -24.304704539090949       -4.7901543162787164     
          85           7  -23.878417436762334       -3.1797819751844258     
          90           7  -23.202197259948321       0.66411751681094700     
          95           7  -21.335747103776725       -1.1002004625337847     
           0           8  -26.600083054005573       0.95223593293169984     
           5           8  -25.898756680855506       0.68895484806930085     
          10           8   0.0000000000000000        0.0000000000000000     
          15           8   0.0000000000000000        0.0000000000000000     
          20           8  -24.063774177989217       -1.9852872405934363     
          25           8  -21.092201396193389       -1.2619186867901533     
          30           8  -22.479010784159925        2.3760119682059155     
          35           8  -46.996424468304099       -1.6713658728839675     
          40           8  -23.710200942090864      -0.98630305242153327     
          45           8  -24.796445315828919        1.2623837743852562     
          50           8  -21.005350392115929       -1.2694316061612199     
          55           8  -24.651810552782649      -0.13119544806983185     
          60           8  -25.298441841172803        1.0084921293440630     
          65           8  -28.738752065606832       -2.7383773699796166     
          70           8  -25.981313245395654        3.3490786818823892     
          75           8  -25.584838390031450       -1.9787630894363417     
          80           8  -24.661395903464722        1.0558109999081466     
          85           8  -18.657066053506810        1.9223139069968198     
          90           8  -26.986864679017231       -2.5461009890648256     
          95           8  -22.315821097507182      -0.64436468607986797     
           0           9  -25.274964847708524       -1.4425039152499153     
           5           9  -23.184946933794137       -1.1033152546957581     
          10           9  -22.736121685715815        1.9657489911040216     
          15           9  -23.614031639764832       -1.3473625111615206     
          20           9  -32.078005416451560        1.0668669384372720     
          25           9   0.0000000000000000        0.0000000000000000     
          30           9  -58.334385527381016       0.32157431352430876     
          35           9   0.0000000000000000        0.0000000000000000     
          40           9  -23.533231591912340       -1.9945983071956164     
          45           9  -27.790140549015518        2.7599058469363058     
          50           9  -26.772162533390542       -1.0277068121666844     
          55           9   0.0000000000000000        0.0000000000000000     
          60           9  -56.947018239554836        3.1719009275654741     
          65           9  -29.507068638494616       0.26853035722140817     
          70           9  -25.739984545865013        1.5337535434234439     
          75           9  -30.389522835392313       -1.9393553985302958     
          80           9  -27.316010329272444      -0.73549263161609701     
          85           9   0.0000000000000000        0.0000000000000000     
          90           9   0.0000000000000000        0.0000000000000000     
          95           9  -25.217108694945978       -1.0694214720530226     
           0          10   0.0000000000000000        0.0000000000000000     
           5          10  -32.395329536343276        2.1888752357313024E-002
          10          10   0.0000000000000000        0.0000000000000000     
          15          10  -22.325194096390888        5.7094120650091895     
          20          10   0.0000000000000000        0.0000000000000000     
          25          10  -28.810498623457192        2.7518206070809015     
          30          10   0.0000000000000000        0.0000000000000000     
          35          10  -32.062299221990997       -3.8501649780897651     
          40          10  -31.930749052548890       -1.5438357677233228     
          45          10  -27.956389177035135       -1.3856100632736457     
          50          10  -26.180342110180277        4.7079130376204148     
          55          10  -31.732433534159554       0.80826361694263937     
          60          10  -29.174792578245956        1.0507279471205777     
          65          10   0.0000000000000000        0.0000000000000000     
          70          10  -33.708544138519869       -1.0918187444985961     
          75          10   0.0000000000000000        0.0000000000000000     
          80          10   0.0000000000000000        0.0000000000000000     
          85          10  -28.275262852943683       -3.4729286645074353     
          90          10   0.0000000000000000        0.0000000000000000     
          95          10  -27.551352972565724        1.8945412608672996     
           0          11  -30.364259865679752       -4.2509696859838186     
           5          11  -33.514477738489923       -3.1258612684403886     
          10          11  -34.931872495729266       0.40689399217086475     
          15          11  -27.997163520145918      -0.39007123710632641     
          20          11  -34.286680160171557       -1.4161097990950111     
          25          11  -28.624069706744137       -1.5378332096105396     
          30          11  -26.966245733746064      -0.21322634337295199     
          35          11   0.0000000000000000        0.0000000000000000     
          40          11   0.0000000000000000        0.0000000000000000     
          45          11   0.0000000000000000        0.0000000000000000     
          50          11  -32.146332184836979      -0.96759531135859334     
          55          11   0.0000000000000000        0.0000000000000000     
          60          11   0.0000000000000000        0.0000000000000000     
          65          11  -30.897390914006451      -0.82027367502846005     
          70          11  -31.794777203586477       -1.1550702912543898     
          75          11  -28.185592761929001        6.7156444748039945     
          80          11  -30.354390751128335        3.2505848664143855     
          85          11  -33.533971085901726       -2.2053394346599475     
          90          11  -32.367819767173955        1.1797498347299040     
          95          11  -31.692450816862561       -5.1109798994097844     
           0          12  -29.216101689968909        2.3065506267627711     
           5          12  -30.524722033660190        1.6901076670450266     
          10          12   0.0000000000000000        0.0000000000000000     
          15          12   0.0000000000000000        0.0000000000000000     
          20          12   0.0000000000000000        0.0000000000000000     
          25          12   0.0000000000000000        0.0000000000000000     
          30          12  -31.990634121612516       0.11327958205242794     
          35          12   0.0000000000000000        0.0000000000000000     
          40          12  -34.834185587513389       -2.4602831353348620     
          45          12  -29.494345527893984      -0.66311742926927764     
          50          12  -35.307510412323495      -0.23254973608999308     
          55          12   0.0000000000000000        0.0000000000000000     
          60          12  -31.449750150223110        3.5353145099392691     
          65          12   0.0000000000000000        0.0000000000000000     
          70          12   0.0000000000000000        0.0000000000000000     
          75          12  -31.410573238233042        5.0411352683710220     
          80          12  -34.107199034068003       0.85778563173377620     
          85          12  -27.332895514788902        2.0568260430486873     
          90          12   0.0000000000000000        0.0000000000000000     
          95          12  -36.862395122412295       -1.5791366771900073     
           0          13  -33.883706033333567        2.2598654139294183     
           5          13   0.0000000000000000        0.0000000000000000     
          10          13   0.0000000000000000        0.0000000000000000     
          15          13   0.0000000000000000        0.0000000000000000     
          20          13  -31.156487319385917      -0.70695050496283329     
          25          13   0.0000000000000000        0.0000000000000000     
          30          13  -36.651332143904369       -1.7309435247980787     
          35          13  -31.893037700285731        1.7528539332722914     
          40          13   0.0000000000000000        0.0000000000000000     
          45          13  -30.989080766232746        1.2067867996989889     
          50          13   0.0000000000000000        0.0000000000000000     
          55          13   0.0000000000000000        0.0000000000000000     
          60          13  -37.509037316887373        2.2845557462680688     
          65          13   0.0000000000000000        0.0000000000000000     
          70          13   0.0000000000000000        0.0000000000000000     
          75          13   0.0000000000000000        0.0000000000000000     
          80          13   0.0000000000000000        0.0000000000000000     
          85          13   0.0000000000000000        0.0000000000000000     
          90          13   0.0000000000000000        0.0000000000000000     
          95          13   0.0000000000000000        0.0000000000000000     
           0          14   0.0000000000000000        0.0000000000000000     
           5          14   0.0000000000000000        0.0000000000000000     
          10          14   0.0000000000000000        0.0000000000000000     
          15          14  -33.909016654343205        3.9248789557611019     
          20          14   0.0000000000000000        0.0000000000000000     
          25          14   0.0000000000000000        0.0000000000000000     
          30          14   0.0000000000000000        0.0000000000000000     
          35          14   0.0000000000000000        0.0000000000000000     
          40          14   0.0000000000000000        0.0000000000000000     
          45          14   0.0000000000000000        0.0000000000000000     
          50          14   0.0000000000000000        0.0000000000000000     
          55          14  -36.966630973793713        4.1824945462742846     
          60          14   0.0000000000000000        0.0000000000000000     
          65          14  -34.652463974467196       0.34195157269323317     
          70          14   0.0000000000000000        0.0000000000000000     
          75          14   0.0000000000000000        0.0000000000000000     
          80          14   0.0000000000000000        0.0000000000000000     
          85          14   0.0000000000000000        0.0000000000000000     
          90          14  -31.662285757576569        2.1638308877491852     
          95          14   0.0000000000000000        0.0000000000000000     
           0          15   0.0000000000000000        0.0000000000000000     
           5          15  -40.125395337669012       -1.4684995144165214     
          10          15   0.0000000000000000        0.0000000000000000     
          15          15   0.0000000000000000        0.0000000000000000     
          20          15   0.0000000000000000        0.0000000000000000     
          25          15  -35.937305198672220       0.46861802269759778     
          30          15   0.0000000000000000        0.0000000000000000     
          35          15   0.0000000000000000        0.0000000000000000     
          40          15   0.0000000000000000        0.0000000000000000     
          45          15   0.0000000000000000        0.0000000000000000     
          50          15   0.0000000000000000        0.0000000000000000     
          55          15   0.0000000000000000        0.0000000000000000     
          60          15   0.0000000000000000        0.0000000000000000     
          65          15   0.0000000000000000        0.0000000000000000     
          70          15   0.0000000000000000        0.0000000000000000     
          75          15   0.0000000000000000        0.0000000000000000     
          80          15   0.0000000000000000        0.0000000000000000     
          85          15   0.0000000000000000        0.0000000000000000     
          90          15   0.0000000000000000        0.0000000000000000     
          95          15   0.0000000000000000        0.0000000000000000     
           0          16   0.0000000000000000        0.0000000000000000     
           5          16   0.0000000000000000        0.0000000000000000     
          10          16  -35.890450642588334      -0.99915735130906569     
          15          16   0.0000000000000000        0.0000000000000000     
          20          16   0.0000000000000000        0.0000000000000000     
          25          16   0.0000000000000000        0.0000000000000000     
          30          16   0.0000000000000000        0.0000000000000000     
          35          16   0.0000000000000000        0.0000000000000000     
          40          16   0.0000000000000000        0.0000000000000000     
          45          16   0.0000000000000000        0.0000000000000000     
          50          16   0.0000000000000000        0.0000000000000000     
          55          16   0.0000000000000000        0.0000000000000000     
          60          16   0.0000000000000000        0.0000000000000000     
          65          16   0.0000000000000000        0.0000000000000000     
          70          16   0.0000000000000000        0.0000000000000000     
          75          16   0.0000000000000000        0.0000000000000000     
          80          16   0.0000000000000000        0.0000000000000000     
          85          16   0.0000000000000000        0.0000000000000000     
          90          16   0.0000000000000000        0.0000000000000000     
          95          16   0.0000000000000000        0.0000000000000000     
