           0           0   0.0000000000000000        0.0000000000000000     
           5           0   0.0000000000000000        0.0000000000000000     
          10           0   0.0000000000000000        0.0000000000000000     
          15           0   0.0000000000000000        0.0000000000000000     
          20           0   0.0000000000000000        0.0000000000000000     
          25           0   0.0000000000000000        0.0000000000000000     
          30           0   0.0000000000000000        0.0000000000000000     
          35           0   0.0000000000000000        0.0000000000000000     
          40           0   0.0000000000000000        0.0000000000000000     
          45           0   0.0000000000000000        0.0000000000000000     
          50           0   0.0000000000000000        0.0000000000000000     
          55           0   0.0000000000000000        0.0000000000000000     
          60           0   0.0000000000000000        0.0000000000000000     
          65           0   0.0000000000000000        0.0000000000000000     
          70           0   0.0000000000000000        0.0000000000000000     
          75           0   0.0000000000000000        0.0000000000000000     
          80           0   0.0000000000000000        0.0000000000000000     
          85           0   0.0000000000000000        0.0000000000000000     
          90           0   0.0000000000000000        0.0000000000000000     
          95           0   0.0000000000000000        0.0000000000000000     
           0           1  -8.3535729640651919       -3.4263754386498757     
           5           1   1.3031573702582122        2.0999756913886447     
          10           1  -5.0791066513244942       -1.9616996568483369     
          15           1 -0.69230728530378371        6.0960125589049063     
          20           1  -3.4987215139636874       -4.9696440999957847     
          25           1  -2.8535183911770901        1.4557736174269920     
          30           1  -5.1242269773332794        2.9440307961892120     
          35           1  -3.2078666478341233       -1.7880819705018425     
          40           1   1.1789857565602802       -2.3990011438801417     
          45           1  -6.3958502826721997        2.0037782806381355     
          50           1  -6.9230367636663459        2.2096186696474174     
          55           1  -5.4775674492546500      -0.67079534845415623     
          60           1   0.0000000000000000        0.0000000000000000     
          65           1  -2.5009880491211334        1.2604160687523791     
          70           1   2.1277116720597178        1.7945344461534063     
          75           1   0.0000000000000000        0.0000000000000000     
          80           1   8.6000486589909997E-002   4.3802656880020940     
          85           1  -10.756196780405958       -5.0340152987449205     
          90           1 -0.21978861099114511      -0.91971865368911665     
          95           1  -1.6104664961602566      -0.46434783753990239     
           0           2  -4.8036391871381090        3.3000994148113527     
           5           2  -10.973926282313862       -8.7754762427838529E-002
          10           2  -9.6155738173564487       -3.4387311586381308     
          15           2   0.0000000000000000        0.0000000000000000     
          20           2  -6.1738220691864854       -1.4232921544921062     
          25           2  -3.8251827166746466       -4.8535183930531467     
          30           2   0.0000000000000000        0.0000000000000000     
          35           2  0.10043416178717735        5.4237929912304139     
          40           2  -7.3117205862160972       -3.0022055762346511     
          45           2  -7.8305854848537138       -5.0943804521286218     
          50           2  -10.308641789364970       -1.5102535522015792     
          55           2   0.0000000000000000        0.0000000000000000     
          60           2  -10.352206964014954       -3.8240118670240797     
          65           2  -3.3313072247409536       0.16247800311841587     
          70           2  -10.013810911075893        4.4396436723603827     
          75           2  -9.1227647451574967       -5.6006294685717606     
          80           2  -10.080888041770208       -2.9858789207071190     
          85           2  -6.2468577885965715        6.9633732572738083     
          90           2  -10.296468082060528        4.0578546776637303     
          95           2  -10.472048764640363       -3.1431181330243696     
           0           3   0.0000000000000000        0.0000000000000000     
           5           3  -12.908097537640550        2.8388794131894990     
          10           3  -12.122434880597055       -1.1895453270827083     
          15           3  -10.540761943067523       -4.0817126426095918     
          20           3  -9.6633697407000341      -0.65857307461003600     
          25           3  -11.090066315340152       -1.7849151911941696     
          30           3  -7.5186068189481148       -5.1957461328755450     
          35           3  -15.743099003273642        3.2525167428887336     
          40           3   0.0000000000000000        0.0000000000000000     
          45           3  -15.892860913382378       -2.2256459707858944     
          50           3   0.0000000000000000        0.0000000000000000     
          55           3   0.0000000000000000        0.0000000000000000     
          60           3  -3.1812109459394833       -6.1310205385933791     
          65           3  -12.692562192810897       -1.8565054570474082     
          70           3   0.0000000000000000        0.0000000000000000     
          75           3  -8.9262882797669363       -2.3527076200768882     
          80           3  -13.792448456229067       -5.5417873852459110     
          85           3  -6.4720967659326334        3.5897489209868461     
          90           3  -14.708528503106777        2.5040065738202166     
          95           3  -6.5800756441802832      -0.84574104853407661     
           0           4  -14.170807772421744      -0.92306971157363193     
           5           4   0.0000000000000000        0.0000000000000000     
          10           4  -19.193865073967586       -4.1415887896789627     
          15           4  -15.008587732188161       -5.6339641986635769     
          20           4  -17.703822530243940       -2.4204056612830982     
          25           4  -18.251999188692025       -3.4721005166105101     
          30           4  -13.115311507867489      -0.80399955082910424     
          35           4  -16.828098789183343      -0.62706342261797943     
          40           4  -19.594864397447509       -1.5206741544560032     
          45           4  -13.017386161706668       0.62994815950290217     
          50           4  -10.927845160608740        2.5555857525816350     
          55           4  -13.413015636203340       -4.3741271308705976     
          60           4  -12.080846123083688       -2.8684104704801427     
          65           4  -14.228317143150093        2.1435686802195875     
          70           4  -8.6041745678500092        6.7606584352120080     
          75           4  -14.462230353231575      -0.38231877154792926     
          80           4  -18.622322433188288       -4.6659686219641117     
          85           4  -16.697014989901504       -2.1832566143675791     
          90           4  -12.771181862589742      -0.32303447132342455     
          95           4  -12.748129576110045       0.45192802785809505     
           0           5  -17.386247348878946        2.7856702672846012     
           5           5   0.0000000000000000        0.0000000000000000     
          10           5  -19.203723500522685       -2.3101758931876049     
          15           5  -19.359646537724373       -2.5279426721258602     
          20           5  -10.295428082791602        3.0610087238258643     
          25           5  -19.865798551883529       -3.8366953996238351     
          30           5  -16.469115653698907       -2.6249147183410315     
          35           5  -15.755115651643337        8.7737328671444459     
          40           5  -18.674726192671187       -2.9931679378503162     
          45           5   0.0000000000000000        0.0000000000000000     
          50           5   0.0000000000000000        0.0000000000000000     
          55           5  -15.892398914161276       0.72764726740004448     
          60           5  -21.641527778797354       0.52335112145307505     
          65           5  -19.983686279303470      -0.23649550845661338     
          70           5  -19.146598421500016       -3.6564746634315526     
          75           5  -16.600777410289425        1.4813805575197847     
          80           5  -18.038251784915360      -0.68718909627563107     
          85           5  -20.161852233897548        2.5933535210054259     
          90           5  -16.748931643491005      -0.62291468232000824     
          95           5  -17.406857408062137        1.2410876464485909     
           0           6  -21.764516654366460        1.3845682304491902     
           5           6  -13.965626959908661        1.4672858785047538     
          10           6  -21.634005794535227       -1.0598948148077270     
          15           6   0.0000000000000000        0.0000000000000000     
          20           6  -20.371382181885167       -1.1120635035055670E-002
          25           6  -23.123894094414510       -1.1585753613285732     
          30           6  -18.926066181990109        1.7964634287359615     
          35           6   0.0000000000000000        0.0000000000000000     
          40           6  -22.822522321988004       -2.1756519887095038     
          45           6  -20.085006996097832        2.0948459242564610     
          50           6  -24.295756404875135       -1.4922801589012380     
          55           6  -18.299727615627148       -2.5915011839305890     
          60           6  -14.800030367680961      -0.45708276264377901     
          65           6   0.0000000000000000        0.0000000000000000     
          70           6   0.0000000000000000        0.0000000000000000     
          75           6  -21.531318412471023        9.6890856786657764E-002
          80           6  -24.117867555446537       -2.8184394178421002     
          85           6  -19.766311760562871      -0.37655689844484641     
          90           6  -23.646097689677958       -3.0822059012614034     
          95           6  -22.033870188025162        1.9551829767161522     
           0           7   0.0000000000000000        0.0000000000000000     
           5           7  -23.978806812943176      -0.37753123022898905     
          10           7   0.0000000000000000        0.0000000000000000     
          15           7  -21.213832308726310       -4.1092505837969640     
          20           7   0.0000000000000000        0.0000000000000000     
          25           7  -24.837103645438674       -1.7200820667895300     
          30           7  -24.132515922232756       -4.0970403939422084     
          35           7  -25.466636656901187       0.50562134268794523     
          40           7  -20.629305941781695        2.3944114046026144     
          45           7  -22.747245156793383       -4.5318417576467596     
          50           7  -23.176318345221603       0.19997872420240981     
          55           7   0.0000000000000000        0.0000000000000000     
          60           7   0.0000000000000000        0.0000000000000000     
          65           7  -23.613433968776576       -3.4730944326533120     
          70           7  -17.997067800692435       -1.1626704756206863     
          75           7   0.0000000000000000        0.0000000000000000     
          80           7  -23.113938596068806      -0.37721680056002072     
          85           7  -27.528178183331420       -2.3254218148505146     
          90           7  -25.518997483757744       0.24114978685041422     
          95           7  -26.063845011421449       0.58088148980228738     
           0           8  -22.467363282865637        1.7588089276188157     
           5           8  -25.980953708351073       -1.1002739995547017     
          10           8  -25.071136848842102        2.8569621999352535     
          15           8  -23.097532171076907        1.5969654179848192     
          20           8  -20.532897264438077      -0.25688225663955677     
          25           8   0.0000000000000000        0.0000000000000000     
          30           8   0.0000000000000000        0.0000000000000000     
          35           8  -24.441094540819108        3.6312562246898494     
          40           8  -27.126940534785149      -0.97827952016515951     
          45           8  -24.366745580621796        2.5724922505609982     
          50           8  -27.042966633743504       0.83109537547088053     
          55           8  -22.804475980322536      -0.97810168728784674     
          60           8  -22.368777247336880        1.1543631427102241     
          65           8  -20.179796668102767        1.5740305848410685     
          70           8   0.0000000000000000        0.0000000000000000     
          75           8   0.0000000000000000        0.0000000000000000     
          80           8  -23.805318493330674        2.6750239321415847     
          85           8   0.0000000000000000        0.0000000000000000     
          90           8  -25.908003339978336       0.37882818833878673     
          95           8   0.0000000000000000        0.0000000000000000     
           0           9  -28.775401752886840        2.3661303608513151     
           5           9  -29.252715358292214        1.0745066355077881     
          10           9   0.0000000000000000        0.0000000000000000     
          15           9  -25.428922087842309        1.0153326494233283     
          20           9  -60.553657693027674       -4.8933691872576901     
          25           9  -24.773395104809026       -1.8580196682194128     
          30           9  -25.511255704486757       -2.0012912630917867     
          35           9   0.0000000000000000        0.0000000000000000     
          40           9   0.0000000000000000        0.0000000000000000     
          45           9  -25.037885376661961       0.22265375097418882     
          50           9   0.0000000000000000        0.0000000000000000     
          55           9   0.0000000000000000        0.0000000000000000     
          60           9  -27.289972568382836      -0.76774561751591364     
          65           9  -23.411009457987575        1.4014543964879778     
          70           9  -26.874087254569190      -0.85029267775205142     
          75           9  -25.689028106725686       -4.0467345312933389     
          80           9  -26.410559423837299       -4.7616332847688625     
          85           9  -28.148677106614173      -0.70469504816372819     
          90           9  -30.390303408722730       -2.1051981063635594     
          95           9  -27.073971759818960        3.3368747509410213     
           0          10  -27.127464224344365       -1.0239967386382887     
           5          10   0.0000000000000000        0.0000000000000000     
          10          10  -26.732814884562472       -1.1607763596188647     
          15          10  -55.920143067584860      -0.55659598427126866     
          20          10   0.0000000000000000        0.0000000000000000     
          25          10   0.0000000000000000        0.0000000000000000     
          30          10  -32.418624410333052        1.4098538559892404     
          35          10  -28.316794562002201        3.2439607762135836     
          40          10  -31.543396499102982       0.22710728616814890     
          45          10  -30.967564318089558       0.38759412946731686     
          50          10   0.0000000000000000        0.0000000000000000     
          55          10  -24.973748011341002        5.5177514901760816     
          60          10   0.0000000000000000        0.0000000000000000     
          65          10  -31.912209697892990       -3.5191828474623321     
          70          10  -26.938036252701636        5.0087502217976976     
          75          10  -29.786437209722294       -4.0711266543880242     
          80          10  -32.633658507918994       -1.2477273920552534     
          85          10   0.0000000000000000        0.0000000000000000     
          90          10  -32.188807606701175       -1.3827334984561901     
          95          10  -28.332364697192247       -2.0911244158661191     
           0          11  -31.295861583291728       -4.6951719239807232     
           5          11  -30.497443412094150       0.79412254915922631     
          10          11  -53.451173487992776        8.1504707890989181     
          15          11  -29.110366635469731      -0.38080615377467097     
          20          11  -31.091888966159331      -0.15927127714476796     
          25          11  -29.583192455220342       -2.1877946652359981     
          30          11  -28.515213422117824        3.8464244094171818     
          35          11  -29.277986481446305       -2.2272481681362422     
          40          11  -28.873674612341915      -0.37541200462953839     
          45          11   0.0000000000000000        0.0000000000000000     
          50          11  -24.350764945069159        1.0965459728318194     
          55          11  -33.439464991715795       0.40911720629921433     
          60          11  -30.679893017762083        1.0061952039031041     
          65          11   0.0000000000000000        0.0000000000000000     
          70          11   0.0000000000000000        0.0000000000000000     
          75          11   0.0000000000000000        0.0000000000000000     
          80          11  -29.873225103003165       0.29617029424500174     
          85          11  -28.828709909802797       -2.0195184263727128     
          90          11  -32.102730162151261       -3.4976687210352964     
          95          11  -31.073125867990825        2.6377718748982204     
           0          12  -34.863776438230353      -0.12653387027938834     
           5          12   0.0000000000000000        0.0000000000000000     
          10          12   0.0000000000000000        0.0000000000000000     
          15          12   0.0000000000000000        0.0000000000000000     
          20          12   0.0000000000000000        0.0000000000000000     
          25          12  -34.422652177710233        3.1250993320419695     
          30          12  -35.581326794300594       -2.2158206002664826     
          35          12  -36.891030282859560        1.2761221700330339     
          40          12  -35.182111957112738      -0.70976443558024016     
          45          12   0.0000000000000000        0.0000000000000000     
          50          12   0.0000000000000000        0.0000000000000000     
          55          12   0.0000000000000000        0.0000000000000000     
          60          12   0.0000000000000000        0.0000000000000000     
          65          12  -34.885542790945578       0.52199828092014400     
          70          12   0.0000000000000000        0.0000000000000000     
          75          12   0.0000000000000000        0.0000000000000000     
          80          12  -36.176958743610044      -0.34327230796549202     
          85          12  -32.750337318319112      -0.89749438064501419     
          90          12   0.0000000000000000        0.0000000000000000     
          95          12   0.0000000000000000        0.0000000000000000     
           0          13   0.0000000000000000        0.0000000000000000     
           5          13   0.0000000000000000        0.0000000000000000     
          10          13  -36.337265115831130       -2.3888492458112864     
          15          13   0.0000000000000000        0.0000000000000000     
          20          13  -35.418492968624093      -0.18682601242048236     
          25          13   0.0000000000000000        0.0000000000000000     
          30          13   0.0000000000000000        0.0000000000000000     
          35          13  -40.615806803785404       0.94383090745608911     
          40          13   0.0000000000000000        0.0000000000000000     
          45          13  -35.881289490404811        1.3348845618921246     
          50          13  -36.102210621820063       -2.1469252925676585     
          55          13  -35.415273333256891      -0.63668890721402249     
          60          13  -31.364787329124511        1.8171582611259396     
          65          13   0.0000000000000000        0.0000000000000000     
          70          13   0.0000000000000000        0.0000000000000000     
          75          13  -37.283865436990027        1.3229247799362298     
          80          13   0.0000000000000000        0.0000000000000000     
          85          13  -32.055483628781190        2.3533076390869212     
          90          13   0.0000000000000000        0.0000000000000000     
          95          13  -34.784740935620562       0.34395940865294961     
           0          14   0.0000000000000000        0.0000000000000000     
           5          14   0.0000000000000000        0.0000000000000000     
          10          14   0.0000000000000000        0.0000000000000000     
          15          14  -35.874235954045375        4.6595037175478637     
          20          14   0.0000000000000000        0.0000000000000000     
          25          14   0.0000000000000000        0.0000000000000000     
          30          14  -41.316694400990173        2.0245056366618996     
          35          14   0.0000000000000000        0.0000000000000000     
          40          14  -36.940543945718218      -0.87928042232121584     
          45          14   0.0000000000000000        0.0000000000000000     
          50          14   0.0000000000000000        0.0000000000000000     
          55          14   0.0000000000000000        0.0000000000000000     
          60          14   0.0000000000000000        0.0000000000000000     
          65          14  -33.797633267411697        1.0478115125955867     
          70          14   0.0000000000000000        0.0000000000000000     
          75          14  -34.365118815244955       -2.4624514632698435     
          80          14   0.0000000000000000        0.0000000000000000     
          85          14   0.0000000000000000        0.0000000000000000     
          90          14   0.0000000000000000        0.0000000000000000     
          95          14   0.0000000000000000        0.0000000000000000     
           0          15   0.0000000000000000        0.0000000000000000     
           5          15   0.0000000000000000        0.0000000000000000     
          10          15  -34.457982245550411       -2.4951409025320004     
          15          15   0.0000000000000000        0.0000000000000000     
          20          15   0.0000000000000000        0.0000000000000000     
          25          15   0.0000000000000000        0.0000000000000000     
          30          15   0.0000000000000000        0.0000000000000000     
          35          15   0.0000000000000000        0.0000000000000000     
          40          15   0.0000000000000000        0.0000000000000000     
          45          15   0.0000000000000000        0.0000000000000000     
          50          15   0.0000000000000000        0.0000000000000000     
          55          15   0.0000000000000000        0.0000000000000000     
          60          15   0.0000000000000000        0.0000000000000000     
          65          15   0.0000000000000000        0.0000000000000000     
          70          15   0.0000000000000000        0.0000000000000000     
          75          15   0.0000000000000000        0.0000000000000000     
          80          15   0.0000000000000000        0.0000000000000000     
          85          15   0.0000000000000000        0.0000000000000000     
          90          15   0.0000000000000000        0.0000000000000000     
          95          15   0.0000000000000000        0.0000000000000000     
           0          16   0.0000000000000000        0.0000000000000000     
           5          16   0.0000000000000000        0.0000000000000000     
          10          16   0.0000000000000000        0.0000000000000000     
          15          16   0.0000000000000000        0.0000000000000000     
          20          16   0.0000000000000000        0.0000000000000000     
          25          16   0.0000000000000000        0.0000000000000000     
          30          16   0.0000000000000000        0.0000000000000000     
          35          16   0.0000000000000000        0.0000000000000000     
          40          16   0.0000000000000000        0.0000000000000000     
          45          16   0.0000000000000000        0.0000000000000000     
          50          16   0.0000000000000000        0.0000000000000000     
          55          16   0.0000000000000000        0.0000000000000000     
          60          16   0.0000000000000000        0.0000000000000000     
          65          16   0.0000000000000000        0.0000000000000000     
          70          16   0.0000000000000000        0.0000000000000000     
          75          16   0.0000000000000000        0.0000000000000000     
          80          16   0.0000000000000000        0.0000000000000000     
          85          16   0.0000000000000000        0.0000000000000000     
          90          16   0.0000000000000000        0.0000000000000000     
          95          16   0.0000000000000000        0.0000000000000000     
