           0           0   0.0000000000000000        0.0000000000000000     
           5           0   0.0000000000000000        0.0000000000000000     
          10           0   0.0000000000000000        0.0000000000000000     
          15           0   0.0000000000000000        0.0000000000000000     
          20           0   0.0000000000000000        0.0000000000000000     
          25           0   0.0000000000000000        0.0000000000000000     
          30           0   0.0000000000000000        0.0000000000000000     
          35           0   0.0000000000000000        0.0000000000000000     
          40           0   0.0000000000000000        0.0000000000000000     
          45           0   0.0000000000000000        0.0000000000000000     
          50           0   0.0000000000000000        0.0000000000000000     
          55           0   0.0000000000000000        0.0000000000000000     
          60           0   0.0000000000000000        0.0000000000000000     
          65           0   0.0000000000000000        0.0000000000000000     
          70           0   0.0000000000000000        0.0000000000000000     
          75           0   0.0000000000000000        0.0000000000000000     
          80           0   0.0000000000000000        0.0000000000000000     
          85           0   0.0000000000000000        0.0000000000000000     
          90           0   0.0000000000000000        0.0000000000000000     
          95           0   0.0000000000000000        0.0000000000000000     
           0           1 -0.35421588962025741      -0.26394027633713790     
           5           1   3.1864838647699401E-002 -0.35042760690551233     
          10           1 -0.41570664297552185       -1.8998374984313671E-002
          15           1  0.50794324583769423       0.29528354557939451     
          20           1   6.4480427557356279E-002  -1.3309573671804742     
          25           1  -1.3584648400488675      -0.68510546319178189     
          30           1   0.0000000000000000        0.0000000000000000     
          35           1 -0.18315702170923487      -0.12684896708359261     
          40           1   6.9744179285180508E-002 -0.27377918623727737     
          45           1  0.28638207481890277       -1.1420937211514826E-002
          50           1  0.67358227028080364       0.16874438412584070     
          55           1 -0.51589757354975063      -0.59292714519210143     
          60           1  -1.5987428079711208        1.1684838563397193E-002
          65           1 -0.82299287520015696        2.7657063774721991E-002
          70           1  -1.2691451205881776       0.33111616426384494     
          75           1 -0.66522225125709156       -1.1833797620164344     
          80           1 -0.68890178418712367       -8.3270223703024726E-002
          85           1 -0.84053715603715773       0.65480306693732615     
          90           1 -0.45530589339648486      -0.79442112033367707     
          95           1 -0.46244615184320992      -0.62812023664982064     
           0           2  -2.1845334268150163       -9.7529767002502155E-002
           5           2   0.0000000000000000        0.0000000000000000     
          10           2  -1.2141168735713137       0.39694216027230667     
          15           2  -3.0078820206735912        3.3556801750656007E-002
          20           2  -1.6358273991379235       0.56645956834744382     
          25           2   0.0000000000000000        0.0000000000000000     
          30           2  -1.3576147651583881       0.76852440876740147     
          35           2 -0.91724425544725818       0.23823306523729215     
          40           2  -1.7242420963725635        7.0687577042871652E-002
          45           2  -2.2682869721535326      -0.85399813864794893     
          50           2  -1.3882584588031932        1.0081982906329223     
          55           2  -1.4367039926099778        1.2588479408193187     
          60           2  -1.4488708851700949      -0.21955854460520285     
          65           2  -1.7464164998415299       0.74199593763646376     
          70           2 -0.78146306812243438      -0.81721964951375625     
          75           2  -1.8927589655959309       0.51846411714961960     
          80           2 -0.51761985169207492      -0.48659154673336147     
          85           2  -2.3469542906440211       0.49879764956850536     
          90           2  -2.7483125827387767      -0.10535274965084440     
          95           2 -0.99497147196814240       0.55168992462162336     
           0           3  -2.6222367079847819       0.76571520771784307     
           5           3  -1.2370292300856178       0.85374072925636924     
          10           3  -1.4817453147575321       0.83722586004641997     
          15           3  -3.2000264629150621      -0.28245051125752596     
          20           3   0.0000000000000000        0.0000000000000000     
          25           3  -2.3606355803273971       0.70011254794666300     
          30           3  -3.8790596137694422       0.31689789928401879     
          35           3  -3.4352900522094387       0.51323711499628999     
          40           3  -1.3621992673051864      -0.55849524267737038     
          45           3  -2.2063411992689907      -0.50183430767791748     
          50           3  -1.6399724797366844      -0.65854653185537515     
          55           3  -1.7452733145262300       -3.3182571466117139E-002
          60           3  -4.0619559796084559      -0.84656356262646781     
          65           3  -2.1205443261607115       -1.3496565614290468     
          70           3   0.0000000000000000        0.0000000000000000     
          75           3  -2.8736868016920880       -1.7980914877813170     
          80           3  -3.4547461225287179      -0.74054909405374403     
          85           3  -2.5947206119525390       0.95017765940896837     
          90           3   0.0000000000000000        0.0000000000000000     
          95           3  -3.4977800140012505      -0.18768898564891501     
           0           4  -3.9007680744207462       0.14073904083478084     
           5           4  -4.0309238700375616      -0.24193013898443638     
          10           4  -3.4936565494358973       0.54100657326916490     
          15           4  -3.5048591226338743        1.3789023362642538     
          20           4  -3.6960502936800310      -0.40925468047792180     
          25           4   0.0000000000000000        0.0000000000000000     
          30           4  -3.9299484038757271        6.7966640160399550E-002
          35           4  -3.9629753829473202      -0.41612408363089770     
          40           4  -3.0089070467909096       0.10079421939312994     
          45           4  -4.0374948687116330      -0.91566012204058467     
          50           4  -3.1660089076979148       -1.2886041296233941E-002
          55           4  -4.1661170927653757       -1.5013583651990459     
          60           4  -4.0008455336959514      -0.26005425132868965     
          65           4  -3.1828493643359934       0.12034255945980732     
          70           4  -3.9800838423076357      -0.11855694357354452     
          75           4  -3.8214758416899031        1.3562538750155895     
          80           4  -4.1297155969033383      -0.61676023673573610     
          85           4  -4.0702042557683171        7.7475855113640080E-002
          90           4  -6.7352377986651391       -1.0795683647923937     
          95           4  -3.6800420264881950      -0.15164211550011686     
           0           5   0.0000000000000000        0.0000000000000000     
           5           5  -4.6658300062718538      -0.23932084383115892     
          10           5  -3.9864804994405034      -0.10586039549398407     
          15           5  -3.7045774569666179      -0.48481373687625506     
          20           5  -4.8988044061992753      -0.12006628554050991     
          25           5  -4.3310705165033880      -0.59885524667624424     
          30           5  -4.8137768549416649       0.37857720453171595     
          35           5  -2.8781133546118554       0.61901416157805755     
          40           5  -4.4866511007768395        6.9061689025318174E-002
          45           5  -3.3314549961005469      -0.61936282282459842     
          50           5  -4.2484215674676307       0.36922945207518154     
          55           5  -4.0100399770892636       -1.2996662472763987     
          60           5  -4.1847150469465078        8.2114799506705083E-002
          65           5  -4.1406007003530476       -1.0895057179771683     
          70           5  -4.4460633733223176       0.18073677864105520     
          75           5  -4.8038544962736296      -0.28597613803693633     
          80           5  -5.2746153982496935       0.10721237182931276     
          85           5  -3.8182270179021316       0.33894775228748841     
          90           5   0.0000000000000000        0.0000000000000000     
          95           5  -4.2098861025152701       0.47094595376773185     
           0           6   0.0000000000000000        0.0000000000000000     
           5           6  -5.1196321695456959      -0.14988561083839613     
          10           6  -4.3612108408996875       -5.1003474821342820E-003
          15           6   0.0000000000000000        0.0000000000000000     
          20           6  -4.7085484588826887      -0.28870684664727975     
          25           6  -4.9491958608705033        8.5527528246309714E-002
          30           6  -5.2914164494843874       -1.2929201806821666     
          35           6  -5.2087155852120759      -0.25950008256447887     
          40           6  -4.9439222366487456        8.0578897132532745E-002
          45           6   0.0000000000000000        0.0000000000000000     
          50           6  -4.9638920194894354      -0.58211678961139768     
          55           6   0.0000000000000000        0.0000000000000000     
          60           6   0.0000000000000000        0.0000000000000000     
          65           6  -4.8974654625766334      -0.53383537579332341     
          70           6  -5.0245542892213280       0.87719398292218642     
          75           6   0.0000000000000000        0.0000000000000000     
          80           6  -4.5626072766680181       0.10975512025002132     
          85           6  -4.9943366361304697       0.57920759572116509     
          90           6  -10.577759643695117       -1.4777888030081954     
          95           6  -5.8179462880758592       0.41802126483414526     
           0           7  -5.7481261880593104       0.59978398676552303     
           5           7   0.0000000000000000        0.0000000000000000     
          10           7  -6.4083911150536466      -0.20250250067466169     
          15           7  -6.2867279450440350      -0.29556845890343908     
          20           7  -6.3565255994468828      -0.36200006507502991     
          25           7  -11.848194811943102       0.49893689227697990     
          30           7  -6.4210809793330270        4.7009595793845449E-002
          35           7  -5.9460659536370031       0.20384056228284209     
          40           7  -5.0485251485099525       -4.8723045948939614E-002
          45           7  -4.9129735386088669        1.0326828721041181E-002
          50           7   0.0000000000000000        0.0000000000000000     
          55           7  -4.7618597794496509        7.5451203414012014E-002
          60           7  -4.9625310709444648       0.22715004088791346     
          65           7  -5.1939530658984268       0.18365180632695655     
          70           7  -6.0392484936500068       0.13799815419712758     
          75           7  -5.7134340304543230       0.59317692923332999     
          80           7  -6.2231980705718115       -5.0134684941305352E-002
          85           7  -6.5215528784534627      -0.88193230082911356     
          90           7  -6.0271152532465067       -2.5389049844726230E-002
          95           7   0.0000000000000000        0.0000000000000000     
           0           8   0.0000000000000000        0.0000000000000000     
           5           8  -11.422002710306245       0.30761591556682788     
          10           8  -5.6826760635697582      -0.14902354844359422     
          15           8   0.0000000000000000        0.0000000000000000     
          20           8  -7.0799261524534529       0.36851125897463533     
          25           8  -5.5166739483603067       0.91369105466476697     
          30           8  -6.9585974323693733      -0.56860332954933313     
          35           8  -5.9559756562777011       0.83160285012873203     
          40           8  -6.2183982609553823       -6.1542408671400040E-002
          45           8  -5.2469796054310791       -5.9104312333246867E-002
          50           8   0.0000000000000000        0.0000000000000000     
          55           8  -10.314645219153817       -1.7808684038556066E-002
          60           8  -5.4337772938595208       0.16034906090034440     
          65           8  -6.3167789860330004       -8.5120408295225047E-002
          70           8  -6.0465068994375315        1.2664516047333763     
          75           8   0.0000000000000000        0.0000000000000000     
          80           8   0.0000000000000000        0.0000000000000000     
          85           8   0.0000000000000000        0.0000000000000000     
          90           8  -5.5780684460415841       0.10774044171490971     
          95           8  -4.8674924277491982       0.91007419654509647     
           0           9  -6.5754314541265764       0.28488680626104212     
           5           9  -6.1157745457185442       0.51616962504219543     
          10           9  -6.4199488588467801      -0.45432380153975771     
          15           9   0.0000000000000000        0.0000000000000000     
          20           9  -6.8882058927677292      -0.22742704493872168     
          25           9  -6.4322725250498536        1.2399897453274633     
          30           9  -7.3809213446374144       0.26276090438592803     
          35           9  -6.6291379724958688      -0.28882718413392183     
          40           9  -6.4362539406914721       0.18152197493570554     
          45           9  -6.4620997134312574      -0.47378283732690818     
          50           9  -6.5944605143641866       0.84019601042761849     
          55           9  -5.9633832172778511       0.42473982435176083     
          60           9  -6.0626253012685538       0.25433054410051170     
          65           9  -6.7555771482119553       0.71876318041397269     
          70           9  -6.4775938259487020      -0.40500982120939000     
          75           9  -7.6596735701883745      -0.45489335536608166     
          80           9  -6.4824508564953476       0.92559483010568044     
          85           9  -5.7992402400230958      -0.53542284182306332     
          90           9   0.0000000000000000        0.0000000000000000     
          95           9  -6.2083792243328162      -0.43167485595851929     
           0          10  -6.8513880992854270      -0.52971105586330225     
           5          10   0.0000000000000000        0.0000000000000000     
          10          10  -7.8167716627053352      -0.39806651344953536     
          15          10   0.0000000000000000        0.0000000000000000     
          20          10  -7.6331778073246426       0.90619643921208137     
          25          10  -7.3404138513666339       0.46999727839391880     
          30          10  -7.2071907507798016      -0.23159457653854076     
          35          10  -6.8491004162751778       0.52392450238691879     
          40          10  -7.2504483817681376       -1.7129303042651145E-003
          45          10  -8.2064934686698621      -0.74296221754366343     
          50          10  -7.5826348648178055       0.21231688712042285     
          55          10   0.0000000000000000        0.0000000000000000     
          60          10  -6.6020620077011927       0.34688172818597707     
          65          10  -7.2561188523678766       0.25329143599428505     
          70          10   0.0000000000000000        0.0000000000000000     
          75          10   0.0000000000000000        0.0000000000000000     
          80          10  -7.5663532408754008        4.4158337795252578E-002
          85          10   0.0000000000000000        0.0000000000000000     
          90          10  -7.9435192268562105      -0.71029639829411906     
          95          10  -7.5196039974656514        9.0191098509606604E-002
           0          11  -7.2351603878823001       0.31567018582201456     
           5          11  -7.2449104277128029      -0.52920589525662365     
          10          11  -7.8997829179794365       -9.3833122312148021E-002
          15          11  -6.6692838165227641       0.49473287570656055     
          20          11  -7.7634342198074080        7.2340574801543767E-002
          25          11  -8.9313272107638397       0.15721023484793761     
          30          11   0.0000000000000000        0.0000000000000000     
          35          11   0.0000000000000000        0.0000000000000000     
          40          11  -9.6068178105213065       -1.1219695809838726     
          45          11   0.0000000000000000        0.0000000000000000     
          50          11   0.0000000000000000        0.0000000000000000     
          55          11  -7.4841357725574653       0.19399527000807382     
          60          11  -6.6363474287101099       0.50318909113222787     
          65          11  -7.4934017937522412       0.37752420017689303     
          70          11   0.0000000000000000        0.0000000000000000     
          75          11  -6.8684977960487004       -8.8945232450399203E-002
          80          11  -8.1456997327933323       0.52555275433796567     
          85          11  -7.7195645670968815        9.8358441755763693E-002
          90          11   0.0000000000000000        0.0000000000000000     
          95          11   0.0000000000000000        0.0000000000000000     
           0          12   0.0000000000000000        0.0000000000000000     
           5          12   0.0000000000000000        0.0000000000000000     
          10          12  -7.1875808578436562       0.77423299377876731     
          15          12  -7.2704906812592895        1.4130131804801493     
          20          12   0.0000000000000000        0.0000000000000000     
          25          12   0.0000000000000000        0.0000000000000000     
          30          12  -8.8238697576237257       -5.3332551361862102E-002
          35          12   0.0000000000000000        0.0000000000000000     
          40          12   0.0000000000000000        0.0000000000000000     
          45          12   0.0000000000000000        0.0000000000000000     
          50          12  -8.1351895798320584      -0.78862194185624901     
          55          12  -7.5756681507499479      -0.20695317064500784     
          60          12  -6.5036776965854415        1.4499653163912996     
          65          12   0.0000000000000000        0.0000000000000000     
          70          12   0.0000000000000000        0.0000000000000000     
          75          12   0.0000000000000000        0.0000000000000000     
          80          12   0.0000000000000000        0.0000000000000000     
          85          12   0.0000000000000000        0.0000000000000000     
          90          12  -7.9164474080783975        9.4484825678975426E-002
          95          12  -7.6108656754314552       0.14999413026295372     
           0          13   0.0000000000000000        0.0000000000000000     
           5          13   0.0000000000000000        0.0000000000000000     
          10          13   0.0000000000000000        0.0000000000000000     
          15          13   0.0000000000000000        0.0000000000000000     
          20          13   0.0000000000000000        0.0000000000000000     
          25          13   0.0000000000000000        0.0000000000000000     
          30          13   0.0000000000000000        0.0000000000000000     
          35          13   0.0000000000000000        0.0000000000000000     
          40          13   0.0000000000000000        0.0000000000000000     
          45          13  -8.0896163707677715       0.14248280414186354     
          50          13   0.0000000000000000        0.0000000000000000     
          55          13   0.0000000000000000        0.0000000000000000     
          60          13  -6.9209859834273857       0.27894013311602350     
          65          13   0.0000000000000000        0.0000000000000000     
          70          13   0.0000000000000000        0.0000000000000000     
          75          13   0.0000000000000000        0.0000000000000000     
          80          13   0.0000000000000000        0.0000000000000000     
          85          13   0.0000000000000000        0.0000000000000000     
          90          13   0.0000000000000000        0.0000000000000000     
          95          13   0.0000000000000000        0.0000000000000000     
           0          14   0.0000000000000000        0.0000000000000000     
           5          14   0.0000000000000000        0.0000000000000000     
          10          14   0.0000000000000000        0.0000000000000000     
          15          14   0.0000000000000000        0.0000000000000000     
          20          14   0.0000000000000000        0.0000000000000000     
          25          14   0.0000000000000000        0.0000000000000000     
          30          14   0.0000000000000000        0.0000000000000000     
          35          14   0.0000000000000000        0.0000000000000000     
          40          14   0.0000000000000000        0.0000000000000000     
          45          14   0.0000000000000000        0.0000000000000000     
          50          14   0.0000000000000000        0.0000000000000000     
          55          14   0.0000000000000000        0.0000000000000000     
          60          14   0.0000000000000000        0.0000000000000000     
          65          14   0.0000000000000000        0.0000000000000000     
          70          14   0.0000000000000000        0.0000000000000000     
          75          14   0.0000000000000000        0.0000000000000000     
          80          14   0.0000000000000000        0.0000000000000000     
          85          14   0.0000000000000000        0.0000000000000000     
          90          14   0.0000000000000000        0.0000000000000000     
          95          14   0.0000000000000000        0.0000000000000000     
           0          15   0.0000000000000000        0.0000000000000000     
           5          15   0.0000000000000000        0.0000000000000000     
          10          15   0.0000000000000000        0.0000000000000000     
          15          15   0.0000000000000000        0.0000000000000000     
          20          15   0.0000000000000000        0.0000000000000000     
          25          15   0.0000000000000000        0.0000000000000000     
          30          15   0.0000000000000000        0.0000000000000000     
          35          15   0.0000000000000000        0.0000000000000000     
          40          15   0.0000000000000000        0.0000000000000000     
          45          15   0.0000000000000000        0.0000000000000000     
          50          15   0.0000000000000000        0.0000000000000000     
          55          15   0.0000000000000000        0.0000000000000000     
          60          15   0.0000000000000000        0.0000000000000000     
          65          15   0.0000000000000000        0.0000000000000000     
          70          15   0.0000000000000000        0.0000000000000000     
          75          15   0.0000000000000000        0.0000000000000000     
          80          15   0.0000000000000000        0.0000000000000000     
          85          15   0.0000000000000000        0.0000000000000000     
          90          15   0.0000000000000000        0.0000000000000000     
          95          15   0.0000000000000000        0.0000000000000000     
           0          16   0.0000000000000000        0.0000000000000000     
           5          16   0.0000000000000000        0.0000000000000000     
          10          16   0.0000000000000000        0.0000000000000000     
          15          16   0.0000000000000000        0.0000000000000000     
          20          16   0.0000000000000000        0.0000000000000000     
          25          16   0.0000000000000000        0.0000000000000000     
          30          16   0.0000000000000000        0.0000000000000000     
          35          16   0.0000000000000000        0.0000000000000000     
          40          16   0.0000000000000000        0.0000000000000000     
          45          16   0.0000000000000000        0.0000000000000000     
          50          16   0.0000000000000000        0.0000000000000000     
          55          16   0.0000000000000000        0.0000000000000000     
          60          16   0.0000000000000000        0.0000000000000000     
          65          16   0.0000000000000000        0.0000000000000000     
          70          16   0.0000000000000000        0.0000000000000000     
          75          16   0.0000000000000000        0.0000000000000000     
          80          16   0.0000000000000000        0.0000000000000000     
          85          16   0.0000000000000000        0.0000000000000000     
          90          16   0.0000000000000000        0.0000000000000000     
          95          16   0.0000000000000000        0.0000000000000000     
