           0           0   0.0000000000000000        0.0000000000000000     
           5           0   0.0000000000000000        0.0000000000000000     
          10           0   0.0000000000000000        0.0000000000000000     
          15           0   0.0000000000000000        0.0000000000000000     
          20           0   0.0000000000000000        0.0000000000000000     
          25           0   0.0000000000000000        0.0000000000000000     
          30           0   0.0000000000000000        0.0000000000000000     
          35           0   0.0000000000000000        0.0000000000000000     
          40           0   0.0000000000000000        0.0000000000000000     
          45           0   0.0000000000000000        0.0000000000000000     
          50           0   0.0000000000000000        0.0000000000000000     
          55           0   0.0000000000000000        0.0000000000000000     
          60           0   0.0000000000000000        0.0000000000000000     
          65           0   0.0000000000000000        0.0000000000000000     
          70           0   0.0000000000000000        0.0000000000000000     
          75           0   0.0000000000000000        0.0000000000000000     
          80           0   0.0000000000000000        0.0000000000000000     
          85           0   0.0000000000000000        0.0000000000000000     
          90           0   0.0000000000000000        0.0000000000000000     
          95           0   0.0000000000000000        0.0000000000000000     
           0           1 -0.43622822402389350        3.0441497025357478E-002
           5           1 -0.21021509391427884        9.8650628467256141E-002
          10           1 -0.26615115915618048      -0.36104377614143424     
          15           1 -0.11538677975764244        3.2294776948216253E-002
          20           1  -6.7783400332643851E-002  -4.5713622836007772E-002
          25           1 -0.19732747919221083       0.13526946251896099     
          30           1 -0.20423870637387154        2.1125177793734906E-002
          35           1 -0.12149917939296984       0.12613837284458640     
          40           1  -8.6306686100101615E-002  -9.5241452069405597E-003
          45           1  -7.5282483820160451E-002   3.5434188900840269E-002
          50           1  -5.5857291165750667E-002  -1.0304802134930569E-002
          55           1 -0.15501631587255815        6.1363276288028956E-002
          60           1 -0.12027181430340761       -2.8774984428547867E-002
          65           1 -0.27242362683921328        4.7940564094073324E-002
          70           1 -0.34570425590629839       -5.0669947908588142E-002
          75           1 -0.38893872783773986       0.16301926267781042     
          80           1 -0.38381814654542268      -0.12274283564650545     
          85           1 -0.25663116602459013        9.3667274397857270E-002
          90           1 -0.24097707964187975       -6.4893163786994279E-003
          95           1 -0.28771122259740878       0.13560696874970191     
           0           2 -0.33607288987592271      -0.22917482997319993     
           5           2 -0.35366637591849326       -8.6190224695137374E-002
          10           2 -0.16961615797228546        8.3872163523235344E-002
          15           2 -0.12320464764847827       -2.9245695134516581E-002
          20           2  -9.8228475238215651E-002  -7.3949656909100270E-003
          25           2 -0.10987348291635612       -6.7311992235641327E-002
          30           2  -1.7232605475925311E-002  -4.1270085930911193E-002
          35           2 -0.16220284543067010       -4.0946507462447101E-002
          40           2 -0.12269491367788987        7.1547243236658176E-002
          45           2  -9.2377397038490017E-002  -5.3133821094064615E-002
          50           2  -8.9764742341458259E-002   5.8012428481024614E-002
          55           2  -7.3741078026046125E-002  -7.3165012741682744E-002
          60           2 -0.33043575484725807       0.19745143957861089     
          65           2 -0.30599986054369310        2.9724275441012082E-002
          70           2 -0.38411953632078166       -2.4134690079780086E-002
          75           2 -0.40197856542079080       -1.0215397319157660E-002
          80           2 -0.34029276349656357       -9.6587021978233878E-002
          85           2 -0.26064867661546032       -2.2380361057727782E-002
          90           2 -0.27679663382684794      -0.13982158884706664     
          95           2 -0.42416807467304807      -0.17306248870641028     
           0           3 -0.34895000497803252      -0.33836398071196427     
           5           3 -0.41854911076555368       -5.2003988952886715E-002
          10           3 -0.31972390257095640      -0.11220328185901352     
          15           3 -0.23631737549045795        1.9639920723069082E-002
          20           3 -0.25298064606715798        5.5772810383381000E-002
          25           3 -0.16483276112921885        2.7231664223581475E-002
          30           3 -0.18092512148015771        5.7324893856236514E-002
          35           3 -0.12661854018602980       -4.4777389236472231E-002
          40           3  -7.4615603438132894E-002   9.9261789487936625E-002
          45           3 -0.15478635443599842       -6.4233819996317720E-003
          50           3 -0.10299177407802063       -7.8084030095126877E-002
          55           3  -9.7402410865754518E-002   3.7384068241053114E-002
          60           3 -0.41303961261007771        5.2941975545728326E-002
          65           3 -0.40741159423873796        9.0433685913104966E-002
          70           3 -0.22975654900392328        3.8639892974146051E-002
          75           3 -0.34594241178353968       -6.3388655660023829E-002
          80           3 -0.39450500587179249      -0.18536981080563564     
          85           3 -0.31221754582588801       -1.5998123905625050E-002
          90           3 -0.34321122129199466       -8.0841025618116902E-002
          95           3 -0.32178706817376224      -0.11787052102807394     
           0           4 -0.55824199066967228      -0.21032856425851065     
           5           4  -1.2155192891727395       0.11606602825064982     
          10           4 -0.36222260615836888        8.5934792051212128E-002
          15           4 -0.39296039764380453       0.11550558003392553     
          20           4 -0.32064416179977684        2.7799291371088941E-002
          25           4 -0.29266299582886290        8.8390564614293510E-002
          30           4 -0.38391108963864440      -0.18202119355770208     
          35           4 -0.22244862211806549        1.9838986262676883E-002
          40           4 -0.18293756387066651       -3.3472109470800149E-002
          45           4 -0.22977036465476885        4.0233151548108026E-002
          50           4 -0.20853869926895641       -1.5017074974643663E-002
          55           4 -0.32173241400812458       0.14744925324716718     
          60           4 -0.28897990539178409        3.0801857948681288E-002
          65           4 -0.53133173949504453       0.14130031392944886     
          70           4 -0.46181439309123107      -0.16867664382136383     
          75           4  -1.0145144332796008       -6.9491316643244261E-002
          80           4 -0.42747264295428522       -9.0453232393095107E-002
          85           4 -0.58460550150130075       0.11735411226787562     
          90           4 -0.79784025970752737       -9.6745110576001991E-002
          95           4 -0.92089149923424429       -6.0463757707296395E-002
           0           5 -0.58431369387323961      -0.35302058195352259     
           5           5  -1.3658591976950518      -0.25999405493859484     
          10           5 -0.62244772109032453      -0.25192213277236419     
          15           5 -0.62166127305474106        7.4241244112371874E-002
          20           5 -0.88924893878683520       0.42030582756868995     
          25           5  -1.3268191119664152      -0.39927536731987345     
          30           5  -1.2138381461035408      -0.69850248347602673     
          35           5  -2.5072300518758084      -0.58412095800708386     
          40           5  -2.3913087224869400      -0.40840378056294924     
          45           5  -2.3235440168534183      -0.42863601743992064     
          50           5  -1.0765184759620183      -0.39571565968010702     
          55           5  -2.1582435520528520      -0.48891975234610641     
          60           5  -2.1540296726030306      -0.32030712316277743     
          65           5  -1.0326443690189535        7.1820914193665431E-003
          70           5 -0.79467139777023021      -0.28883910214272390     
          75           5   0.0000000000000000        0.0000000000000000     
          80           5 -0.30411999475177254      -0.28742509491586077     
          85           5 -0.28334461980250580      -0.48740433241878378     
          90           5 -0.32059091410019391       0.11010605268424456     
          95           5 -0.32889531780710968       -8.4472915160560547E-002
           0           6  -1.4454432523686167      -0.32763457560758269     
           5           6  -1.2777250385154204        3.4101738988212560E-003
          10           6  -1.1961424680695387      -0.17632685743063092     
          15           6  -1.1444080781508603      -0.42949667788949597     
          20           6  -1.4276665532619859      -0.18771098535985686     
          25           6  -1.0905423411955439      -0.37335289428952478     
          30           6  -1.2643173827875387      -0.30483405363934679     
          35           6  -1.3820641940043288      -0.44076158217887240     
          40           6  -1.2294814464297588       -8.9543949131076772E-002
          45           6  -1.2522691591954072      -0.44527786791537238     
          50           6  -2.3562462542514595      -0.67518696759805152     
          55           6  -1.3657207480832767      -0.17947700634568520     
          60           6  -1.3315097780619567      -0.18641080270942467     
          65           6 -0.96171524042176770       -2.1982442075518804E-002
          70           6 -0.90989831527110709      -0.26028118685683665     
          75           6 -0.86054129305068727      -0.22886266162203128     
          80           6 -0.67477253885783739      -0.17870209975345830     
          85           6  -1.5544668023892427      -0.35588156631849444     
          90           6  -1.5575992997440835      -0.18854778732535493     
          95           6  -1.4773024774683563      -0.27397980820964563     
           0           7  -1.7648704025871598      -0.16082141111262160     
           5           7  -1.6499936397806891       -3.2780797454279309E-002
          10           7  -3.4343862068020314       0.36136718128965128     
          15           7  -1.6132164772297841      -0.48530209011854453     
          20           7  -1.5328230655597963      -0.18997391966646404     
          25           7  -1.8999385220119791      -0.52482681443866142     
          30           7  -1.9431794023638815      -0.45235451334502130     
          35           7  -1.5206073872775505      -0.39387474205287987     
          40           7  -1.4497432797000442       -5.0183300115413942E-002
          45           7  -1.4779949223608924      -0.28970592713672971     
          50           7  -1.5817927508621210      -0.40183874334687175     
          55           7  -1.6051134819150548      -0.31490696862146450     
          60           7  -1.7281563903637220      -0.29902943780690805     
          65           7  -1.5504981368508197      -0.37311240822290870     
          70           7  -3.3520265688480322      -0.35862996012436810     
          75           7  -2.9922306966057022      -0.25360191001855270     
          80           7  -3.1545870535865106      -0.25797002303207250     
          85           7  -1.6021905159391281      -0.36367523019720238     
          90           7  -1.5167267871163403      -0.17224384378344837     
          95           7  -1.5319754318454670      -0.28321074930559575     
           0           8  -2.0023562270024553        7.0441053079406402E-003
           5           8  -1.7904201517859875        5.8234253597078123E-003
          10           8  -1.8604326486570955       0.14270544000716257     
          15           8  -1.5395091203185274      -0.36088579832060930     
          20           8  -1.9732928737248301      -0.21652329290411387     
          25           8  -1.9315878747327986      -0.47842829336453008     
          30           8  -1.8074924816424698      -0.49949563853068923     
          35           8  -1.9525487923033324      -0.47152492805402346     
          40           8  -1.9143067309101980      -0.27123453340216486     
          45           8  -1.7926075928897944      -0.35620081711762452     
          50           8  -1.6719236428741624      -0.17519714643476902     
          55           8  -1.6595190947654714      -0.34234928070198123     
          60           8  -1.7364677681896978      -0.22891431091132119     
          65           8  -1.8023975464842579      -0.34822330538197832     
          70           8  -1.6365422239061900      -0.16696246510683466     
          75           8  -1.7599978779259118      -0.27544254929345868     
          80           8  -1.8452037135574528        9.1911381128184644E-002
          85           8  -1.7450589729861576      -0.18733521446101520     
          90           8  -1.7032639895120383      -0.20250133053956176     
          95           8  -2.1568035422347975      -0.43638783947308468     
           0           9  -1.7491456746938221      -0.30848555668150368     
           5           9  -1.9947165456146720       -2.0165526111171062E-002
          10           9  -1.9306546006259140       0.16711718642703488     
          15           9  -1.9164390759041083      -0.34639478024622861     
          20           9  -1.9226110758374659      -0.48985744139251608     
          25           9  -2.0392979755889939      -0.49477319465474068     
          30           9  -1.9484314657169932      -0.19272485601184997     
          35           9  -1.9594565216607407      -0.48794264983165192     
          40           9  -1.9170440330640304      -0.16343882053071468     
          45           9  -1.8407839567657902      -0.32599158285684382     
          50           9  -1.7407222895826635      -0.11836919337149254     
          55           9  -1.7486451932668956      -0.39593349698385794     
          60           9  -1.8372450600878665      -0.19069976267438449     
          65           9  -1.8090794844027869      -0.30814839399262439     
          70           9  -1.8646227547236549      -0.14510459574346157     
          75           9  -1.7279529929936643      -0.33992649446368262     
          80           9  -1.7575125139757120        1.5177100243235486E-002
          85           9  -1.5079044971599842      -0.28827076383741712     
          90           9  -1.8729800621741788      -0.25683752002514382     
          95           9  -1.6777004143619934      -0.38065077583304685     
           0          10   0.0000000000000000        0.0000000000000000     
           5          10   0.0000000000000000        0.0000000000000000     
          10          10   0.0000000000000000        0.0000000000000000     
          15          10  -1.9482725940012102      -0.30608057408620937     
          20          10   0.0000000000000000        0.0000000000000000     
          25          10   0.0000000000000000        0.0000000000000000     
          30          10   0.0000000000000000        0.0000000000000000     
          35          10   0.0000000000000000        0.0000000000000000     
          40          10   0.0000000000000000        0.0000000000000000     
          45          10   0.0000000000000000        0.0000000000000000     
          50          10   0.0000000000000000        0.0000000000000000     
          55          10   0.0000000000000000        0.0000000000000000     
          60          10   0.0000000000000000        0.0000000000000000     
          65          10  -1.7481119444795468      -0.29826187275538985     
          70          10   0.0000000000000000        0.0000000000000000     
          75          10   0.0000000000000000        0.0000000000000000     
          80          10   0.0000000000000000        0.0000000000000000     
          85          10   0.0000000000000000        0.0000000000000000     
          90          10   0.0000000000000000        0.0000000000000000     
          95          10   0.0000000000000000        0.0000000000000000     
           0          11   0.0000000000000000        0.0000000000000000     
           5          11   0.0000000000000000        0.0000000000000000     
          10          11   0.0000000000000000        0.0000000000000000     
          15          11   0.0000000000000000        0.0000000000000000     
          20          11   0.0000000000000000        0.0000000000000000     
          25          11   0.0000000000000000        0.0000000000000000     
          30          11   0.0000000000000000        0.0000000000000000     
          35          11   0.0000000000000000        0.0000000000000000     
          40          11   0.0000000000000000        0.0000000000000000     
          45          11   0.0000000000000000        0.0000000000000000     
          50          11   0.0000000000000000        0.0000000000000000     
          55          11   0.0000000000000000        0.0000000000000000     
          60          11   0.0000000000000000        0.0000000000000000     
          65          11   0.0000000000000000        0.0000000000000000     
          70          11   0.0000000000000000        0.0000000000000000     
          75          11   0.0000000000000000        0.0000000000000000     
          80          11   0.0000000000000000        0.0000000000000000     
          85          11   0.0000000000000000        0.0000000000000000     
          90          11   0.0000000000000000        0.0000000000000000     
          95          11   0.0000000000000000        0.0000000000000000     
           0          12   0.0000000000000000        0.0000000000000000     
           5          12   0.0000000000000000        0.0000000000000000     
          10          12   0.0000000000000000        0.0000000000000000     
          15          12   0.0000000000000000        0.0000000000000000     
          20          12   0.0000000000000000        0.0000000000000000     
          25          12   0.0000000000000000        0.0000000000000000     
          30          12   0.0000000000000000        0.0000000000000000     
          35          12   0.0000000000000000        0.0000000000000000     
          40          12   0.0000000000000000        0.0000000000000000     
          45          12   0.0000000000000000        0.0000000000000000     
          50          12   0.0000000000000000        0.0000000000000000     
          55          12   0.0000000000000000        0.0000000000000000     
          60          12   0.0000000000000000        0.0000000000000000     
          65          12   0.0000000000000000        0.0000000000000000     
          70          12   0.0000000000000000        0.0000000000000000     
          75          12   0.0000000000000000        0.0000000000000000     
          80          12   0.0000000000000000        0.0000000000000000     
          85          12   0.0000000000000000        0.0000000000000000     
          90          12   0.0000000000000000        0.0000000000000000     
          95          12   0.0000000000000000        0.0000000000000000     
           0          13   0.0000000000000000        0.0000000000000000     
           5          13   0.0000000000000000        0.0000000000000000     
          10          13   0.0000000000000000        0.0000000000000000     
          15          13   0.0000000000000000        0.0000000000000000     
          20          13   0.0000000000000000        0.0000000000000000     
          25          13   0.0000000000000000        0.0000000000000000     
          30          13   0.0000000000000000        0.0000000000000000     
          35          13   0.0000000000000000        0.0000000000000000     
          40          13   0.0000000000000000        0.0000000000000000     
          45          13   0.0000000000000000        0.0000000000000000     
          50          13   0.0000000000000000        0.0000000000000000     
          55          13   0.0000000000000000        0.0000000000000000     
          60          13   0.0000000000000000        0.0000000000000000     
          65          13   0.0000000000000000        0.0000000000000000     
          70          13   0.0000000000000000        0.0000000000000000     
          75          13   0.0000000000000000        0.0000000000000000     
          80          13   0.0000000000000000        0.0000000000000000     
          85          13   0.0000000000000000        0.0000000000000000     
          90          13   0.0000000000000000        0.0000000000000000     
          95          13   0.0000000000000000        0.0000000000000000     
           0          14   0.0000000000000000        0.0000000000000000     
           5          14   0.0000000000000000        0.0000000000000000     
          10          14   0.0000000000000000        0.0000000000000000     
          15          14   0.0000000000000000        0.0000000000000000     
          20          14   0.0000000000000000        0.0000000000000000     
          25          14   0.0000000000000000        0.0000000000000000     
          30          14   0.0000000000000000        0.0000000000000000     
          35          14   0.0000000000000000        0.0000000000000000     
          40          14   0.0000000000000000        0.0000000000000000     
          45          14   0.0000000000000000        0.0000000000000000     
          50          14   0.0000000000000000        0.0000000000000000     
          55          14   0.0000000000000000        0.0000000000000000     
          60          14   0.0000000000000000        0.0000000000000000     
          65          14   0.0000000000000000        0.0000000000000000     
          70          14   0.0000000000000000        0.0000000000000000     
          75          14   0.0000000000000000        0.0000000000000000     
          80          14   0.0000000000000000        0.0000000000000000     
          85          14   0.0000000000000000        0.0000000000000000     
          90          14   0.0000000000000000        0.0000000000000000     
          95          14   0.0000000000000000        0.0000000000000000     
           0          15   0.0000000000000000        0.0000000000000000     
           5          15   0.0000000000000000        0.0000000000000000     
          10          15   0.0000000000000000        0.0000000000000000     
          15          15   0.0000000000000000        0.0000000000000000     
          20          15   0.0000000000000000        0.0000000000000000     
          25          15   0.0000000000000000        0.0000000000000000     
          30          15   0.0000000000000000        0.0000000000000000     
          35          15   0.0000000000000000        0.0000000000000000     
          40          15   0.0000000000000000        0.0000000000000000     
          45          15   0.0000000000000000        0.0000000000000000     
          50          15   0.0000000000000000        0.0000000000000000     
          55          15   0.0000000000000000        0.0000000000000000     
          60          15   0.0000000000000000        0.0000000000000000     
          65          15   0.0000000000000000        0.0000000000000000     
          70          15   0.0000000000000000        0.0000000000000000     
          75          15   0.0000000000000000        0.0000000000000000     
          80          15   0.0000000000000000        0.0000000000000000     
          85          15   0.0000000000000000        0.0000000000000000     
          90          15   0.0000000000000000        0.0000000000000000     
          95          15   0.0000000000000000        0.0000000000000000     
           0          16   0.0000000000000000        0.0000000000000000     
           5          16   0.0000000000000000        0.0000000000000000     
          10          16   0.0000000000000000        0.0000000000000000     
          15          16   0.0000000000000000        0.0000000000000000     
          20          16   0.0000000000000000        0.0000000000000000     
          25          16   0.0000000000000000        0.0000000000000000     
          30          16   0.0000000000000000        0.0000000000000000     
          35          16   0.0000000000000000        0.0000000000000000     
          40          16   0.0000000000000000        0.0000000000000000     
          45          16   0.0000000000000000        0.0000000000000000     
          50          16   0.0000000000000000        0.0000000000000000     
          55          16   0.0000000000000000        0.0000000000000000     
          60          16   0.0000000000000000        0.0000000000000000     
          65          16   0.0000000000000000        0.0000000000000000     
          70          16   0.0000000000000000        0.0000000000000000     
          75          16   0.0000000000000000        0.0000000000000000     
          80          16   0.0000000000000000        0.0000000000000000     
          85          16   0.0000000000000000        0.0000000000000000     
          90          16   0.0000000000000000        0.0000000000000000     
          95          16   0.0000000000000000        0.0000000000000000     
