           0           0   0.0000000000000000        0.0000000000000000     
           5           0   0.0000000000000000        0.0000000000000000     
          10           0   0.0000000000000000        0.0000000000000000     
          15           0   0.0000000000000000        0.0000000000000000     
          20           0   0.0000000000000000        0.0000000000000000     
          25           0   0.0000000000000000        0.0000000000000000     
          30           0   0.0000000000000000        0.0000000000000000     
          35           0   0.0000000000000000        0.0000000000000000     
          40           0   0.0000000000000000        0.0000000000000000     
          45           0   0.0000000000000000        0.0000000000000000     
          50           0   0.0000000000000000        0.0000000000000000     
          55           0   0.0000000000000000        0.0000000000000000     
          60           0   0.0000000000000000        0.0000000000000000     
          65           0   0.0000000000000000        0.0000000000000000     
          70           0   0.0000000000000000        0.0000000000000000     
          75           0   0.0000000000000000        0.0000000000000000     
          80           0   0.0000000000000000        0.0000000000000000     
          85           0   0.0000000000000000        0.0000000000000000     
          90           0   0.0000000000000000        0.0000000000000000     
          95           0   0.0000000000000000        0.0000000000000000     
           0           1  -1.0341356541687663       0.24982417903385290     
           5           1  -1.9989099846462466E-002   1.6248651398098612     
          10           1  -1.4025172706677580       -4.8526605622711827E-003
          15           1  -2.1430902255747952       0.38490653950895570     
          20           1  -2.4123124729413803        9.4106606022270611E-002
          25           1  -1.4632060943498004       0.65793738095565324     
          30           1  -1.4105502413563897      -0.88776359607911637     
          35           1  -1.5486010554610630      -0.14640888614469993     
          40           1  -1.8355275448556085        5.8067926259619540E-002
          45           1   1.4513333982080212        2.2226770828648323     
          50           1  -2.1292145816431685      -0.44383483224774700     
          55           1  -2.4584475970357289       -1.1684689450641716     
          60           1  -2.1457081734155281      -0.22278195719982463     
          65           1  -1.1625244984969640       0.49573524052104467     
          70           1  0.26316372732537729       0.14327462325547380     
          75           1 -0.25906244175644133      -0.25941548928209990     
          80           1  -1.8287461415411599       0.69698658253236623     
          85           1  -1.6235858434754391        1.6848608180852764E-002
          90           1  -1.5836780460176669       -9.7871782310798849E-002
          95           1  0.17718561224455698        1.4812781923978502     
           0           2  -1.9937067870925973      -0.32807513781207831     
           5           2  -2.4163135726151808      -0.29678884176487230     
          10           2  -1.7330270432580619       -7.9010878126783979E-002
          15           2  -1.6793523781633013        5.2521081683742921E-003
          20           2  -1.1637223662930296      -0.50766496993981391     
          25           2  -1.4781748529557603      -0.63424548348844922     
          30           2  -2.5089227195351782        6.3493575945816616E-002
          35           2  -2.0456110879862877       0.22332022301174703     
          40           2  -2.4298834096470046      -0.80312489164624523     
          45           2  -2.0301927815324916       -2.3617911328877028E-002
          50           2  -2.3490616050736435      -0.58986594557053351     
          55           2  -2.7764444093492102      -0.30775170046126732     
          60           2  -2.6647579015559586      -0.55314189785216072     
          65           2  -2.4805089522317303       -6.5731953613479277E-002
          70           2  -1.4788768842777245      -0.31974605253726196     
          75           2  -1.2287988035097896       0.28462250652783183     
          80           2 -0.92549892507065579      -0.29597912242218527     
          85           2  -1.5552771868954096      -0.36429350499966873     
          90           2  -1.8138035260051311      -0.34017641665773368     
          95           2  -2.3405756802930000       0.38068718660744238     
           0           3  -1.9995167349612375       -1.1714033116838607E-002
           5           3  -1.8383137549315975      -0.37603572693001297     
          10           3  -1.8506567561971110       0.13467820058066238     
          15           3  -1.9014253158200489      -0.37128506508610215     
          20           3  -1.6377415702351072      -0.18863674423386101     
          25           3  -2.0008200615073690       -6.0378200896771261E-002
          30           3  -1.4973765011383477      -0.32427226150488764     
          35           3  -2.0895819828936624       0.22114119921923248     
          40           3  -2.4176899080785574        4.7449341733507566E-002
          45           3  -2.2096335269949918      -0.20375974147279763     
          50           3  -2.3547895190390022       -8.9379890735319378E-002
          55           3  -2.7792429638395788      -0.38640324028671458     
          60           3  -2.6149995549928917       -7.8263494278640877E-002
          65           3  -1.8320823173922918      -0.12697242712800261     
          70           3  -2.4615528228366657      -0.55411475883504480     
          75           3  -2.3174951709847846      -0.69291989255315656     
          80           3  -2.2974646986995140      -0.26061429240442635     
          85           3  -1.8559523508088205        6.1062783562881862E-003
          90           3  -2.1116208387184088      -0.43682337635742030     
          95           3  -2.0333549615259017       0.17909104794489039     
           0           4  -2.3643923542707168       -6.4088338844747739E-002
           5           4  -2.1395179519867469       -3.9917450544990629E-002
          10           4  -1.6991024410817346       0.22088503973449747     
          15           4  -2.1322394777101294      -0.19038802895110507     
          20           4  -1.7137125987432000       0.41517596994111727     
          25           4  -2.0093095137063699        7.9258085943223477E-002
          30           4  -2.1232148683481000       -5.9844632338545978E-002
          35           4  -2.2314985091753670      -0.10503341546286293     
          40           4  -2.5747999001524136        4.0456399492683204E-002
          45           4  -2.3101584018903054       0.29706084917702213     
          50           4  -2.4142493144907462       -5.8163732585825301E-002
          55           4  -2.6149978505429772      -0.37168652219143894     
          60           4  -2.8561660780468401       -7.5042597207364281E-002
          65           4  -2.5634694534204527      -0.31760730180518948     
          70           4  -2.2068334222780095      -0.34396313529416744     
          75           4  -2.3449306779355084      -0.59929612441500524     
          80           4  -2.3815894105183588      -0.43725643052994201     
          85           4  -2.3790771717813186      -0.25624365393550619     
          90           4  -2.2365151983905207      -0.57887594844707735     
          95           4  -2.2598103866044994      -0.17389144078894248     
           0           5  -4.1833039509506236      -0.13949500231813516     
           5           5  -4.0515003184582454       0.17070290660115006     
          10           5  -4.1888221276753512      -0.81223869274005267     
          15           5  -4.6659760856382348      -0.84048021598892575     
          20           5  -4.6119691280388508      -0.45125815591795515     
          25           5  -4.3983545491244058        1.0896909742852401     
          30           5  -4.8247937217027470       -6.8717458288070077E-002
          35           5  -4.3897158991157426        1.3045021285407188E-003
          40           5  -5.3492976494950994       0.38557139371953042     
          45           5  -5.6637770855871850      -0.43178997803039465     
          50           5  -5.6098852210340056      -0.24074669679574612     
          55           5  -2.7408953040719553      -0.24595960351980750     
          60           5  -5.4457649594397139      -0.83425741155274125     
          65           5  -5.3782231833565675       0.33413358731415599     
          70           5  -4.5033088467505422      -0.99327529015980076     
          75           5  -4.5314289250342199       -1.0039834427244543     
          80           5  -4.6010843364996390      -0.60075018961214255     
          85           5  -4.8185821458446298      -0.29824623957175334     
          90           5  -4.6047966590379019       -1.2737053608269377     
          95           5  -4.6837824773859893      -0.35497745478618725     
           0           6  -2.3081485145443059       -9.4925262135170385E-002
           5           6  -2.1263295186768616        3.7587546035666719E-002
          10           6  -2.5788074577182130      -0.41242706376287686     
          15           6  -2.2249226068371541       -8.6798433494017502E-002
          20           6  -2.4898744735324385      -0.51870353195759833     
          25           6  -2.5895659944907834       0.10075919679053413     
          30           6  -2.4552841280645055       0.16651406640200150     
          35           6  -3.1677358122550459      -0.25086936576546037     
          40           6  -2.9871929815783460      -0.15728627158040354     
          45           6  -2.7840896528630310      -0.10632683542510790     
          50           6  -2.7614343343884684      -0.42629946638950145     
          55           6  -5.2700945082051476      -0.24738329219786692     
          60           6  -2.6486544560810898      -0.43681936144235323     
          65           6  -2.4777707230327906      -0.48039072738426114     
          70           6  -2.3260179054318542      -0.46059632026640429     
          75           6  -2.2966055892226223      -0.38081005050649708     
          80           6  -2.0679119549527059      -0.19777049808489267     
          85           6  -2.3323620500548259      -0.14187301684565057     
          90           6  -2.2515257139588130      -0.53473027850081678     
          95           6  -2.2473058339755880      -0.36719949410013442     
           0           7  -2.1077076825942731      -0.57642556511972032     
           5           7  -2.2930664426423775      -0.25756096056817057     
          10           7  -2.0934096228142351      -0.37909648303635635     
          15           7  -2.1172138260094897      -0.10875957952016790     
          20           7  -2.0170842644162690      -0.56879613403282292     
          25           7  -2.2932885433490924      -0.47645825017816890     
          30           7  -2.5014334580752973      -0.14616969537417646     
          35           7  -3.1903832516633202       -6.4948890194926889E-002
          40           7  -2.9119937079258307        6.0599647389025790E-002
          45           7  -2.7284881031519603       -6.0172049436424402E-002
          50           7  -2.7455210756244242      -0.34191343448064515     
          55           7  -2.4548987294537028        6.2623010013140856E-002
          60           7  -2.5875904125882698      -0.15197432706948177     
          65           7  -2.5431459530977918      -0.35768343380482293     
          70           7  -2.2546922792798796      -0.39854519622295470     
          75           7  -2.1160226734195930      -0.38541169934624975     
          80           7  -2.0233047884232747      -0.10971430381090386     
          85           7  -1.9141757006480020       0.14278912141563183     
          90           7  -2.1063289351985759      -0.48557555518247142     
          95           7  -2.1234410225190459      -0.43380270948301103     
           0           8  -2.1939885492178179      -0.22201222284579103     
           5           8  -2.1614302233841087      -0.41559077126329669     
          10           8  -2.1486714755525327      -0.32046722870049393     
          15           8  -2.4465118450933687       -1.8924256544039508E-002
          20           8  -2.2583840976686531      -0.42870367322755953     
          25           8  -2.5837773110382045       0.24012873431900061     
          30           8  -2.2762930539421689        8.2623702573059177E-002
          35           8  -2.7447737178931675       -8.5504444475859032E-002
          40           8  -2.8287028595741504      -0.20371593488555106     
          45           8  -2.7509200503672560      -0.10564024072401423     
          50           8  -2.5823903909838464      -0.46226368030310994     
          55           8  -2.4349750318464203        7.2676797282511529E-002
          60           8  -2.3696062277878127       0.38497102139878336     
          65           8  -2.3993338157879407       0.35582902872199895     
          70           8  -2.3698686818107717      -0.37818385645316255     
          75           8  -2.1413535401393347       -8.4506390392036224E-002
          80           8  -2.0248216904406036       -2.1964069398805464E-002
          85           8  -1.8712370641082998       0.76395320332878214     
          90           8  -1.8256533366667327      -0.46466535759570604     
          95           8  -2.5254986354639186        1.0572536881525707E-002
           0           9   0.0000000000000000        0.0000000000000000     
           5           9   0.0000000000000000        0.0000000000000000     
          10           9  -2.6322641163911698        5.2583830623120775E-005
          15           9  -2.2369683750955716       0.29021652253824470     
          20           9  -2.2290100363164811      -0.26817020338576469     
          25           9  -2.5654303494349051      -0.32229583928788941     
          30           9  -2.1226883145786246       -7.8701577974626957E-002
          35           9  -2.8747638982196122       -6.5382218155107807E-002
          40           9  -2.5797882081946000       -6.0732242639360834E-002
          45           9  -2.4990112063250081        1.4502449463549283E-003
          50           9  -2.3589866467688125      -0.19935034349494174     
          55           9  -2.1453905138457685       0.43220713284775059     
          60           9  -1.9597438503637932       0.80641179645901673     
          65           9  -2.6714430190111216        1.9403126329908815     
          70           9  -3.5677766729946825      -0.70190692641247665     
          75           9  -3.6443389397788906        1.4927055387303767E-002
          80           9  -3.1420088235734056       0.25353808452699411     
          85           9  -2.7687906384699090       0.78016274339454128     
          90           9  -3.4961052567439310       0.92954826915736533     
          95           9  -3.7756439127178965       0.76272424576195874     
           0          10   0.0000000000000000        0.0000000000000000     
           5          10   0.0000000000000000        0.0000000000000000     
          10          10   0.0000000000000000        0.0000000000000000     
          15          10   0.0000000000000000        0.0000000000000000     
          20          10   0.0000000000000000        0.0000000000000000     
          25          10  -9.6194910860702976       0.53921672750867344     
          30          10   0.0000000000000000        0.0000000000000000     
          35          10   0.0000000000000000        0.0000000000000000     
          40          10   0.0000000000000000        0.0000000000000000     
          45          10   0.0000000000000000        0.0000000000000000     
          50          10   0.0000000000000000        0.0000000000000000     
          55          10   0.0000000000000000        0.0000000000000000     
          60          10   0.0000000000000000        0.0000000000000000     
          65          10   0.0000000000000000        0.0000000000000000     
          70          10  -4.3443854471547638       0.58573925659111126     
          75          10   0.0000000000000000        0.0000000000000000     
          80          10   0.0000000000000000        0.0000000000000000     
          85          10   0.0000000000000000        0.0000000000000000     
          90          10   0.0000000000000000        0.0000000000000000     
          95          10   0.0000000000000000        0.0000000000000000     
           0          11   0.0000000000000000        0.0000000000000000     
           5          11   0.0000000000000000        0.0000000000000000     
          10          11   0.0000000000000000        0.0000000000000000     
          15          11   0.0000000000000000        0.0000000000000000     
          20          11   0.0000000000000000        0.0000000000000000     
          25          11   0.0000000000000000        0.0000000000000000     
          30          11   0.0000000000000000        0.0000000000000000     
          35          11   0.0000000000000000        0.0000000000000000     
          40          11   0.0000000000000000        0.0000000000000000     
          45          11   0.0000000000000000        0.0000000000000000     
          50          11   0.0000000000000000        0.0000000000000000     
          55          11   0.0000000000000000        0.0000000000000000     
          60          11   0.0000000000000000        0.0000000000000000     
          65          11   0.0000000000000000        0.0000000000000000     
          70          11   0.0000000000000000        0.0000000000000000     
          75          11   0.0000000000000000        0.0000000000000000     
          80          11   0.0000000000000000        0.0000000000000000     
          85          11   0.0000000000000000        0.0000000000000000     
          90          11   0.0000000000000000        0.0000000000000000     
          95          11   0.0000000000000000        0.0000000000000000     
           0          12   0.0000000000000000        0.0000000000000000     
           5          12   0.0000000000000000        0.0000000000000000     
          10          12   0.0000000000000000        0.0000000000000000     
          15          12   0.0000000000000000        0.0000000000000000     
          20          12   0.0000000000000000        0.0000000000000000     
          25          12   0.0000000000000000        0.0000000000000000     
          30          12   0.0000000000000000        0.0000000000000000     
          35          12   0.0000000000000000        0.0000000000000000     
          40          12   0.0000000000000000        0.0000000000000000     
          45          12   0.0000000000000000        0.0000000000000000     
          50          12   0.0000000000000000        0.0000000000000000     
          55          12   0.0000000000000000        0.0000000000000000     
          60          12   0.0000000000000000        0.0000000000000000     
          65          12   0.0000000000000000        0.0000000000000000     
          70          12   0.0000000000000000        0.0000000000000000     
          75          12   0.0000000000000000        0.0000000000000000     
          80          12   0.0000000000000000        0.0000000000000000     
          85          12   0.0000000000000000        0.0000000000000000     
          90          12   0.0000000000000000        0.0000000000000000     
          95          12   0.0000000000000000        0.0000000000000000     
           0          13   0.0000000000000000        0.0000000000000000     
           5          13   0.0000000000000000        0.0000000000000000     
          10          13   0.0000000000000000        0.0000000000000000     
          15          13   0.0000000000000000        0.0000000000000000     
          20          13   0.0000000000000000        0.0000000000000000     
          25          13   0.0000000000000000        0.0000000000000000     
          30          13   0.0000000000000000        0.0000000000000000     
          35          13   0.0000000000000000        0.0000000000000000     
          40          13   0.0000000000000000        0.0000000000000000     
          45          13   0.0000000000000000        0.0000000000000000     
          50          13   0.0000000000000000        0.0000000000000000     
          55          13   0.0000000000000000        0.0000000000000000     
          60          13   0.0000000000000000        0.0000000000000000     
          65          13   0.0000000000000000        0.0000000000000000     
          70          13   0.0000000000000000        0.0000000000000000     
          75          13   0.0000000000000000        0.0000000000000000     
          80          13   0.0000000000000000        0.0000000000000000     
          85          13   0.0000000000000000        0.0000000000000000     
          90          13   0.0000000000000000        0.0000000000000000     
          95          13   0.0000000000000000        0.0000000000000000     
           0          14   0.0000000000000000        0.0000000000000000     
           5          14   0.0000000000000000        0.0000000000000000     
          10          14   0.0000000000000000        0.0000000000000000     
          15          14   0.0000000000000000        0.0000000000000000     
          20          14   0.0000000000000000        0.0000000000000000     
          25          14   0.0000000000000000        0.0000000000000000     
          30          14   0.0000000000000000        0.0000000000000000     
          35          14   0.0000000000000000        0.0000000000000000     
          40          14   0.0000000000000000        0.0000000000000000     
          45          14   0.0000000000000000        0.0000000000000000     
          50          14   0.0000000000000000        0.0000000000000000     
          55          14   0.0000000000000000        0.0000000000000000     
          60          14   0.0000000000000000        0.0000000000000000     
          65          14   0.0000000000000000        0.0000000000000000     
          70          14   0.0000000000000000        0.0000000000000000     
          75          14   0.0000000000000000        0.0000000000000000     
          80          14   0.0000000000000000        0.0000000000000000     
          85          14   0.0000000000000000        0.0000000000000000     
          90          14   0.0000000000000000        0.0000000000000000     
          95          14   0.0000000000000000        0.0000000000000000     
           0          15   0.0000000000000000        0.0000000000000000     
           5          15   0.0000000000000000        0.0000000000000000     
          10          15   0.0000000000000000        0.0000000000000000     
          15          15   0.0000000000000000        0.0000000000000000     
          20          15   0.0000000000000000        0.0000000000000000     
          25          15   0.0000000000000000        0.0000000000000000     
          30          15   0.0000000000000000        0.0000000000000000     
          35          15   0.0000000000000000        0.0000000000000000     
          40          15   0.0000000000000000        0.0000000000000000     
          45          15   0.0000000000000000        0.0000000000000000     
          50          15   0.0000000000000000        0.0000000000000000     
          55          15   0.0000000000000000        0.0000000000000000     
          60          15   0.0000000000000000        0.0000000000000000     
          65          15   0.0000000000000000        0.0000000000000000     
          70          15   0.0000000000000000        0.0000000000000000     
          75          15   0.0000000000000000        0.0000000000000000     
          80          15   0.0000000000000000        0.0000000000000000     
          85          15   0.0000000000000000        0.0000000000000000     
          90          15   0.0000000000000000        0.0000000000000000     
          95          15   0.0000000000000000        0.0000000000000000     
           0          16   0.0000000000000000        0.0000000000000000     
           5          16   0.0000000000000000        0.0000000000000000     
          10          16   0.0000000000000000        0.0000000000000000     
          15          16   0.0000000000000000        0.0000000000000000     
          20          16   0.0000000000000000        0.0000000000000000     
          25          16   0.0000000000000000        0.0000000000000000     
          30          16   0.0000000000000000        0.0000000000000000     
          35          16   0.0000000000000000        0.0000000000000000     
          40          16   0.0000000000000000        0.0000000000000000     
          45          16   0.0000000000000000        0.0000000000000000     
          50          16   0.0000000000000000        0.0000000000000000     
          55          16   0.0000000000000000        0.0000000000000000     
          60          16   0.0000000000000000        0.0000000000000000     
          65          16   0.0000000000000000        0.0000000000000000     
          70          16   0.0000000000000000        0.0000000000000000     
          75          16   0.0000000000000000        0.0000000000000000     
          80          16   0.0000000000000000        0.0000000000000000     
          85          16   0.0000000000000000        0.0000000000000000     
          90          16   0.0000000000000000        0.0000000000000000     
          95          16   0.0000000000000000        0.0000000000000000     
