           0           0   0.0000000000000000        0.0000000000000000     
           5           0   0.0000000000000000        0.0000000000000000     
          10           0   0.0000000000000000        0.0000000000000000     
          15           0   0.0000000000000000        0.0000000000000000     
          20           0   0.0000000000000000        0.0000000000000000     
          25           0   0.0000000000000000        0.0000000000000000     
          30           0   0.0000000000000000        0.0000000000000000     
          35           0   0.0000000000000000        0.0000000000000000     
          40           0   0.0000000000000000        0.0000000000000000     
          45           0   0.0000000000000000        0.0000000000000000     
          50           0   0.0000000000000000        0.0000000000000000     
          55           0   0.0000000000000000        0.0000000000000000     
          60           0   0.0000000000000000        0.0000000000000000     
          65           0   0.0000000000000000        0.0000000000000000     
          70           0   0.0000000000000000        0.0000000000000000     
          75           0   0.0000000000000000        0.0000000000000000     
          80           0   0.0000000000000000        0.0000000000000000     
          85           0   0.0000000000000000        0.0000000000000000     
          90           0   0.0000000000000000        0.0000000000000000     
          95           0   0.0000000000000000        0.0000000000000000     
           0           1 -0.10721665272384051       0.13714021310673452     
           5           1 -0.44575249404044115       0.52515144090548027     
          10           1 -0.88692813339896759       -7.5769664800162673E-002
          15           1 -0.90593111455206099       0.99765684577923786     
          20           1 -0.99792972740431196      -0.23731625284795221     
          25           1  -2.2025963355432054       0.49340908896744473     
          30           1 -0.76993571207495393       -4.9700869774182976E-002
          35           1 -0.90420850114014684       0.47165350766098513     
          40           1 -0.51739271700768086      -0.20887959746862528     
          45           1 -0.27046866389213164        1.0857668152342015     
          50           1 -0.72536794871069787      -0.27441571621822369     
          55           1  -2.2365023097137282       0.10733753747271813     
          60           1 -0.77009513859138679       0.36058626323276499     
          65           1 -0.37761156022497744      -0.53735928285170154     
          70           1  -2.0306316174156791      -0.14602665912244461     
          75           1  -1.3732538474897638       0.85139223266694763     
          80           1  -2.7955547978564255      -0.47013678255658498     
          85           1  -1.0546922406717840        4.9225529882290786E-002
          90           1 -0.69840646347074653       0.11188521770399973     
          95           1  -1.4861703193247422       0.69329981000176844     
           0           2  -1.8719578091447309       0.19094685398624023     
           5           2  -2.3940586750503812        1.1277525922914755     
          10           2  -1.9435474897910865       0.10593554020887908     
          15           2  -1.7124328765927288        1.6413028697592758     
          20           2  -2.2676935180854230       0.42694634092121930     
          25           2  -1.9887896466386223      -0.10056064012387012     
          30           2  -1.2259261405489497        6.2015545934102079E-002
          35           2  -2.6295050069080617      -0.77481678587121294     
          40           2  -2.1160329833946889       0.73729524332044605     
          45           2  -1.5238685325158485        1.1926916188564896     
          50           2  -2.0544675802014467      -0.14004036497539118     
          55           2  -2.7919014458888114       0.40214934043047990     
          60           2  -2.7083463979593603       0.64574425144625636     
          65           2  -2.3962637600760672      -0.16202249283781001     
          70           2  -3.2579452725656211       0.18222129679168475     
          75           2  -2.7813990293878987        1.1648213613968394     
          80           2  -2.8690143064835638      -0.18685364911785740     
          85           2  -2.9421285979935874        1.0191892446242967     
          90           2  -2.5901045587062299        8.6512296422203150E-002
          95           2  -2.6476641151162994       0.94168830659935310     
           0           3  -2.2592078572927776      -0.37110123143557772     
           5           3  -2.1009560534368532       0.22472617740243450     
          10           3  -2.0006401912286975       0.24901218629747035     
          15           3  -1.7050939957208300       -3.6160134548879341E-002
          20           3  -2.2644036644159371       0.40066036155028684     
          25           3  -1.8051932051577069       0.33061007601808967     
          30           3  -2.2021721710174802       0.55893407521656613     
          35           3  -2.2649100741034545       0.87185576178594459     
          40           3  -2.2492443069310752       -1.9843494001303696E-002
          45           3  -2.3801697866332461       0.62928544381390950     
          50           3  -2.5317660712786960       0.15197969734703776     
          55           3  -2.3967149579817715        9.3217925480892916E-002
          60           3  -2.7045127495028964       0.15103446889819239     
          65           3  -2.4425966674357369       0.62451275980146548     
          70           3  -2.6097396494151326       0.48775964675451533     
          75           3  -2.8037750448817178        3.8738936334326013E-002
          80           3  -2.6935441494657653       0.13681661922948507     
          85           3  -2.7470344890190290      -0.25214692535913130     
          90           3  -2.5378653520391481      -0.12654038371140430     
          95           3  -2.4954808944954721       0.14722848973525160     
           0           4  -2.3607573931400117       0.20526791612685003     
           5           4  -2.4674486634790327       0.24507445720356458     
          10           4  -1.7843020732311032       0.26236568906323754     
          15           4  -2.0781520127322040        3.9522557542248649E-002
          20           4  -2.1638274471236230       0.77332858353429401     
          25           4  -1.9085818939146293       0.45916256912637010     
          30           4  -2.5912556278129273       0.42771229620708340     
          35           4  -2.3160410568578982       0.86577617876226753     
          40           4  -2.5008220194067121       -4.2551683256952799E-002
          45           4  -2.3130852143182778       0.64912488917379108     
          50           4  -2.4997647332369866       0.10916552004136548     
          55           4  -2.3778236089100346        8.0702752152106427E-002
          60           4  -2.5827699774438884       0.21681977118603868     
          65           4  -2.4108947156520344       0.55678681528448237     
          70           4  -2.6270511224169013       0.10482713880932693     
          75           4  -2.7511898143472990       0.22694002681511449     
          80           4  -2.4665763052666989       0.25922672006295500     
          85           4  -2.8544564561627794      -0.12714779646039176     
          90           4  -2.4742842074232385       0.20051362882078649     
          95           4  -2.2741103436629828       0.32652146416456418     
           0           5  -4.5298602683838123       0.52638940483351604     
           5           5  -3.1287592064188630       -1.4158147337317573     
          10           5  -3.9879053892555305      -0.51732398373083299     
          15           5  -4.1767880525522827       0.77208249462668022     
          20           5  -4.3364617463659272      -0.73435006261668434     
          25           5  -4.0781701596692699       0.65875698327388932     
          30           5  -4.0982992505789184        1.2625960482193221     
          35           5  -4.7617000866750914        1.5327597405834226     
          40           5  -4.3490839733095754       0.41564419354322979     
          45           5  -4.8081707143765584        1.0691173190480185     
          50           5  -4.6991886075886669        8.6868669821882349E-002
          55           5  -4.7844938405461335       -1.6270904792392571E-002
          60           5  -5.1893434340755107       0.77168367541347038     
          65           5  -5.1399756246439665        1.1742714230456031     
          70           5  -4.9430617106338559       0.34849926731084224     
          75           5  -5.2600099225230679      -0.26315078033967154     
          80           5  -4.9160719719765211       0.39263306776504692     
          85           5  -5.2030094971655672      -0.13009416889975256     
          90           5  -5.0144068151070087        2.7810929243976545E-002
          95           5  -4.4428989054523527      -0.20023216654951881     
           0           6  -1.7175726479004561       0.11928347594114541     
           5           6  -2.4058818910432933      -0.11080118731854327     
          10           6  -2.1803306812540058      -0.12416565714268302     
          15           6  -2.2693520877847817       0.46527625745085288     
          20           6  -2.0392444765882090        2.1968436927366497E-002
          25           6  -2.1626985110145824       0.36735543975208174     
          30           6  -2.2849935749569283       0.84181750884315676     
          35           6  -2.2923666509555574       0.48975809816997895     
          40           6  -1.9274662061974368       0.36148092112497920     
          45           6  -2.0464501326244999       0.55677540364396094     
          50           6  -2.3433566614272650        5.0943034350936500E-002
          55           6  -2.5318340607327627        3.4735602483237926E-002
          60           6  -2.7220825790408298       0.56006081806003749     
          65           6  -2.6525567462698518       0.87393930727763802     
          70           6  -2.5058685982060069       0.33039804394618955     
          75           6  -2.6571854889567703       0.14243443126282784     
          80           6  -2.4323934909631362       0.14456060654755021     
          85           6  -2.5095709982281278        6.3946055322006146E-002
          90           6  -2.4811722100537281       0.20778928267795038     
          95           6  -2.1774066070179288       0.21790124149045909     
           0           7  -3.3258810834307928      -0.22864192126714755     
           5           7  -3.6850574127322844      -0.77902039643973353     
          10           7  -3.5369564258314057      -0.76298243066208471     
          15           7  -3.2118111370316171      -0.10246383334244769     
          20           7  -2.8205795344327100      -0.42830928811188329     
          25           7  -2.7582708987239357      -0.21264602252824005     
          30           7  -3.0175855735592449      -0.82548118757852507     
          35           7  -2.5189790800084211      -0.41305959774362577     
          40           7  -1.9610300122963054      -0.43029794160709400     
          45           7  -2.5291187209575128       0.90414176731279383     
          50           7  -2.2815636253525895       0.15811069334681349     
          55           7  -2.5245654380512406       -4.9010495644097318E-002
          60           7  -2.6923516362131750       0.51291786274720863     
          65           7  -2.7620303439590543       0.74611278800595926     
          70           7  -2.6287883788000954       0.30892189581521734     
          75           7  -2.7336933641919359       0.26516581779656434     
          80           7  -2.3714831664278790       0.27076543819948284     
          85           7  -2.6022083028465204       0.32487629036292986     
          90           7  -2.3535030339871810       -4.2273338229925628E-002
          95           7  -2.9701657143021976       0.13723017562750073     
           0           8  -3.2836654416312783      -0.37621216495864473     
           5           8  -4.1947411189502404      -0.72341942695786088     
          10           8  -3.4725724672579616      -0.78243751669759831     
          15           8  -3.7015101287263263      -0.15867951021597548     
          20           8  -3.6311979137693129       -5.0162207712034501E-002
          25           8  -3.6874686306020976      -0.37107921469825556     
          30           8  -2.8675453379278792      -0.58061535118447694     
          35           8  -3.8602641794582837       -1.0687720069668671     
          40           8  -3.6771394639245614      -0.41201096026455275     
          45           8  -3.5446047226983524       -1.0795250126616196     
          50           8  -3.3515662623173625      -0.11081208353580507     
          55           8  -3.1731203502260996      -0.52687474318524607     
          60           8  -2.7629389006023075       0.54956319597287973     
          65           8  -2.6757766836738028       0.66706840166297354     
          70           8  -2.5965686329243454       0.13514610986753439     
          75           8  -2.4660894759165330       0.36661667917492480     
          80           8  -2.3741638377572372       0.25123127684878455     
          85           8  -2.4986408611482602       0.19174397048793423     
          90           8  -2.1945297432779398       0.19114442442180746     
          95           8  -3.3091416111119543      -0.32984789410939186     
           0           9  -2.7932112553497035      -0.22507505474500533     
           5           9  -2.6455136244551980       -1.1500508965323064     
          10           9  -2.7258576301480986      -0.98258226471692467     
          15           9  -3.3011333013632793      -0.39650575353711304     
          20           9  -3.2691824521791091       -1.1011316324083253     
          25           9  -2.9581278625379070      -0.16810465274019748     
          30           9  -2.9693712427913965       0.35160858600669087     
          35           9  -3.4313772128768960      -0.74171969568048723     
          40           9   0.0000000000000000        0.0000000000000000     
          45           9  -6.6360734102488550       -6.7469559885680042E-002
          50           9  -3.3388323041805279      -0.12882998867702611     
          55           9   0.0000000000000000        0.0000000000000000     
          60           9  -3.6591096898064279       0.61935417117631175     
          65           9   0.0000000000000000        0.0000000000000000     
          70           9   0.0000000000000000        0.0000000000000000     
          75           9  -4.1869641854930251        1.0705131526300704     
          80           9   0.0000000000000000        0.0000000000000000     
          85           9  -2.4090513728936003       0.31142037474118922     
          90           9  -2.3227559870520054       0.55181151895844494     
          95           9  -2.9642430661169783       -1.2424511740771749     
           0          10  -5.0187383734268121       0.31668807641160868     
           5          10   0.0000000000000000        0.0000000000000000     
          10          10   0.0000000000000000        0.0000000000000000     
          15          10   0.0000000000000000        0.0000000000000000     
          20          10   0.0000000000000000        0.0000000000000000     
          25          10   0.0000000000000000        0.0000000000000000     
          30          10   0.0000000000000000        0.0000000000000000     
          35          10   0.0000000000000000        0.0000000000000000     
          40          10   0.0000000000000000        0.0000000000000000     
          45          10   0.0000000000000000        0.0000000000000000     
          50          10   0.0000000000000000        0.0000000000000000     
          55          10   0.0000000000000000        0.0000000000000000     
          60          10   0.0000000000000000        0.0000000000000000     
          65          10   0.0000000000000000        0.0000000000000000     
          70          10   0.0000000000000000        0.0000000000000000     
          75          10   0.0000000000000000        0.0000000000000000     
          80          10   0.0000000000000000        0.0000000000000000     
          85          10   0.0000000000000000        0.0000000000000000     
          90          10   0.0000000000000000        0.0000000000000000     
          95          10   0.0000000000000000        0.0000000000000000     
           0          11   0.0000000000000000        0.0000000000000000     
           5          11   0.0000000000000000        0.0000000000000000     
          10          11   0.0000000000000000        0.0000000000000000     
          15          11   0.0000000000000000        0.0000000000000000     
          20          11   0.0000000000000000        0.0000000000000000     
          25          11   0.0000000000000000        0.0000000000000000     
          30          11   0.0000000000000000        0.0000000000000000     
          35          11   0.0000000000000000        0.0000000000000000     
          40          11   0.0000000000000000        0.0000000000000000     
          45          11   0.0000000000000000        0.0000000000000000     
          50          11   0.0000000000000000        0.0000000000000000     
          55          11   0.0000000000000000        0.0000000000000000     
          60          11   0.0000000000000000        0.0000000000000000     
          65          11   0.0000000000000000        0.0000000000000000     
          70          11   0.0000000000000000        0.0000000000000000     
          75          11   0.0000000000000000        0.0000000000000000     
          80          11   0.0000000000000000        0.0000000000000000     
          85          11   0.0000000000000000        0.0000000000000000     
          90          11   0.0000000000000000        0.0000000000000000     
          95          11   0.0000000000000000        0.0000000000000000     
           0          12   0.0000000000000000        0.0000000000000000     
           5          12   0.0000000000000000        0.0000000000000000     
          10          12   0.0000000000000000        0.0000000000000000     
          15          12   0.0000000000000000        0.0000000000000000     
          20          12   0.0000000000000000        0.0000000000000000     
          25          12   0.0000000000000000        0.0000000000000000     
          30          12   0.0000000000000000        0.0000000000000000     
          35          12   0.0000000000000000        0.0000000000000000     
          40          12   0.0000000000000000        0.0000000000000000     
          45          12   0.0000000000000000        0.0000000000000000     
          50          12   0.0000000000000000        0.0000000000000000     
          55          12   0.0000000000000000        0.0000000000000000     
          60          12   0.0000000000000000        0.0000000000000000     
          65          12   0.0000000000000000        0.0000000000000000     
          70          12   0.0000000000000000        0.0000000000000000     
          75          12   0.0000000000000000        0.0000000000000000     
          80          12   0.0000000000000000        0.0000000000000000     
          85          12   0.0000000000000000        0.0000000000000000     
          90          12   0.0000000000000000        0.0000000000000000     
          95          12   0.0000000000000000        0.0000000000000000     
           0          13   0.0000000000000000        0.0000000000000000     
           5          13   0.0000000000000000        0.0000000000000000     
          10          13   0.0000000000000000        0.0000000000000000     
          15          13   0.0000000000000000        0.0000000000000000     
          20          13   0.0000000000000000        0.0000000000000000     
          25          13   0.0000000000000000        0.0000000000000000     
          30          13   0.0000000000000000        0.0000000000000000     
          35          13   0.0000000000000000        0.0000000000000000     
          40          13   0.0000000000000000        0.0000000000000000     
          45          13   0.0000000000000000        0.0000000000000000     
          50          13   0.0000000000000000        0.0000000000000000     
          55          13   0.0000000000000000        0.0000000000000000     
          60          13   0.0000000000000000        0.0000000000000000     
          65          13   0.0000000000000000        0.0000000000000000     
          70          13   0.0000000000000000        0.0000000000000000     
          75          13   0.0000000000000000        0.0000000000000000     
          80          13   0.0000000000000000        0.0000000000000000     
          85          13   0.0000000000000000        0.0000000000000000     
          90          13   0.0000000000000000        0.0000000000000000     
          95          13   0.0000000000000000        0.0000000000000000     
           0          14   0.0000000000000000        0.0000000000000000     
           5          14   0.0000000000000000        0.0000000000000000     
          10          14   0.0000000000000000        0.0000000000000000     
          15          14   0.0000000000000000        0.0000000000000000     
          20          14   0.0000000000000000        0.0000000000000000     
          25          14   0.0000000000000000        0.0000000000000000     
          30          14   0.0000000000000000        0.0000000000000000     
          35          14   0.0000000000000000        0.0000000000000000     
          40          14   0.0000000000000000        0.0000000000000000     
          45          14   0.0000000000000000        0.0000000000000000     
          50          14   0.0000000000000000        0.0000000000000000     
          55          14   0.0000000000000000        0.0000000000000000     
          60          14   0.0000000000000000        0.0000000000000000     
          65          14   0.0000000000000000        0.0000000000000000     
          70          14   0.0000000000000000        0.0000000000000000     
          75          14   0.0000000000000000        0.0000000000000000     
          80          14   0.0000000000000000        0.0000000000000000     
          85          14   0.0000000000000000        0.0000000000000000     
          90          14   0.0000000000000000        0.0000000000000000     
          95          14   0.0000000000000000        0.0000000000000000     
           0          15   0.0000000000000000        0.0000000000000000     
           5          15   0.0000000000000000        0.0000000000000000     
          10          15   0.0000000000000000        0.0000000000000000     
          15          15   0.0000000000000000        0.0000000000000000     
          20          15   0.0000000000000000        0.0000000000000000     
          25          15   0.0000000000000000        0.0000000000000000     
          30          15   0.0000000000000000        0.0000000000000000     
          35          15   0.0000000000000000        0.0000000000000000     
          40          15   0.0000000000000000        0.0000000000000000     
          45          15   0.0000000000000000        0.0000000000000000     
          50          15   0.0000000000000000        0.0000000000000000     
          55          15   0.0000000000000000        0.0000000000000000     
          60          15   0.0000000000000000        0.0000000000000000     
          65          15   0.0000000000000000        0.0000000000000000     
          70          15   0.0000000000000000        0.0000000000000000     
          75          15   0.0000000000000000        0.0000000000000000     
          80          15   0.0000000000000000        0.0000000000000000     
          85          15   0.0000000000000000        0.0000000000000000     
          90          15   0.0000000000000000        0.0000000000000000     
          95          15   0.0000000000000000        0.0000000000000000     
           0          16   0.0000000000000000        0.0000000000000000     
           5          16   0.0000000000000000        0.0000000000000000     
          10          16   0.0000000000000000        0.0000000000000000     
          15          16   0.0000000000000000        0.0000000000000000     
          20          16   0.0000000000000000        0.0000000000000000     
          25          16   0.0000000000000000        0.0000000000000000     
          30          16   0.0000000000000000        0.0000000000000000     
          35          16   0.0000000000000000        0.0000000000000000     
          40          16   0.0000000000000000        0.0000000000000000     
          45          16   0.0000000000000000        0.0000000000000000     
          50          16   0.0000000000000000        0.0000000000000000     
          55          16   0.0000000000000000        0.0000000000000000     
          60          16   0.0000000000000000        0.0000000000000000     
          65          16   0.0000000000000000        0.0000000000000000     
          70          16   0.0000000000000000        0.0000000000000000     
          75          16   0.0000000000000000        0.0000000000000000     
          80          16   0.0000000000000000        0.0000000000000000     
          85          16   0.0000000000000000        0.0000000000000000     
          90          16   0.0000000000000000        0.0000000000000000     
          95          16   0.0000000000000000        0.0000000000000000     
