           0           0   0.0000000000000000        0.0000000000000000     
           5           0   0.0000000000000000        0.0000000000000000     
          10           0   0.0000000000000000        0.0000000000000000     
          15           0   0.0000000000000000        0.0000000000000000     
          20           0   0.0000000000000000        0.0000000000000000     
          25           0   0.0000000000000000        0.0000000000000000     
          30           0   0.0000000000000000        0.0000000000000000     
          35           0   0.0000000000000000        0.0000000000000000     
          40           0   0.0000000000000000        0.0000000000000000     
          45           0   0.0000000000000000        0.0000000000000000     
          50           0   0.0000000000000000        0.0000000000000000     
          55           0   0.0000000000000000        0.0000000000000000     
          60           0   0.0000000000000000        0.0000000000000000     
          65           0   0.0000000000000000        0.0000000000000000     
          70           0   0.0000000000000000        0.0000000000000000     
          75           0   0.0000000000000000        0.0000000000000000     
          80           0   0.0000000000000000        0.0000000000000000     
          85           0   0.0000000000000000        0.0000000000000000     
          90           0   0.0000000000000000        0.0000000000000000     
          95           0   0.0000000000000000        0.0000000000000000     
           0           1  -1.8454821428631751       -5.9816756846631236E-002
           5           1  -4.1331947926526169       -1.7691961054799865     
          10           1   0.0000000000000000        0.0000000000000000     
          15           1  -1.8247650251712599        1.6689384122470230E-002
          20           1  -2.2658925977125932       -1.8085560815161994     
          25           1  -1.7515001107071271       0.12746534457042102     
          30           1  -1.8797038853257675      -0.43787920309901196     
          35           1 -0.76255928014745678        1.0746564091812516     
          40           1  -2.2655487317635448      -0.18019154844450824     
          45           1  -2.2544588088635464      -0.93047303974080897     
          50           1  -2.0412465024577386       -1.3658192137222525     
          55           1  -2.2130586293656052      -0.37478842576210702     
          60           1  -2.2840518006717048      -0.37280843386167106     
          65           1   0.0000000000000000        0.0000000000000000     
          70           1  -1.9152881660033927       0.10387947701029354     
          75           1  -3.5374884930661210       -1.5131044441285546     
          80           1  -1.8899930117299846       0.13029069982350983     
          85           1  -2.4096146994878609      -0.25273180383034166     
          90           1  -1.7346609809010261       -1.5293825571727204     
          95           1   0.0000000000000000        0.0000000000000000     
           0           2  -2.6119547361239115      -0.55760540159432992     
           5           2  -2.6975119863603680       0.19725088178379480     
          10           2  -2.8928375289272168      -0.76697939886072319     
          15           2  -3.0284144704051386       0.47256764106107241     
          20           2  -2.9681675164994203      -0.40901847562890836     
          25           2  -2.6602290080646185       0.33274325299315066     
          30           2  -2.4996295590007378        7.5663998244657193E-003
          35           2  -2.0027362612395905      -0.18917526959150166     
          40           2  -2.8370664752941366      -0.82324889059570694     
          45           2  -2.8823370513109126       0.19761148730923495     
          50           2  -2.3549017747015455      -0.36556804345000415     
          55           2  -2.5068129236771597      -0.14805179069821151     
          60           2  -2.4754601917464925      -0.30547101822486766     
          65           2  -2.4991879537594741      -0.11583370600698473     
          70           2  -2.3960674514000857       0.10941719893908797     
          75           2  -2.2544155778803088       0.23140867195126091     
          80           2  -2.0990205289450614      -0.51358158341230364     
          85           2  -2.1295462929060704       0.13510567162589027     
          90           2  -2.0674639128515082      -0.74346934180846702     
          95           2  -2.2846982179913766       0.46514156713417520     
           0           3  -2.4523609849669281       0.10047887283093360     
           5           3  -2.6099342665952818        8.9863918042443203E-002
          10           3  -2.7652427500068910       0.14478787770721979     
          15           3  -2.8375636126476422       0.33945932611967322     
          20           3  -2.7551616440568694       0.58973578175747221     
          25           3  -2.5765729288806938       0.29932828749634766     
          30           3  -2.6798110483916560       0.12134696700583092     
          35           3  -2.3332124384367603      -0.18741468547300855     
          40           3  -2.7279005563585201      -0.17612875593098209     
          45           3  -2.8642421870372914       0.10780379798180917     
          50           3  -1.9728005770147661        1.8196948816662228E-002
          55           3  -2.2893095527365404       0.18245538997208044     
          60           3  -2.5712902053953712      -0.12114760188808305     
          65           3  -2.0622992230556747       -9.8052890067368281E-002
          70           3  -2.3740011790351900       -2.5534169894037007E-002
          75           3  -2.1402193350894549       -5.1672932088742130E-003
          80           3  -2.2987042120092838       -2.4318918285803903E-002
          85           3  -2.5778240294727084      -0.16612939558013906     
          90           3  -2.4650592821018336       0.16720892505261986     
          95           3  -2.4122993178110619       0.67935739557878350     
           0           4  -2.5038797642196187        5.5819660662592696E-002
           5           4  -2.5846231659132357       0.20863460379327847     
          10           4  -2.7227916514238615       0.44739121342285415     
          15           4  -2.7719644472234961       0.30308467622752744     
          20           4  -2.6276334157593340        5.9226043860327593E-002
          25           4  -2.6250543436390217       0.28306388655252590     
          30           4  -2.4346544573639051       0.28628818657949751     
          35           4  -2.0483644799540457       -9.2199381480639886E-002
          40           4  -2.5723676441913312       -6.4354554698553557E-002
          45           4  -2.7510904608263331       0.25807278634104591     
          50           4  -2.3780539365603204       -6.7557894909420213E-002
          55           4  -2.5668234280828983        7.0046647753230218E-002
          60           4  -2.3648096646766703      -0.14881124070775797     
          65           4  -2.0023835078575303       0.11878780947327527     
          70           4  -2.1724220372476566       0.41216378050989988     
          75           4  -2.1290597978662618       0.42812441331196993     
          80           4  -2.4904765549393915      -0.21911063921464802     
          85           4  -2.6294797277870430      -0.12889049009423559     
          90           4  -2.5829521101883302       -7.5395080876283771E-002
          95           4  -2.3949370944365000       0.33632857183718556     
           0           5  -5.0201674349142911      -0.21966595686429002     
           5           5  -4.4935582544658459        1.1033535457860566     
          10           5  -5.5127503117802235       0.31176554834644321     
          15           5  -5.3436555687280674       0.36301561638474311     
          20           5  -5.0832548024715152       -7.7211534841303830E-002
          25           5  -5.3926522997826964       0.63267483341178377     
          30           5  -4.9681781227128852       0.13979843596523267     
          35           5  -4.3406686952351947      -0.21656843101958145     
          40           5  -4.9804035929668089      -0.91268793956711392     
          45           5  -4.4803787514524629      -0.25805911480603072     
          50           5  -5.0313459990647402       0.43191911454520948     
          55           5  -4.5842319112665564       0.74053821912389850     
          60           5  -4.9589186613729908       -1.8936831822635725E-002
          65           5  -3.6684681329290925       0.34765720034801717     
          70           5  -1.8235997548288196       0.39582476753174944     
          75           5  -5.0507782162156900      -0.22961790818953887     
          80           5  -5.1804770323826688      -0.36304672061060472     
          85           5  -5.3106799766311497       -9.1473063523750398E-003
          90           5  -5.0790208501183542        1.3121140316485480E-002
          95           5  -4.7503905791757006        9.2338643673528509E-002
           0           6  -2.3702472655134921       -8.1065839996341538E-003
           5           6  -2.1153797203332658        7.7152120097068178E-002
          10           6  -2.5092751361555088       0.14395362633923270     
          15           6  -2.2673904993641969        9.2085689455956299E-002
          20           6  -2.2611269687899949       0.10319610913356314     
          25           6  -2.2407230290077962      -0.14750793742468460     
          30           6  -2.6014011728037190        4.8665816674287043E-002
          35           6  -1.9128891455721941      -0.20663745078586260     
          40           6  -2.1216825409453577       -1.1373572678019528     
          45           6  -1.3090074828170373      -0.45463444581006485     
          50           6  -2.3471850504108716       0.37695725245256995     
          55           6  -2.2617099727284540       0.37880416360103197     
          60           6  -1.9815395502575939       0.12810045992850405     
          65           6  -1.8903921122870315       0.43769205288590740     
          70           6  -3.8950924106728735       0.77582533775544249     
          75           6  -2.5652921384988758      -0.24608158775585309     
          80           6  -2.5415400985906444      -0.25585768145486298     
          85           6  -2.6160876532088650        1.0532435217314173E-002
          90           6  -2.5322575633879296      -0.18606481818839171     
          95           6  -2.4352665040083821        4.3892218504204550E-002
           0           7  -2.3784610822452645        2.8192126890758118E-002
           5           7  -2.0857912799732148       0.17187558788211987     
          10           7  -2.4195726844755683       0.15690094853582082     
          15           7  -2.2492430933152008       0.26906572320406497     
          20           7  -2.1613756451799304       0.32449162305603352     
          25           7  -2.1399829953594462      -0.44344234050530673     
          30           7  -2.0372901586185321        7.6902946615220458E-002
          35           7  -1.7462847558036287       -7.7959640503166838E-002
          40           7  -2.0234834894949927      -0.29045301621177799     
          45           7  -2.1594182554451891      -0.53473724794805833     
          50           7  -2.3103156240011913       0.47295437254568640     
          55           7  -2.2167966579544895       0.60648344290648026     
          60           7  -1.8091723605806465       0.20474742612464070     
          65           7  -1.5464777208507030        1.2052633379155964     
          70           7  -2.0078841757253940       0.28446461952214008     
          75           7  -2.4531261669835658       0.12150056462711945     
          80           7  -2.0645855263978774      -0.19823794982443133     
          85           7  -2.5146503762130124      -0.16530524034941152     
          90           7  -2.5193450453286914       -2.3261289081588643E-002
          95           7  -2.5398479302651822        4.4778086589758459E-002
           0           8  -2.2381796392478837       -6.4200955982585128E-002
           5           8  -1.9137829280246876       0.19508090797870636     
          10           8  -2.3502251165385957       0.13521164227370264     
          15           8  -2.1693310642678654       0.14921566621417526     
          20           8  -2.1558120296027994       0.33908305987040421     
          25           8  -2.1327693526274061      -0.42612639249206552     
          30           8  -1.9760232375531928       -8.7331219216224554E-002
          35           8  -1.9044390631961505        4.7849945881139888E-002
          40           8  -2.8427941383313282      -0.61913115119160977     
          45           8  -2.1221140533356220       0.78938627736668820     
          50           8  -1.5444244312234900       0.81055514872474532     
          55           8  -1.9848687582424418       0.86119919338933926     
          60           8  -1.6529801987275050       0.29450869213576425     
          65           8  -1.5986323566608007        1.2795654121511291     
          70           8  -2.0502286104573386       0.50637509676931813     
          75           8  -2.4637956948936335       0.24408505015394155     
          80           8  -2.4277829702867848      -0.16416396946716816     
          85           8  -2.3737757902608791      -0.11967149332825500     
          90           8  -2.4105086119874386      -0.10795895328818972     
          95           8  -2.5410278686166521       0.11521541674497371     
           0           9  -3.6916283322840915       0.45121715799290030     
           5           9  -2.8408699111226454       0.40543565156703210     
          10           9  -2.9909273832284811       0.38193207983816535     
          15           9  -2.5454799096547021       0.58876290338183424     
          20           9  -2.4460829001782258       0.61928234168284746     
          25           9  -3.4474193285660704      -0.36339022961406897     
          30           9  -3.2910585562717642        2.7091470888862546E-002
          35           9  -2.9268388521330735       0.23894359764575768     
          40           9  -1.9640962198508305        1.0056162194072016     
          45           9  -3.2340593971014187        1.4147571908385004     
          50           9  -4.0169414661761493        1.3918919086908232     
          55           9   0.0000000000000000        0.0000000000000000     
          60           9  -4.5693873546071018        2.1018031508557300     
          65           9  -3.7127251327717659        1.6526035987585175     
          70           9  -3.2803546855575405       0.93174103546367348     
          75           9  -2.4738280413316716        1.0587131030792563     
          80           9  -2.5165564677820385       0.27117520922992355     
          85           9  -2.2409828201830351       -3.3836045778556922E-002
          90           9  -2.1451092892732504       0.13535889109128618     
          95           9  -3.6653403758180048       -5.6879264596076951E-002
           0          10   0.0000000000000000        0.0000000000000000     
           5          10   0.0000000000000000        0.0000000000000000     
          10          10   0.0000000000000000        0.0000000000000000     
          15          10   0.0000000000000000        0.0000000000000000     
          20          10   0.0000000000000000        0.0000000000000000     
          25          10   0.0000000000000000        0.0000000000000000     
          30          10   0.0000000000000000        0.0000000000000000     
          35          10   0.0000000000000000        0.0000000000000000     
          40          10   0.0000000000000000        0.0000000000000000     
          45          10   0.0000000000000000        0.0000000000000000     
          50          10   0.0000000000000000        0.0000000000000000     
          55          10  -3.9613208593891613        1.3988219665872492     
          60          10   0.0000000000000000        0.0000000000000000     
          65          10   0.0000000000000000        0.0000000000000000     
          70          10   0.0000000000000000        0.0000000000000000     
          75          10  -3.9753949852183723        2.7374417893266667     
          80          10   0.0000000000000000        0.0000000000000000     
          85          10   0.0000000000000000        0.0000000000000000     
          90          10  -6.1026156468813042       0.66480605501517687     
          95          10   0.0000000000000000        0.0000000000000000     
           0          11   0.0000000000000000        0.0000000000000000     
           5          11   0.0000000000000000        0.0000000000000000     
          10          11   0.0000000000000000        0.0000000000000000     
          15          11   0.0000000000000000        0.0000000000000000     
          20          11   0.0000000000000000        0.0000000000000000     
          25          11   0.0000000000000000        0.0000000000000000     
          30          11   0.0000000000000000        0.0000000000000000     
          35          11   0.0000000000000000        0.0000000000000000     
          40          11   0.0000000000000000        0.0000000000000000     
          45          11   0.0000000000000000        0.0000000000000000     
          50          11   0.0000000000000000        0.0000000000000000     
          55          11   0.0000000000000000        0.0000000000000000     
          60          11   0.0000000000000000        0.0000000000000000     
          65          11   0.0000000000000000        0.0000000000000000     
          70          11   0.0000000000000000        0.0000000000000000     
          75          11   0.0000000000000000        0.0000000000000000     
          80          11   0.0000000000000000        0.0000000000000000     
          85          11   0.0000000000000000        0.0000000000000000     
          90          11   0.0000000000000000        0.0000000000000000     
          95          11   0.0000000000000000        0.0000000000000000     
           0          12   0.0000000000000000        0.0000000000000000     
           5          12   0.0000000000000000        0.0000000000000000     
          10          12   0.0000000000000000        0.0000000000000000     
          15          12   0.0000000000000000        0.0000000000000000     
          20          12   0.0000000000000000        0.0000000000000000     
          25          12   0.0000000000000000        0.0000000000000000     
          30          12   0.0000000000000000        0.0000000000000000     
          35          12   0.0000000000000000        0.0000000000000000     
          40          12   0.0000000000000000        0.0000000000000000     
          45          12   0.0000000000000000        0.0000000000000000     
          50          12   0.0000000000000000        0.0000000000000000     
          55          12   0.0000000000000000        0.0000000000000000     
          60          12   0.0000000000000000        0.0000000000000000     
          65          12   0.0000000000000000        0.0000000000000000     
          70          12   0.0000000000000000        0.0000000000000000     
          75          12   0.0000000000000000        0.0000000000000000     
          80          12   0.0000000000000000        0.0000000000000000     
          85          12   0.0000000000000000        0.0000000000000000     
          90          12   0.0000000000000000        0.0000000000000000     
          95          12   0.0000000000000000        0.0000000000000000     
           0          13   0.0000000000000000        0.0000000000000000     
           5          13   0.0000000000000000        0.0000000000000000     
          10          13   0.0000000000000000        0.0000000000000000     
          15          13   0.0000000000000000        0.0000000000000000     
          20          13   0.0000000000000000        0.0000000000000000     
          25          13   0.0000000000000000        0.0000000000000000     
          30          13   0.0000000000000000        0.0000000000000000     
          35          13   0.0000000000000000        0.0000000000000000     
          40          13   0.0000000000000000        0.0000000000000000     
          45          13   0.0000000000000000        0.0000000000000000     
          50          13   0.0000000000000000        0.0000000000000000     
          55          13   0.0000000000000000        0.0000000000000000     
          60          13   0.0000000000000000        0.0000000000000000     
          65          13   0.0000000000000000        0.0000000000000000     
          70          13   0.0000000000000000        0.0000000000000000     
          75          13   0.0000000000000000        0.0000000000000000     
          80          13   0.0000000000000000        0.0000000000000000     
          85          13   0.0000000000000000        0.0000000000000000     
          90          13   0.0000000000000000        0.0000000000000000     
          95          13   0.0000000000000000        0.0000000000000000     
           0          14   0.0000000000000000        0.0000000000000000     
           5          14   0.0000000000000000        0.0000000000000000     
          10          14   0.0000000000000000        0.0000000000000000     
          15          14   0.0000000000000000        0.0000000000000000     
          20          14   0.0000000000000000        0.0000000000000000     
          25          14   0.0000000000000000        0.0000000000000000     
          30          14   0.0000000000000000        0.0000000000000000     
          35          14   0.0000000000000000        0.0000000000000000     
          40          14   0.0000000000000000        0.0000000000000000     
          45          14   0.0000000000000000        0.0000000000000000     
          50          14   0.0000000000000000        0.0000000000000000     
          55          14   0.0000000000000000        0.0000000000000000     
          60          14   0.0000000000000000        0.0000000000000000     
          65          14   0.0000000000000000        0.0000000000000000     
          70          14   0.0000000000000000        0.0000000000000000     
          75          14   0.0000000000000000        0.0000000000000000     
          80          14   0.0000000000000000        0.0000000000000000     
          85          14   0.0000000000000000        0.0000000000000000     
          90          14   0.0000000000000000        0.0000000000000000     
          95          14   0.0000000000000000        0.0000000000000000     
           0          15   0.0000000000000000        0.0000000000000000     
           5          15   0.0000000000000000        0.0000000000000000     
          10          15   0.0000000000000000        0.0000000000000000     
          15          15   0.0000000000000000        0.0000000000000000     
          20          15   0.0000000000000000        0.0000000000000000     
          25          15   0.0000000000000000        0.0000000000000000     
          30          15   0.0000000000000000        0.0000000000000000     
          35          15   0.0000000000000000        0.0000000000000000     
          40          15   0.0000000000000000        0.0000000000000000     
          45          15   0.0000000000000000        0.0000000000000000     
          50          15   0.0000000000000000        0.0000000000000000     
          55          15   0.0000000000000000        0.0000000000000000     
          60          15   0.0000000000000000        0.0000000000000000     
          65          15   0.0000000000000000        0.0000000000000000     
          70          15   0.0000000000000000        0.0000000000000000     
          75          15   0.0000000000000000        0.0000000000000000     
          80          15   0.0000000000000000        0.0000000000000000     
          85          15   0.0000000000000000        0.0000000000000000     
          90          15   0.0000000000000000        0.0000000000000000     
          95          15   0.0000000000000000        0.0000000000000000     
           0          16   0.0000000000000000        0.0000000000000000     
           5          16   0.0000000000000000        0.0000000000000000     
          10          16   0.0000000000000000        0.0000000000000000     
          15          16   0.0000000000000000        0.0000000000000000     
          20          16   0.0000000000000000        0.0000000000000000     
          25          16   0.0000000000000000        0.0000000000000000     
          30          16   0.0000000000000000        0.0000000000000000     
          35          16   0.0000000000000000        0.0000000000000000     
          40          16   0.0000000000000000        0.0000000000000000     
          45          16   0.0000000000000000        0.0000000000000000     
          50          16   0.0000000000000000        0.0000000000000000     
          55          16   0.0000000000000000        0.0000000000000000     
          60          16   0.0000000000000000        0.0000000000000000     
          65          16   0.0000000000000000        0.0000000000000000     
          70          16   0.0000000000000000        0.0000000000000000     
          75          16   0.0000000000000000        0.0000000000000000     
          80          16   0.0000000000000000        0.0000000000000000     
          85          16   0.0000000000000000        0.0000000000000000     
          90          16   0.0000000000000000        0.0000000000000000     
          95          16   0.0000000000000000        0.0000000000000000     
