           0           0   0.0000000000000000        0.0000000000000000     
           5           0   0.0000000000000000        0.0000000000000000     
          10           0   0.0000000000000000        0.0000000000000000     
          15           0   0.0000000000000000        0.0000000000000000     
          20           0   0.0000000000000000        0.0000000000000000     
          25           0   0.0000000000000000        0.0000000000000000     
          30           0   0.0000000000000000        0.0000000000000000     
          35           0   0.0000000000000000        0.0000000000000000     
          40           0   0.0000000000000000        0.0000000000000000     
          45           0   0.0000000000000000        0.0000000000000000     
          50           0   0.0000000000000000        0.0000000000000000     
          55           0   0.0000000000000000        0.0000000000000000     
          60           0   0.0000000000000000        0.0000000000000000     
          65           0   0.0000000000000000        0.0000000000000000     
          70           0   0.0000000000000000        0.0000000000000000     
          75           0   0.0000000000000000        0.0000000000000000     
          80           0   0.0000000000000000        0.0000000000000000     
          85           0   0.0000000000000000        0.0000000000000000     
          90           0   0.0000000000000000        0.0000000000000000     
          95           0   0.0000000000000000        0.0000000000000000     
           0           1 -0.50261232979798010       -5.3208578607577550E-002
           5           1 -0.20883171322871874        8.2760663104863852E-002
          10           1   3.4258732339864650E-002  0.24035414983192283     
          15           1  -2.7263906900998336E-002  -3.1552262975687029E-002
          20           1 -0.13699031933711581      -0.21658629153709086     
          25           1 -0.15471891847695929       0.11811392909621965     
          30           1 -0.17640317230060987      -0.20115424556710337     
          35           1 -0.20265785082074217      -0.15247854007194306     
          40           1 -0.12039261651608513      -0.22987837569821146     
          45           1 -0.17918353275803156        9.0933161913664406E-002
          50           1 -0.79151503452834504      -0.24558463570079070     
          55           1 -0.28436076824789325       0.16522497524151802     
          60           1 -0.41669691871248915       -4.1208448731122616E-003
          65           1 -0.60438193422385211       0.63667075454576505     
          70           1 -0.69870907509539393       -7.0133960847762467E-002
          75           1 -0.38688868940539578       0.31018821448958178     
          80           1 -0.52293077096976504       -8.3781510857861008E-002
          85           1 -0.42008793066372618       0.30129113156585063     
          90           1 -0.28438962772270315       -5.3607948752310008E-002
          95           1 -0.97261313825924844       0.53342475742068629     
           0           2  -2.3738655263508268      -0.68203497881835773     
           5           2  -2.1035391855450669      -0.54448865171918825     
          10           2  -3.1638456712546059      -0.38806288450432547     
          15           2  -3.0802285504716309      -0.44817167140331904     
          20           2  -2.6424987650131015      -0.64000157969701377     
          25           2  -2.5124215958172158      -0.17932169902534767     
          30           2  -2.5236989392674047      -0.44263221709917033     
          35           2  -2.6072359534978773      -0.33474100812336260     
          40           2  -3.0245468738598902      -0.45765025747046550     
          45           2  -2.7824443249357955      -0.21430871274707997     
          50           2  -2.8651938363211116       -1.0038468000961309     
          55           2  -2.8426301956230304      -0.53006033129410213     
          60           2  -2.8970604307687609      -0.80976246096930993     
          65           2  -3.1159030011451705      -0.21143077461927007     
          70           2  -2.7560597674636256      -0.87268321331990251     
          75           2  -2.6169019254496106      -0.32850665393713285     
          80           2  -2.5980539153636073      -0.82039153779689400     
          85           2  -2.6287652061540712      -0.32791654973163276     
          90           2  -2.5518844363148219      -0.78596117624174511     
          95           2  -2.1599064195498840       -6.9405788369891752E-002
           0           3  -2.4979289331128474      -0.79955290429811754     
           5           3  -2.3137851715349100      -0.32015405970087230     
          10           3  -2.6242812999832665      -0.66671376777405200     
          15           3  -2.7534941172024929        1.5914387547777409E-002
          20           3  -3.0785214447170972      -0.20615054832306967     
          25           3  -2.8655655596665497       0.10601645027641382     
          30           3  -3.0211604196317410        3.9625361267781045E-002
          35           3  -2.8483892112163289      -0.10802595717951391     
          40           3  -2.9632706865356795      -0.32307839370915303     
          45           3  -2.7852725164123626      -0.24812441012489472     
          50           3  -2.7288905055300461      -0.80643404674063390     
          55           3  -2.7202437661699719      -0.83967331830026026     
          60           3  -2.7041979573283470      -0.90830796699581384     
          65           3  -2.7694653670096159      -0.95137331018291249     
          70           3  -2.5703158848955354      -0.98838719908123096     
          75           3  -2.7893637229681190      -0.84313372195721215     
          80           3  -2.5709727916023439      -0.76076528772173191     
          85           3  -2.5661117859954174      -0.92308805798690940     
          90           3  -2.4858659854487541      -0.87222024701016920     
          95           3  -2.4111894065725892      -0.56774632076317388     
           0           4  -5.0348842743687392       -1.5819872732292239     
           5           4  -2.7049424644864928      -0.60516655509434969     
          10           4  -2.5208701982215587      -0.59027656670984641     
          15           4  -2.6905265391352629      -0.54727423149714127     
          20           4  -3.0302971533480161      -0.17636562359424346     
          25           4  -2.9522662036640668       0.21732869186941173     
          30           4  -2.8368332559303155      -0.29326973626009334     
          35           4  -2.7476892120503749        2.0931889652686664E-002
          40           4  -2.7995032087702043      -0.10631284588669132     
          45           4  -2.7860491732667469      -0.25919928593243213     
          50           4  -2.7965892947889870      -0.82695858215853235     
          55           4  -2.6353610288154528       -1.2280342549741974     
          60           4  -5.2811101271643679       -1.8839606188780778     
          65           4  -5.3534303673785644       -1.8246713831970851     
          70           4  -5.1085497170078042       -1.9165355664130246     
          75           4  -5.2559784628414263       -1.7133530462754010     
          80           4  -5.0458996203417428       -1.5055382792272809     
          85           4  -5.0481812129277159       -1.9741336720358049     
          90           4  -5.0097060194786991       -1.7790688533647625     
          95           4  -4.9179438866531200       -1.4780982623419092     
           0           5  -2.4480122884287803      -0.60087166497080347     
           5           5  -5.4577994557769571      -0.83744422304299349     
          10           5  -5.2067819495249523       -1.0035747288261732     
          15           5  -5.3646505371318653      -0.85310099652513571     
          20           5  -5.7702844221196870      -0.78504714517979579     
          25           5  -5.2699146800883057      -0.15168199434700824     
          30           5  -5.4695699982332258      -0.54680921528493798     
          35           5  -5.4765001862477902      -0.27174662823981066     
          40           5  -5.4355918943116421      -0.16447751863157833     
          45           5  -5.3165656150966356      -0.51787622667553990     
          50           5  -5.3322501567976133       -1.6781684816935538     
          55           5  -5.6093216810637614       -1.5717965924633148     
          60           5  -2.5100230788410727       -1.0464993960690450     
          65           5  -2.4920388096205670      -0.82507486936389540     
          70           5  -2.4607320970915225      -0.84781665552480234     
          75           5  -2.3539596605814950      -0.89845979739155979     
          80           5  -2.5124769523898749      -0.82485764795858785     
          85           5  -2.6120053610156901      -0.93682393205174463     
          90           5  -2.4632326171314389      -0.89302348658559794     
          95           5  -2.4854634922633068      -0.73174657986285752     
           0           6  -2.3781042500981009      -0.57643716479205409     
           5           6  -2.6453655596192505      -0.47043093873266884     
          10           6  -2.6333488798435667      -0.48956669270516784     
          15           6  -2.6326745213900438      -0.37313099789937354     
          20           6  -2.5897863419643841      -0.38166675823347873     
          25           6  -2.6946897471624709        4.3901504489518572E-002
          30           6  -2.5735088128087114      -0.28228828758525282     
          35           6  -2.8926909642024157        8.7324467750171664E-002
          40           6  -2.7736821789758892      -0.15089861926220749     
          45           6  -2.6076394141583137      -0.42953367910492091     
          50           6  -2.7077721187040993      -0.73941530487342533     
          55           6  -2.5413280732422550      -0.72030715870141648     
          60           6  -2.6154504107367416      -0.95063107790949175     
          65           6  -2.6067602674828549      -0.83981416230116679     
          70           6  -2.4687890994101735      -0.93189373186142177     
          75           6  -2.4552894530671665       -1.0879995325385750     
          80           6  -2.5840039564428707      -0.85329998796623840     
          85           6  -2.4364099783014126       -1.0522176336769107     
          90           6  -2.5212581723366156      -0.82339777767170830     
          95           6  -2.5569403861425144      -0.72950394849780054     
           0           7  -2.5750606347446636      -0.66063503135982415     
           5           7  -2.7782253711139404      -0.48531942103302583     
          10           7  -2.5764068934019946      -0.42461661547754659     
          15           7  -2.5060718692326844      -0.45717175694903744     
          20           7  -2.4544668328019270      -0.53282188106962280     
          25           7  -2.8046164414341490        3.6419879076987627E-002
          30           7  -2.4611693590159689      -0.10526548786859991     
          35           7  -2.8012565729795824       0.16066024580929650     
          40           7  -2.7328979068741432      -0.21140892981996728     
          45           7  -2.6746987088444030      -0.31014894507741531     
          50           7  -2.4973944587003416      -0.60129649866347279     
          55           7  -2.6299420902020643       -1.1568415132101606     
          60           7  -2.3866095718716451       -1.1962801568454751     
          65           7  -2.3526690792152749      -0.80811487312093533     
          70           7  -2.4167328157886914      -0.89130695991812559     
          75           7  -2.4195165388363193      -0.96504883325021495     
          80           7  -2.5059127586501972      -0.82676793659697267     
          85           7  -2.1965640257803898       -1.3094946248548567     
          90           7  -2.5949551170612040      -0.72698829132633591     
          95           7  -2.6070963987478990      -0.67265868390897765     
           0           8  -2.6477046414530303      -0.62243664960881517     
           5           8  -2.8710524796204950      -0.37238450059540185     
          10           8  -2.5587648100877658      -0.40236481967603765     
          15           8  -2.5753818128482209      -0.39886062130456423     
          20           8  -2.6533358513702865      -0.71750466926978618     
          25           8  -2.8155378045013890      -0.37350360915233694     
          30           8  -2.3490817864768587        4.6437088681017258E-002
          35           8  -2.7518639572932102       0.25582335689833258     
          40           8  -2.5254499805527075       0.13261352605375976     
          45           8  -2.1831798293447946      -0.36776674929406283     
          50           8  -3.8762018629157069      -0.28338158329255236     
          55           8  -2.8851977252841721      -0.57533087869821031     
          60           8  -2.9245430469515554      -0.88451140295653374     
          65           8  -2.5067877567153118      -0.68158934737105881     
          70           8  -2.5647501456660393      -0.70672964795015503     
          75           8  -2.3380409579232264      -0.93626062830587387     
          80           8  -2.4426932959187297      -0.77842990188869976     
          85           8  -2.4375527207354253       -1.1342948871995162     
          90           8  -2.4073046401440479      -0.83140163486206120     
          95           8  -2.2240772999282399      -0.68283428173110394     
           0           9  -2.5494082238727844      -0.97625752291108370     
           5           9  -2.7074340714383638      -0.94831713203014090     
          10           9  -2.3962189184256744      -0.44314525433186702     
          15           9  -2.6702853927584869      -0.40074327919192854     
          20           9  -2.8451637527027174       0.42915736542248339     
          25           9  -3.9965181102985525      -0.96084225355674846     
          30           9   0.0000000000000000        0.0000000000000000     
          35           9  -2.1940364334582796       0.20301679802159356     
          40           9  -2.8848758432786781      -0.16974546563908177     
          45           9   0.0000000000000000        0.0000000000000000     
          50           9  -3.0927654749746125       0.60716927349879768     
          55           9   0.0000000000000000        0.0000000000000000     
          60           9   0.0000000000000000        0.0000000000000000     
          65           9  -5.6872067968072315       -2.2886074664274503     
          70           9  -4.6923537752263655      -0.90315305453891881     
          75           9  -4.0776688003063555      -0.21875798329240581     
          80           9  -3.3882455417710844       -1.1117312880504215     
          85           9  -2.7384720918632866       -1.0439776703830006     
          90           9  -2.4447852879205811       -1.1018127111483977     
          95           9  -2.6168598031262036       -1.0548368194207569     
           0          10   0.0000000000000000        0.0000000000000000     
           5          10   0.0000000000000000        0.0000000000000000     
          10          10   0.0000000000000000        0.0000000000000000     
          15          10  -6.2192217089940272      -0.69299805304900985     
          20          10   0.0000000000000000        0.0000000000000000     
          25          10   0.0000000000000000        0.0000000000000000     
          30          10  -5.3847616816327104       -1.1609331949191670     
          35          10  -6.8851750249621091       -2.0888507999838879     
          40          10   0.0000000000000000        0.0000000000000000     
          45          10   0.0000000000000000        0.0000000000000000     
          50          10   0.0000000000000000        0.0000000000000000     
          55          10   0.0000000000000000        0.0000000000000000     
          60          10  -4.5810018626468718      -0.14875294815475115     
          65          10   0.0000000000000000        0.0000000000000000     
          70          10   0.0000000000000000        0.0000000000000000     
          75          10   0.0000000000000000        0.0000000000000000     
          80          10   0.0000000000000000        0.0000000000000000     
          85          10   0.0000000000000000        0.0000000000000000     
          90          10   0.0000000000000000        0.0000000000000000     
          95          10   0.0000000000000000        0.0000000000000000     
           0          11   0.0000000000000000        0.0000000000000000     
           5          11   0.0000000000000000        0.0000000000000000     
          10          11   0.0000000000000000        0.0000000000000000     
          15          11   0.0000000000000000        0.0000000000000000     
          20          11   0.0000000000000000        0.0000000000000000     
          25          11   0.0000000000000000        0.0000000000000000     
          30          11   0.0000000000000000        0.0000000000000000     
          35          11   0.0000000000000000        0.0000000000000000     
          40          11   0.0000000000000000        0.0000000000000000     
          45          11   0.0000000000000000        0.0000000000000000     
          50          11   0.0000000000000000        0.0000000000000000     
          55          11   0.0000000000000000        0.0000000000000000     
          60          11   0.0000000000000000        0.0000000000000000     
          65          11   0.0000000000000000        0.0000000000000000     
          70          11   0.0000000000000000        0.0000000000000000     
          75          11   0.0000000000000000        0.0000000000000000     
          80          11   0.0000000000000000        0.0000000000000000     
          85          11   0.0000000000000000        0.0000000000000000     
          90          11   0.0000000000000000        0.0000000000000000     
          95          11   0.0000000000000000        0.0000000000000000     
           0          12   0.0000000000000000        0.0000000000000000     
           5          12   0.0000000000000000        0.0000000000000000     
          10          12   0.0000000000000000        0.0000000000000000     
          15          12   0.0000000000000000        0.0000000000000000     
          20          12   0.0000000000000000        0.0000000000000000     
          25          12   0.0000000000000000        0.0000000000000000     
          30          12   0.0000000000000000        0.0000000000000000     
          35          12   0.0000000000000000        0.0000000000000000     
          40          12   0.0000000000000000        0.0000000000000000     
          45          12   0.0000000000000000        0.0000000000000000     
          50          12   0.0000000000000000        0.0000000000000000     
          55          12   0.0000000000000000        0.0000000000000000     
          60          12   0.0000000000000000        0.0000000000000000     
          65          12   0.0000000000000000        0.0000000000000000     
          70          12   0.0000000000000000        0.0000000000000000     
          75          12   0.0000000000000000        0.0000000000000000     
          80          12   0.0000000000000000        0.0000000000000000     
          85          12   0.0000000000000000        0.0000000000000000     
          90          12   0.0000000000000000        0.0000000000000000     
          95          12   0.0000000000000000        0.0000000000000000     
           0          13   0.0000000000000000        0.0000000000000000     
           5          13   0.0000000000000000        0.0000000000000000     
          10          13   0.0000000000000000        0.0000000000000000     
          15          13   0.0000000000000000        0.0000000000000000     
          20          13   0.0000000000000000        0.0000000000000000     
          25          13   0.0000000000000000        0.0000000000000000     
          30          13   0.0000000000000000        0.0000000000000000     
          35          13   0.0000000000000000        0.0000000000000000     
          40          13   0.0000000000000000        0.0000000000000000     
          45          13   0.0000000000000000        0.0000000000000000     
          50          13   0.0000000000000000        0.0000000000000000     
          55          13   0.0000000000000000        0.0000000000000000     
          60          13   0.0000000000000000        0.0000000000000000     
          65          13   0.0000000000000000        0.0000000000000000     
          70          13   0.0000000000000000        0.0000000000000000     
          75          13   0.0000000000000000        0.0000000000000000     
          80          13   0.0000000000000000        0.0000000000000000     
          85          13   0.0000000000000000        0.0000000000000000     
          90          13   0.0000000000000000        0.0000000000000000     
          95          13   0.0000000000000000        0.0000000000000000     
           0          14   0.0000000000000000        0.0000000000000000     
           5          14   0.0000000000000000        0.0000000000000000     
          10          14   0.0000000000000000        0.0000000000000000     
          15          14   0.0000000000000000        0.0000000000000000     
          20          14   0.0000000000000000        0.0000000000000000     
          25          14   0.0000000000000000        0.0000000000000000     
          30          14   0.0000000000000000        0.0000000000000000     
          35          14   0.0000000000000000        0.0000000000000000     
          40          14   0.0000000000000000        0.0000000000000000     
          45          14   0.0000000000000000        0.0000000000000000     
          50          14   0.0000000000000000        0.0000000000000000     
          55          14   0.0000000000000000        0.0000000000000000     
          60          14   0.0000000000000000        0.0000000000000000     
          65          14   0.0000000000000000        0.0000000000000000     
          70          14   0.0000000000000000        0.0000000000000000     
          75          14   0.0000000000000000        0.0000000000000000     
          80          14   0.0000000000000000        0.0000000000000000     
          85          14   0.0000000000000000        0.0000000000000000     
          90          14   0.0000000000000000        0.0000000000000000     
          95          14   0.0000000000000000        0.0000000000000000     
           0          15   0.0000000000000000        0.0000000000000000     
           5          15   0.0000000000000000        0.0000000000000000     
          10          15   0.0000000000000000        0.0000000000000000     
          15          15   0.0000000000000000        0.0000000000000000     
          20          15   0.0000000000000000        0.0000000000000000     
          25          15   0.0000000000000000        0.0000000000000000     
          30          15   0.0000000000000000        0.0000000000000000     
          35          15   0.0000000000000000        0.0000000000000000     
          40          15   0.0000000000000000        0.0000000000000000     
          45          15   0.0000000000000000        0.0000000000000000     
          50          15   0.0000000000000000        0.0000000000000000     
          55          15   0.0000000000000000        0.0000000000000000     
          60          15   0.0000000000000000        0.0000000000000000     
          65          15   0.0000000000000000        0.0000000000000000     
          70          15   0.0000000000000000        0.0000000000000000     
          75          15   0.0000000000000000        0.0000000000000000     
          80          15   0.0000000000000000        0.0000000000000000     
          85          15   0.0000000000000000        0.0000000000000000     
          90          15   0.0000000000000000        0.0000000000000000     
          95          15   0.0000000000000000        0.0000000000000000     
           0          16   0.0000000000000000        0.0000000000000000     
           5          16   0.0000000000000000        0.0000000000000000     
          10          16   0.0000000000000000        0.0000000000000000     
          15          16   0.0000000000000000        0.0000000000000000     
          20          16   0.0000000000000000        0.0000000000000000     
          25          16   0.0000000000000000        0.0000000000000000     
          30          16   0.0000000000000000        0.0000000000000000     
          35          16   0.0000000000000000        0.0000000000000000     
          40          16   0.0000000000000000        0.0000000000000000     
          45          16   0.0000000000000000        0.0000000000000000     
          50          16   0.0000000000000000        0.0000000000000000     
          55          16   0.0000000000000000        0.0000000000000000     
          60          16   0.0000000000000000        0.0000000000000000     
          65          16   0.0000000000000000        0.0000000000000000     
          70          16   0.0000000000000000        0.0000000000000000     
          75          16   0.0000000000000000        0.0000000000000000     
          80          16   0.0000000000000000        0.0000000000000000     
          85          16   0.0000000000000000        0.0000000000000000     
          90          16   0.0000000000000000        0.0000000000000000     
          95          16   0.0000000000000000        0.0000000000000000     
