           0           0   0.0000000000000000        0.0000000000000000     
           5           0   0.0000000000000000        0.0000000000000000     
          10           0   0.0000000000000000        0.0000000000000000     
          15           0   0.0000000000000000        0.0000000000000000     
          20           0   0.0000000000000000        0.0000000000000000     
          25           0   0.0000000000000000        0.0000000000000000     
          30           0   0.0000000000000000        0.0000000000000000     
          35           0   0.0000000000000000        0.0000000000000000     
          40           0   0.0000000000000000        0.0000000000000000     
          45           0   0.0000000000000000        0.0000000000000000     
          50           0   0.0000000000000000        0.0000000000000000     
          55           0   0.0000000000000000        0.0000000000000000     
          60           0   0.0000000000000000        0.0000000000000000     
          65           0   0.0000000000000000        0.0000000000000000     
          70           0   0.0000000000000000        0.0000000000000000     
          75           0   0.0000000000000000        0.0000000000000000     
          80           0   0.0000000000000000        0.0000000000000000     
          85           0   0.0000000000000000        0.0000000000000000     
          90           0   0.0000000000000000        0.0000000000000000     
          95           0   0.0000000000000000        0.0000000000000000     
           0           1  -4.0164022290650747E-002  -2.7077540147735918E-002
           5           1  -2.0289288880717682E-002   8.8059394235187605E-003
          10           1  -8.1275987026674379E-003  -1.2493404770615169E-003
          15           1  -9.7297646059479881E-003   2.7494376059374048E-003
          20           1  -1.3994969952357827E-003  -1.5199724559544769E-003
          25           1  -2.6100035077636363E-003   1.2647057618872526E-003
          30           1  -4.3297787943874511E-003  -3.4007200864528964E-003
          35           1  -1.2117023286406514E-002   3.7752505867467978E-003
          40           1  -8.5588810821990435E-003  -4.0110389435722704E-003
          45           1  -7.5911675387341226E-002   2.8680103130555856E-002
          50           1  -1.1215136097586509E-003   7.5596416210244044E-004
          55           1   5.8350254372729893E-003   4.1025577937267577E-003
          60           1  -2.1660989524274754E-002   1.2331229738444388E-002
          65           1  -1.7311397387809180E-002   1.4415686063976724E-002
          70           1  -1.7391162731028587E-002  -7.4735119149488272E-003
          75           1  -1.5858306264826538E-002   9.1605637203909240E-003
          80           1  -8.3643082181561468E-002  -3.6565732045596572E-002
          85           1  -3.0974446972864556E-002   9.8946433859520289E-003
          90           1  -2.8284749878926263E-002   4.3141542556413004E-003
          95           1  -9.1915496491790094E-002   2.0555147682461972E-002
           0           2  -6.1575339359194736E-002  -2.0450860722942554E-003
           5           2 -0.12291532147420958       -9.0519374175077050E-003
          10           2  -1.8840975110484548E-002  -8.1590225779401560E-003
          15           2  -1.1332382484074977E-002   3.6561596508319361E-003
          20           2  -6.2296415717644216E-003  -2.7161464909164490E-003
          25           2 -0.10656589198687616       -1.1955208098109182E-002
          30           2  -7.6237067419548943E-002  -3.3439740935968520E-002
          35           2  -8.2857819052595261E-002   1.9998066361943956E-002
          40           2  -6.1819439723387326E-002  -1.2848879344419528E-002
          45           2 -0.11166959719477454        2.0418854023186717E-002
          50           2  -9.7276109682908896E-002  -5.8459556105880384E-002
          55           2  -9.2680168073400182E-002   4.4810867654426767E-002
          60           2  -4.3625886876341724E-002   7.2132900130507382E-002
          65           2  -6.3779291492593870E-002   3.3150657641894954E-003
          70           2  -9.0948955698832989E-002  -1.9421913195101503E-002
          75           2  -7.5385803131045037E-002   3.1437583182178375E-003
          80           2  -2.8968904886017555E-002   8.2087980403725003E-003
          85           2  -5.6716501656284279E-002  -8.7239349855217085E-004
          90           2  -8.2040614101108744E-002   1.8235597128227199E-002
          95           2  -8.2279426714126913E-002   5.1496422865532354E-004
           0           3  -7.3681463624263033E-002  -5.4538642842855145E-003
           5           3 -0.13997005840309107       -8.5496968495885062E-003
          10           3  -8.2310744947550196E-002  -3.3899534956291499E-002
          15           3 -0.10731602575142496        9.2289274371618046E-003
          20           3 -0.24887774675658170        2.1727302471491461E-002
          25           3 -0.16159034093743418        3.3212732272538958E-002
          30           3 -0.43166386818616065        1.8927799338361306E-002
          35           3 -0.45949390789612465      -0.12962893150968158     
          40           3 -0.28512800385849246       -1.7923908063217919E-002
          45           3 -0.23938237983578414        6.9651299259496091E-002
          50           3 -0.18681065534487118       -9.7121653053165724E-002
          55           3 -0.10043953081240176        3.7363257838554653E-002
          60           3 -0.21813063869169369       -1.1881168517392793E-002
          65           3 -0.19539673378310418        8.5781356328751279E-002
          70           3 -0.25542195782657373       -1.7770851740185611E-002
          75           3 -0.14913207675770757        3.8999318590568488E-002
          80           3 -0.18114568694271860        1.8858632564247579E-003
          85           3 -0.18033976842524169       -1.6832847116038385E-002
          90           3 -0.11841990921523937        2.1167332144994555E-002
          95           3 -0.12784662790310541        1.0171272054951275E-002
           0           4 -0.26940414217633751       -2.0260976767647043E-002
           5           4 -0.15090856202978897       -1.0606652070671574E-002
          10           4 -0.28982083216083643       -4.9788500589634244E-002
          15           4 -0.30562351627821949        4.4252820442097773E-002
          20           4 -0.14189991878660324        7.9921431531820852E-003
          25           4 -0.14836168848619824       -5.9490001515227764E-003
          30           4 -0.16325449311294093        4.5778785079247930E-002
          35           4 -0.20648577977344651       -2.5569967792293813E-002
          40           4 -0.45400637382453368       -9.6964210669209239E-002
          45           4 -0.11960422535872706       -2.0139123333498543E-002
          50           4 -0.16774407467501362       -3.1606762241481734E-002
          55           4 -0.11850025840587364        4.3892700836017928E-002
          60           4 -0.21011126782766176       -4.4132772266947118E-002
          65           4 -0.14049457707776547        4.9880370918201078E-002
          70           4 -0.12347977173754465       -8.4676561742935696E-003
          75           4  -8.1692863035387475E-002   4.6525127415514289E-002
          80           4  -8.3822994759730207E-002   2.6422716723900619E-002
          85           4 -0.10517333687287689        4.1904073927456764E-003
          90           4 -0.12994816371181273        2.4357108035152897E-002
          95           4 -0.26726724853820549        2.7573722162568814E-002
           0           5 -0.14462019549595040       -4.5391712371473103E-003
           5           5 -0.15580953012565846       -9.2960254558654976E-003
          10           5 -0.30849596183948891       -3.0256635525569009E-002
          15           5 -0.14874303979228731        2.0078833677036889E-002
          20           5 -0.14492654832026775        9.7522221758489236E-003
          25           5 -0.14994154931502468       -4.2941375723998254E-003
          30           5 -0.18315633049770241        5.6570094258204251E-002
          35           5 -0.19606710090103174       -3.0893243827892491E-002
          40           5 -0.18253543132507044      -0.10122411790838837     
          45           5 -0.15943664169681959       -1.2789637092447403E-002
          50           5 -0.16430282997803580       -3.4886152995711184E-002
          55           5 -0.34177551925362870        9.0482384707130104E-002
          60           5 -0.20764176050014349       -2.1414362191829461E-003
          65           5 -0.12599570169413710        4.1567975613832076E-002
          70           5 -0.11095615359280053       -1.4656255999181966E-002
          75           5  -7.9487551707391191E-002   5.0410536598655131E-002
          80           5  -8.7331811496893508E-002   3.4449877360440140E-002
          85           5 -0.11133345649394499        9.9046018826182136E-003
          90           5 -0.13345280839849316        2.4515005298750281E-002
          95           5 -0.14721955427843270        1.4515309531074050E-002
           0           6 -0.15104987364837619       -9.1232222845794020E-004
           5           6 -0.30339821235028652        8.8945469986501102E-003
          10           6 -0.15808372465370146       -6.3416034053187520E-003
          15           6 -0.15570333645492651        2.2720373006879235E-002
          20           6 -0.15805081459846493        1.5723326617367306E-002
          25           6 -0.16662067330974750        4.4847760147237459E-003
          30           6 -0.31148309166562083        9.1627272356675782E-002
          35           6 -0.19404358573948954       -1.8680070938553728E-002
          40           6 -0.19737688377097218       -8.7491648426835100E-002
          45           6 -0.16622621625106415       -2.4962623987739851E-002
          50           6 -0.19032308856914426       -3.0525019483196303E-002
          55           6 -0.19557562196736988        4.7493880801080524E-002
          60           6 -0.21150154780769093        3.5870223345779717E-003
          65           6 -0.18404902836888226       -1.8074551082630785E-002
          70           6 -0.10955211458885117       -1.3039981423684788E-002
          75           6  -9.2231737062187236E-002   5.1588316622719343E-003
          80           6  -7.4496567393778079E-002   3.8582126679759243E-002
          85           6 -0.13501060758036587        1.4742812241425041E-002
          90           6 -0.31262295076550650        3.8166701636296874E-002
          95           6 -0.14424687859393437        1.3455528211914203E-002
           0           7 -0.30770157045362223       -2.6702520948551633E-002
           5           7 -0.15184467410292446        1.7536869438422586E-002
          10           7 -0.16091011287022727       -4.6059769980011378E-003
          15           7 -0.15675303978945898        2.1682181852167304E-002
          20           7 -0.16225437265482423        1.7228824091969352E-002
          25           7 -0.32095696468836810        2.9723546503268583E-002
          30           7 -0.15529824407500836        3.9875912687947768E-002
          35           7 -0.40494022567560961       -1.8131948330973868E-002
          40           7 -0.20425126846246311       -6.5337686917937843E-002
          45           7 -0.28128343014632851       -1.4681900729618391E-002
          50           7 -0.20297710716321582       -1.9072046817947275E-002
          55           7 -0.26330649218864188        4.6515534368879452E-002
          60           7 -0.23984939250931703       -5.8428741907257109E-003
          65           7 -0.20763436615722775        6.8369596538386812E-003
          70           7 -0.15829117359200673        7.1776551158198032E-003
          75           7 -0.11524281160912864        3.8281447959087611E-002
          80           7 -0.17374467851216657        2.4512450951530429E-002
          85           7 -0.15722196102463393        1.9618647630198494E-002
          90           7   0.0000000000000000        0.0000000000000000     
          95           7 -0.14561869834506247        1.8978994876517330E-002
           0           8 -0.16320824306441903       -2.3292017006654175E-002
           5           8 -0.15246186645896664        1.7426383901592013E-002
          10           8 -0.16608663413270053       -2.0818455960525117E-003
          15           8 -0.16077817747678358        2.3681078950843482E-002
          20           8 -0.32199564715978957        2.9128500544789437E-002
          25           8 -0.15062001058996355        2.4861274441345671E-002
          30           8   0.0000000000000000        0.0000000000000000     
          35           8   0.0000000000000000        0.0000000000000000     
          40           8 -0.38836102941530726      -0.14671075150379798     
          45           8   0.0000000000000000        0.0000000000000000     
          50           8 -0.16838370715976936       -8.8595459822593536E-003
          55           8 -0.36841410012145026        5.4192485050980066E-002
          60           8 -0.26836876414138011        8.7067339753221784E-003
          65           8 -0.24518985645261004        1.1691453071088764E-002
          70           8 -0.23434472403272011        1.2669177447549584E-002
          75           8 -0.21566419886931421        5.1965012806826083E-002
          80           8   0.0000000000000000        0.0000000000000000     
          85           8   0.0000000000000000        0.0000000000000000     
          90           8   0.0000000000000000        0.0000000000000000     
          95           8 -0.30714681024446300        4.5074361792740714E-002
           0           9 -0.17246333647851375       -1.9664166767130453E-003
           5           9   0.0000000000000000        0.0000000000000000     
          10           9   0.0000000000000000        0.0000000000000000     
          15           9   0.0000000000000000        0.0000000000000000     
          20           9   0.0000000000000000        0.0000000000000000     
          25           9   0.0000000000000000        0.0000000000000000     
          30           9   0.0000000000000000        0.0000000000000000     
          35           9   0.0000000000000000        0.0000000000000000     
          40           9   0.0000000000000000        0.0000000000000000     
          45           9   0.0000000000000000        0.0000000000000000     
          50           9   0.0000000000000000        0.0000000000000000     
          55           9   0.0000000000000000        0.0000000000000000     
          60           9   0.0000000000000000        0.0000000000000000     
          65           9   0.0000000000000000        0.0000000000000000     
          70           9   0.0000000000000000        0.0000000000000000     
          75           9   0.0000000000000000        0.0000000000000000     
          80           9   0.0000000000000000        0.0000000000000000     
          85           9   0.0000000000000000        0.0000000000000000     
          90           9   0.0000000000000000        0.0000000000000000     
          95           9   0.0000000000000000        0.0000000000000000     
           0          10   0.0000000000000000        0.0000000000000000     
           5          10   0.0000000000000000        0.0000000000000000     
          10          10   0.0000000000000000        0.0000000000000000     
          15          10   0.0000000000000000        0.0000000000000000     
          20          10   0.0000000000000000        0.0000000000000000     
          25          10   0.0000000000000000        0.0000000000000000     
          30          10   0.0000000000000000        0.0000000000000000     
          35          10   0.0000000000000000        0.0000000000000000     
          40          10   0.0000000000000000        0.0000000000000000     
          45          10   0.0000000000000000        0.0000000000000000     
          50          10   0.0000000000000000        0.0000000000000000     
          55          10   0.0000000000000000        0.0000000000000000     
          60          10   0.0000000000000000        0.0000000000000000     
          65          10   0.0000000000000000        0.0000000000000000     
          70          10   0.0000000000000000        0.0000000000000000     
          75          10   0.0000000000000000        0.0000000000000000     
          80          10   0.0000000000000000        0.0000000000000000     
          85          10   0.0000000000000000        0.0000000000000000     
          90          10   0.0000000000000000        0.0000000000000000     
          95          10   0.0000000000000000        0.0000000000000000     
           0          11   0.0000000000000000        0.0000000000000000     
           5          11   0.0000000000000000        0.0000000000000000     
          10          11   0.0000000000000000        0.0000000000000000     
          15          11   0.0000000000000000        0.0000000000000000     
          20          11   0.0000000000000000        0.0000000000000000     
          25          11   0.0000000000000000        0.0000000000000000     
          30          11   0.0000000000000000        0.0000000000000000     
          35          11   0.0000000000000000        0.0000000000000000     
          40          11   0.0000000000000000        0.0000000000000000     
          45          11   0.0000000000000000        0.0000000000000000     
          50          11   0.0000000000000000        0.0000000000000000     
          55          11   0.0000000000000000        0.0000000000000000     
          60          11   0.0000000000000000        0.0000000000000000     
          65          11   0.0000000000000000        0.0000000000000000     
          70          11   0.0000000000000000        0.0000000000000000     
          75          11   0.0000000000000000        0.0000000000000000     
          80          11   0.0000000000000000        0.0000000000000000     
          85          11   0.0000000000000000        0.0000000000000000     
          90          11   0.0000000000000000        0.0000000000000000     
          95          11   0.0000000000000000        0.0000000000000000     
           0          12   0.0000000000000000        0.0000000000000000     
           5          12   0.0000000000000000        0.0000000000000000     
          10          12   0.0000000000000000        0.0000000000000000     
          15          12   0.0000000000000000        0.0000000000000000     
          20          12   0.0000000000000000        0.0000000000000000     
          25          12   0.0000000000000000        0.0000000000000000     
          30          12   0.0000000000000000        0.0000000000000000     
          35          12   0.0000000000000000        0.0000000000000000     
          40          12   0.0000000000000000        0.0000000000000000     
          45          12   0.0000000000000000        0.0000000000000000     
          50          12   0.0000000000000000        0.0000000000000000     
          55          12   0.0000000000000000        0.0000000000000000     
          60          12   0.0000000000000000        0.0000000000000000     
          65          12   0.0000000000000000        0.0000000000000000     
          70          12   0.0000000000000000        0.0000000000000000     
          75          12   0.0000000000000000        0.0000000000000000     
          80          12   0.0000000000000000        0.0000000000000000     
          85          12   0.0000000000000000        0.0000000000000000     
          90          12   0.0000000000000000        0.0000000000000000     
          95          12   0.0000000000000000        0.0000000000000000     
           0          13   0.0000000000000000        0.0000000000000000     
           5          13   0.0000000000000000        0.0000000000000000     
          10          13   0.0000000000000000        0.0000000000000000     
          15          13   0.0000000000000000        0.0000000000000000     
          20          13   0.0000000000000000        0.0000000000000000     
          25          13   0.0000000000000000        0.0000000000000000     
          30          13   0.0000000000000000        0.0000000000000000     
          35          13   0.0000000000000000        0.0000000000000000     
          40          13   0.0000000000000000        0.0000000000000000     
          45          13   0.0000000000000000        0.0000000000000000     
          50          13   0.0000000000000000        0.0000000000000000     
          55          13   0.0000000000000000        0.0000000000000000     
          60          13   0.0000000000000000        0.0000000000000000     
          65          13   0.0000000000000000        0.0000000000000000     
          70          13   0.0000000000000000        0.0000000000000000     
          75          13   0.0000000000000000        0.0000000000000000     
          80          13   0.0000000000000000        0.0000000000000000     
          85          13   0.0000000000000000        0.0000000000000000     
          90          13   0.0000000000000000        0.0000000000000000     
          95          13   0.0000000000000000        0.0000000000000000     
           0          14   0.0000000000000000        0.0000000000000000     
           5          14   0.0000000000000000        0.0000000000000000     
          10          14   0.0000000000000000        0.0000000000000000     
          15          14   0.0000000000000000        0.0000000000000000     
          20          14   0.0000000000000000        0.0000000000000000     
          25          14   0.0000000000000000        0.0000000000000000     
          30          14   0.0000000000000000        0.0000000000000000     
          35          14   0.0000000000000000        0.0000000000000000     
          40          14   0.0000000000000000        0.0000000000000000     
          45          14   0.0000000000000000        0.0000000000000000     
          50          14   0.0000000000000000        0.0000000000000000     
          55          14   0.0000000000000000        0.0000000000000000     
          60          14   0.0000000000000000        0.0000000000000000     
          65          14   0.0000000000000000        0.0000000000000000     
          70          14   0.0000000000000000        0.0000000000000000     
          75          14   0.0000000000000000        0.0000000000000000     
          80          14   0.0000000000000000        0.0000000000000000     
          85          14   0.0000000000000000        0.0000000000000000     
          90          14   0.0000000000000000        0.0000000000000000     
          95          14   0.0000000000000000        0.0000000000000000     
           0          15   0.0000000000000000        0.0000000000000000     
           5          15   0.0000000000000000        0.0000000000000000     
          10          15   0.0000000000000000        0.0000000000000000     
          15          15   0.0000000000000000        0.0000000000000000     
          20          15   0.0000000000000000        0.0000000000000000     
          25          15   0.0000000000000000        0.0000000000000000     
          30          15   0.0000000000000000        0.0000000000000000     
          35          15   0.0000000000000000        0.0000000000000000     
          40          15   0.0000000000000000        0.0000000000000000     
          45          15   0.0000000000000000        0.0000000000000000     
          50          15   0.0000000000000000        0.0000000000000000     
          55          15   0.0000000000000000        0.0000000000000000     
          60          15   0.0000000000000000        0.0000000000000000     
          65          15   0.0000000000000000        0.0000000000000000     
          70          15   0.0000000000000000        0.0000000000000000     
          75          15   0.0000000000000000        0.0000000000000000     
          80          15   0.0000000000000000        0.0000000000000000     
          85          15   0.0000000000000000        0.0000000000000000     
          90          15   0.0000000000000000        0.0000000000000000     
          95          15   0.0000000000000000        0.0000000000000000     
           0          16   0.0000000000000000        0.0000000000000000     
           5          16   0.0000000000000000        0.0000000000000000     
          10          16   0.0000000000000000        0.0000000000000000     
          15          16   0.0000000000000000        0.0000000000000000     
          20          16   0.0000000000000000        0.0000000000000000     
          25          16   0.0000000000000000        0.0000000000000000     
          30          16   0.0000000000000000        0.0000000000000000     
          35          16   0.0000000000000000        0.0000000000000000     
          40          16   0.0000000000000000        0.0000000000000000     
          45          16   0.0000000000000000        0.0000000000000000     
          50          16   0.0000000000000000        0.0000000000000000     
          55          16   0.0000000000000000        0.0000000000000000     
          60          16   0.0000000000000000        0.0000000000000000     
          65          16   0.0000000000000000        0.0000000000000000     
          70          16   0.0000000000000000        0.0000000000000000     
          75          16   0.0000000000000000        0.0000000000000000     
          80          16   0.0000000000000000        0.0000000000000000     
          85          16   0.0000000000000000        0.0000000000000000     
          90          16   0.0000000000000000        0.0000000000000000     
          95          16   0.0000000000000000        0.0000000000000000     
