           0           0   0.0000000000000000        0.0000000000000000     
           5           0   0.0000000000000000        0.0000000000000000     
          10           0   0.0000000000000000        0.0000000000000000     
          15           0   0.0000000000000000        0.0000000000000000     
          20           0   0.0000000000000000        0.0000000000000000     
          25           0   0.0000000000000000        0.0000000000000000     
          30           0   0.0000000000000000        0.0000000000000000     
          35           0   0.0000000000000000        0.0000000000000000     
          40           0   0.0000000000000000        0.0000000000000000     
          45           0   0.0000000000000000        0.0000000000000000     
          50           0   0.0000000000000000        0.0000000000000000     
          55           0   0.0000000000000000        0.0000000000000000     
          60           0   0.0000000000000000        0.0000000000000000     
          65           0   0.0000000000000000        0.0000000000000000     
          70           0   0.0000000000000000        0.0000000000000000     
          75           0   0.0000000000000000        0.0000000000000000     
          80           0   0.0000000000000000        0.0000000000000000     
          85           0   0.0000000000000000        0.0000000000000000     
          90           0   0.0000000000000000        0.0000000000000000     
          95           0   0.0000000000000000        0.0000000000000000     
           0           1  -1.9057611595774127      -0.75015608396844513     
           5           1 -0.13863257325663625        1.8447704346336025E-002
          10           1  -1.2493408582692211       0.25968924665220605     
          15           1  -1.4099739137574119       0.80209892816984762     
          20           1  -1.6440696399833143       -1.6024045094775730     
          25           1 -0.26189118489838847       0.32936599994481952     
          30           1 -0.78396739427333273        2.8863841595727635E-002
          35           1 -0.95050100174631780       0.63535794235347609     
          40           1  -2.2914496499026882       -1.2972855748472067     
          45           1  -1.1358596653465725       0.78701179641926799     
          50           1  -1.4677095215631653       0.16698738584453032     
          55           1  -1.5115653055630673       0.17286069904698387     
          60           1 -0.92523342029693367       -4.1588057567709669E-002
          65           1 -0.10545238296799653        1.3381317136340609     
          70           1  -1.1857738380172123       0.66815729114710898     
          75           1 -0.69200942967029277       0.21930174054940466     
          80           1 -0.37589474899846209        6.2156431022142300E-002
          85           1 -0.38771082088828734        1.6613715166169385     
          90           1 -0.94859616851294959      -0.45829834348865006     
          95           1  -1.6245544712489846       -7.4449144129573597E-002
           0           2  -2.2868236189763080      -0.42485051300999999     
           5           2  -1.9269119893916553      -0.56022247090004029     
          10           2  -1.4696052745666321       0.42482020180978353     
          15           2  -1.5811598142878580       0.27813421391797988     
          20           2  -1.3843217620568282       -1.7558000413853136     
          25           2  -1.1063724103976824       0.39683196792372755     
          30           2 -0.94087160146472115       0.29180279716767288     
          35           2  -2.5443051568885267       0.95394459399988918     
          40           2  -1.4429079175570791       -2.1571558741029229     
          45           2  -1.8234113334969493       0.74557020921961481     
          50           2  -1.1150761662293007        6.7378978418908275E-003
          55           2  -1.2243357450358872        5.0826203992215824E-002
          60           2 -0.86779711068629695       -2.3929812182910126E-002
          65           2 -0.45251934999157584        1.1165528622592014     
          70           2  -2.4905385693330118      -0.80080314386554718     
          75           2  -1.3999756065175006       0.45488023924677989     
          80           2 -0.82146122323933923       0.75855641133992791     
          85           2  -4.5071533767782057      -0.75130331071093792     
          90           2   0.0000000000000000        0.0000000000000000     
          95           2  -1.8273181989769682       0.36488409921542342     
           0           3  -1.6634172148921600       0.19970073708908131     
           5           3  -2.7301452878036869       0.33346105735354570     
          10           3  -1.3024104362280298       0.96038874198622892     
          15           3  -3.3911908798067714        1.0315416983908143     
          20           3  -3.3624974288848364       0.69045747903784260     
          25           3  -4.2889587256134121       -1.9172636336817206     
          30           3  -2.0830016400985585        1.4706199827219102     
          35           3  -1.8890651149305882       0.75983292940007274     
          40           3  -1.9494147754883784        1.1034594299252909     
          45           3 -0.86095673630381953       0.30481540208571190     
          50           3 -0.10814861795438446        7.9551540055344816E-002
          55           3 -0.62673630175424933       0.57351247092940483     
          60           3  -1.1924766781845619       0.59157833286471728     
          65           3 -0.95148216935569963        1.3241214651404931     
          70           3  -2.0916260731951297       -1.2828012149834755     
          75           3  -3.6414059664480192       -2.0037868724309682     
          80           3  -3.6108420360392302       0.11278098090761191     
          85           3  -1.3318591183519857       -1.5365266712730197     
          90           3  -9.1185604129151443      -0.28805741957071973     
          95           3  -2.6368445257674011       0.92005531190819667     
           0           4  -2.3521627589734306       -1.2514156878129512     
           5           4  -5.1885639804316597        1.2967124824436738     
          10           4  -12.648818988765242       -2.1008827126989260     
          15           4  -4.1577276722826184       0.35570737988432910     
          20           4  -3.3292533657380829       0.79062498332671538     
          25           4  -9.5474025687991571        4.0096402509348650E-002
          30           4  -2.9540020218554730        1.6884907699088458     
          35           4  -2.5808801448690133       0.57275639819831525     
          40           4  -3.0487712005822232       -3.0584363042152063E-002
          45           4  -3.7969295050288565       0.39811935854228153     
          50           4  -4.4396996483087037       -1.0342160379739340     
          55           4  -4.1194432640168088      -0.41134890419236569     
          60           4  -4.8881053148619458      -0.10427513551736212     
          65           4  -5.0428416660963649        1.3566294643263532     
          70           4  -6.5616134050117125       0.51876728005328943     
          75           4  -6.6349283292765904       -1.4931627533654179     
          80           4  -5.7229736707142820       0.30480164040280755     
          85           4  -4.2846159747256252       -1.3857140016604319     
          90           4   0.0000000000000000        0.0000000000000000     
          95           4  -3.2958284613471278      -0.63780938206026150     
           0           5  -9.4320797279449220       -2.0437651680982327     
           5           5  -6.5629678731138341        2.1701022006048731     
          10           5   0.0000000000000000        0.0000000000000000     
          15           5  -5.9963591316503084      -0.22306844914776747     
          20           5  -5.1945868635350223        1.6105402844646122     
          25           5  -7.0918649255879984        2.1432018817435505E-002
          30           5  -6.8092869371305653        1.8947852022366263     
          35           5  -4.5173116647134748        1.5209581852682064     
          40           5  -3.7344225746238635        2.2617197143359746     
          45           5  -3.8436396348728863       0.48332471917600373     
          50           5  -7.3362646882912941       -1.8250204675362980     
          55           5  -6.9014268260758627      -0.35253017086400718     
          60           5  -7.7228610075508186      -0.31585903918163183     
          65           5  -6.5513265226258000      -0.70874148740074361     
          70           5  -6.0341984363532220       -1.1459737518215718     
          75           5  -9.7185447235403899       -2.0050695965379006     
          80           5  -7.9390115676147843       0.32704718138543143     
          85           5  -7.4422157672415779       -2.5294925331342810     
          90           5  -6.1006177587330512       -1.1371342168109422     
          95           5  -5.1872132134178628       -1.0673566665309053     
           0           6  -7.1211601998677487      -0.69872454159902730     
           5           6  -7.0722364585007469        1.8397491121380227     
          10           6  -7.4932530889437743        1.5350693998783527     
          15           6  -9.3252468021898238      -0.90502458286234599     
          20           6  -9.9921337176134273       -1.7557962700065488     
          25           6  -8.2805284080400554      -0.35550314644527958     
          30           6  -9.8308684380832290       -2.2368222693414097     
          35           6  -7.2894744847218362        1.4729097716381645     
          40           6  -4.9327344890315317       0.95509891223866106     
          45           6  -6.9738788138096197       -1.6069935690365966     
          50           6  -7.5769288956806236      -0.92805000943219085     
          55           6  -8.2663064355870119      -0.87474412186150374     
          60           6  -6.9079923425618972      -0.62414091148266237     
          65           6  -6.8676328392314190       0.22222444745700898     
          70           6  -9.5795058332726057       -1.5188819779732299     
          75           6  -8.8590696110202316      -0.69953340801287567     
          80           6  -9.3720265071794984       0.29153795775282987     
          85           6  -16.375154138756898       -2.4564736081700289     
          90           6  -14.121024703257490       -1.4112559206580499     
          95           6  -7.8236198177705774        7.4654636255111484E-002
           0           7  -8.3334951501404237        3.1162961211528284E-002
           5           7  -8.5923026558454296        2.5727463676750162     
          10           7  -10.558142027239370      -0.22757523263639001     
          15           7  -18.855424204096138       -1.3029081508975082     
          20           7  -9.9794881822568016      -0.63066195891803289     
          25           7  -10.079990190963173       -1.1373730538055682     
          30           7  -9.4439490300146645        2.4772025698416300     
          35           7  -8.8599054760152285        2.9365643386602969     
          40           7  -15.846691379231004       0.82932581341399469     
          45           7  -15.075755353493037        1.4137668007130344     
          50           7  -9.1201913262040080       -2.2096550844130647     
          55           7  -9.3140962299642638       -3.1247491653774162     
          60           7  -10.623764424195770       -1.0525627797175474     
          65           7  -8.0762882100771094       0.60983942745895803     
          70           7  -9.0214902613183767        1.3484162016164092     
          75           7  -8.5596197628490245       -2.6486031254036035     
          80           7   0.0000000000000000        0.0000000000000000     
          85           7  -8.1526844995494230      -0.98732269949497464     
          90           7  -11.373790589317423       -1.9736393172697930     
          95           7  -8.5679269540150926       -1.1002589119657458     
           0           8  -9.6891870798618971       0.53143834239932630     
           5           8  -11.290001105281888      -0.17614585548386685     
          10           8  -10.966691986258326      -0.67530325569720162     
          15           8  -11.318965876068177       -2.6457664581691631     
          20           8  -10.117886885954164      -0.42278092598380113     
          25           8  -12.460652622099389      -0.94211521982856539     
          30           8   0.0000000000000000        0.0000000000000000     
          35           8  -8.4035147631311702        3.6647416467427973     
          40           8  -8.6536413876103779        1.1874202683248569     
          45           8  -11.075931018069696      -0.33258847099482125     
          50           8  -10.129784460559677       -1.1173561006749821     
          55           8  -8.9843227589270214        1.2858113104208257     
          60           8  -11.937212440784606      -0.38435648429313574     
          65           8  -9.4077452779117721       0.49084918378738962     
          70           8  -12.259835477692604      -0.88902821294922774     
          75           8  -10.204148574786132      -0.93061533762650583     
          80           8  -9.0580729984424124       -1.6446769849132181     
          85           8  -10.946657012596006        1.2587141610787000     
          90           8  -9.4353506773359186       -1.0533907853549351     
          95           8  -10.267548161522200      -0.89963851500840519     
           0           9   0.0000000000000000        0.0000000000000000     
           5           9  -11.169682213223453       0.81620186875852596     
          10           9  -13.496824085521553       -1.7900392291458900     
          15           9  -11.713571611409179       -1.7767799507062421     
          20           9   0.0000000000000000        0.0000000000000000     
          25           9   0.0000000000000000        0.0000000000000000     
          30           9  -9.3437536744112037      -0.99262748046058391     
          35           9  -6.7116252057530801        1.3317384471633886     
          40           9   0.0000000000000000        0.0000000000000000     
          45           9  -11.545671441837158       -1.1167863492644869     
          50           9  -11.059549690237702       -1.7843154848584675     
          55           9  -14.007387777041913      -0.86191352464126680     
          60           9  -11.836982717881028       -1.4666798273754722     
          65           9  -12.699764151165027      -0.93213440472084130     
          70           9  -11.134707928874832       -1.2153470496478747     
          75           9   0.0000000000000000        0.0000000000000000     
          80           9  -11.713435086022628       0.93739148388394256     
          85           9  -12.873451842523309        2.6989478956629398     
          90           9  -13.056093236798461      -0.31680438091541419     
          95           9   0.0000000000000000        0.0000000000000000     
           0          10  -12.034310462724074      -0.32840226696251307     
           5          10  -13.782997698719157      -0.59491935887834302     
          10          10  -13.317929440415099      -0.75321039904707732     
          15          10  -14.792645055674569       -3.0489158201518762     
          20          10  -12.845869047151126      -0.86386199246391016     
          25          10  -12.894173249211605      -0.95028594969903679     
          30          10  -12.933027866512958      -0.85102561808270138     
          35          10  -12.855274440255471        2.0250620737272129     
          40          10  -12.791357131618497       -1.4235244868388008     
          45          10  -14.110752710578822       -1.2753113790076043     
          50          10  -12.857057241077996       -2.3465185647353337     
          55          10   0.0000000000000000        0.0000000000000000     
          60          10   0.0000000000000000        0.0000000000000000     
          65          10  -13.850310942586930       -1.7377029160314805     
          70          10  -24.048411804926673      -0.11465528070075948     
          75          10  -15.173786403153144       -1.2963819471600857     
          80          10  -13.599524000653673      -0.42641129827103441     
          85          10   0.0000000000000000        0.0000000000000000     
          90          10  -15.350409867380677       -1.6916594519855721     
          95          10   0.0000000000000000        0.0000000000000000     
           0          11  -13.604997651788173       0.57823207818330502     
           5          11   0.0000000000000000        0.0000000000000000     
          10          11   0.0000000000000000        0.0000000000000000     
          15          11   0.0000000000000000        0.0000000000000000     
          20          11  -14.356194805333899       0.45142750337845428     
          25          11   0.0000000000000000        0.0000000000000000     
          30          11  -13.900067663126237       -3.2853964414591985     
          35          11   0.0000000000000000        0.0000000000000000     
          40          11  -15.715649925169828      -0.42821748126087300     
          45          11  -17.891267691680923       -2.0608692462431577     
          50          11   0.0000000000000000        0.0000000000000000     
          55          11  -14.067889968742975       -1.5143515405036112     
          60          11  -14.138431905905691       -1.4354557423956749     
          65          11  -14.427718091098996      -0.89931508469476285     
          70          11   0.0000000000000000        0.0000000000000000     
          75          11   0.0000000000000000        0.0000000000000000     
          80          11  -13.301081955461314        2.4553485664924324     
          85          11  -30.362832856098976       -6.0301159786924075     
          90          11   0.0000000000000000        0.0000000000000000     
          95          11  -15.807611942335598       -1.9415174581993710     
           0          12   0.0000000000000000        0.0000000000000000     
           5          12   0.0000000000000000        0.0000000000000000     
          10          12   0.0000000000000000        0.0000000000000000     
          15          12   0.0000000000000000        0.0000000000000000     
          20          12   0.0000000000000000        0.0000000000000000     
          25          12   0.0000000000000000        0.0000000000000000     
          30          12   0.0000000000000000        0.0000000000000000     
          35          12  -15.582907194371387       -3.3214655810276383     
          40          12   0.0000000000000000        0.0000000000000000     
          45          12   0.0000000000000000        0.0000000000000000     
          50          12  -15.515681445705809       -2.1210767106794037     
          55          12   0.0000000000000000        0.0000000000000000     
          60          12   0.0000000000000000        0.0000000000000000     
          65          12   0.0000000000000000        0.0000000000000000     
          70          12   0.0000000000000000        0.0000000000000000     
          75          12   0.0000000000000000        0.0000000000000000     
          80          12   0.0000000000000000        0.0000000000000000     
          85          12   0.0000000000000000        0.0000000000000000     
          90          12   0.0000000000000000        0.0000000000000000     
          95          12   0.0000000000000000        0.0000000000000000     
           0          13   0.0000000000000000        0.0000000000000000     
           5          13   0.0000000000000000        0.0000000000000000     
          10          13   0.0000000000000000        0.0000000000000000     
          15          13   0.0000000000000000        0.0000000000000000     
          20          13   0.0000000000000000        0.0000000000000000     
          25          13   0.0000000000000000        0.0000000000000000     
          30          13   0.0000000000000000        0.0000000000000000     
          35          13   0.0000000000000000        0.0000000000000000     
          40          13   0.0000000000000000        0.0000000000000000     
          45          13   0.0000000000000000        0.0000000000000000     
          50          13   0.0000000000000000        0.0000000000000000     
          55          13   0.0000000000000000        0.0000000000000000     
          60          13   0.0000000000000000        0.0000000000000000     
          65          13   0.0000000000000000        0.0000000000000000     
          70          13   0.0000000000000000        0.0000000000000000     
          75          13   0.0000000000000000        0.0000000000000000     
          80          13   0.0000000000000000        0.0000000000000000     
          85          13   0.0000000000000000        0.0000000000000000     
          90          13   0.0000000000000000        0.0000000000000000     
          95          13   0.0000000000000000        0.0000000000000000     
           0          14   0.0000000000000000        0.0000000000000000     
           5          14   0.0000000000000000        0.0000000000000000     
          10          14   0.0000000000000000        0.0000000000000000     
          15          14   0.0000000000000000        0.0000000000000000     
          20          14   0.0000000000000000        0.0000000000000000     
          25          14   0.0000000000000000        0.0000000000000000     
          30          14   0.0000000000000000        0.0000000000000000     
          35          14   0.0000000000000000        0.0000000000000000     
          40          14   0.0000000000000000        0.0000000000000000     
          45          14   0.0000000000000000        0.0000000000000000     
          50          14   0.0000000000000000        0.0000000000000000     
          55          14   0.0000000000000000        0.0000000000000000     
          60          14   0.0000000000000000        0.0000000000000000     
          65          14   0.0000000000000000        0.0000000000000000     
          70          14   0.0000000000000000        0.0000000000000000     
          75          14   0.0000000000000000        0.0000000000000000     
          80          14   0.0000000000000000        0.0000000000000000     
          85          14   0.0000000000000000        0.0000000000000000     
          90          14   0.0000000000000000        0.0000000000000000     
          95          14   0.0000000000000000        0.0000000000000000     
           0          15   0.0000000000000000        0.0000000000000000     
           5          15   0.0000000000000000        0.0000000000000000     
          10          15   0.0000000000000000        0.0000000000000000     
          15          15   0.0000000000000000        0.0000000000000000     
          20          15   0.0000000000000000        0.0000000000000000     
          25          15   0.0000000000000000        0.0000000000000000     
          30          15   0.0000000000000000        0.0000000000000000     
          35          15   0.0000000000000000        0.0000000000000000     
          40          15   0.0000000000000000        0.0000000000000000     
          45          15   0.0000000000000000        0.0000000000000000     
          50          15   0.0000000000000000        0.0000000000000000     
          55          15   0.0000000000000000        0.0000000000000000     
          60          15   0.0000000000000000        0.0000000000000000     
          65          15   0.0000000000000000        0.0000000000000000     
          70          15   0.0000000000000000        0.0000000000000000     
          75          15   0.0000000000000000        0.0000000000000000     
          80          15   0.0000000000000000        0.0000000000000000     
          85          15   0.0000000000000000        0.0000000000000000     
          90          15   0.0000000000000000        0.0000000000000000     
          95          15   0.0000000000000000        0.0000000000000000     
           0          16   0.0000000000000000        0.0000000000000000     
           5          16   0.0000000000000000        0.0000000000000000     
          10          16   0.0000000000000000        0.0000000000000000     
          15          16   0.0000000000000000        0.0000000000000000     
          20          16   0.0000000000000000        0.0000000000000000     
          25          16   0.0000000000000000        0.0000000000000000     
          30          16   0.0000000000000000        0.0000000000000000     
          35          16   0.0000000000000000        0.0000000000000000     
          40          16   0.0000000000000000        0.0000000000000000     
          45          16   0.0000000000000000        0.0000000000000000     
          50          16   0.0000000000000000        0.0000000000000000     
          55          16   0.0000000000000000        0.0000000000000000     
          60          16   0.0000000000000000        0.0000000000000000     
          65          16   0.0000000000000000        0.0000000000000000     
          70          16   0.0000000000000000        0.0000000000000000     
          75          16   0.0000000000000000        0.0000000000000000     
          80          16   0.0000000000000000        0.0000000000000000     
          85          16   0.0000000000000000        0.0000000000000000     
          90          16   0.0000000000000000        0.0000000000000000     
          95          16   0.0000000000000000        0.0000000000000000     
