           0           0   0.0000000000000000        0.0000000000000000     
           5           0   0.0000000000000000        0.0000000000000000     
          10           0   0.0000000000000000        0.0000000000000000     
          15           0   0.0000000000000000        0.0000000000000000     
          20           0   0.0000000000000000        0.0000000000000000     
          25           0   0.0000000000000000        0.0000000000000000     
          30           0   0.0000000000000000        0.0000000000000000     
          35           0   0.0000000000000000        0.0000000000000000     
          40           0   0.0000000000000000        0.0000000000000000     
          45           0   0.0000000000000000        0.0000000000000000     
          50           0   0.0000000000000000        0.0000000000000000     
          55           0   0.0000000000000000        0.0000000000000000     
          60           0   0.0000000000000000        0.0000000000000000     
          65           0   0.0000000000000000        0.0000000000000000     
          70           0   0.0000000000000000        0.0000000000000000     
          75           0   0.0000000000000000        0.0000000000000000     
          80           0   0.0000000000000000        0.0000000000000000     
          85           0   0.0000000000000000        0.0000000000000000     
          90           0   0.0000000000000000        0.0000000000000000     
          95           0   0.0000000000000000        0.0000000000000000     
           0           1 -0.36027719456890872        6.5618366685837870E-002
           5           1  -1.0227428380682468      -0.47896263076774304     
          10           1  -1.0015090984794028      -0.56566780637701264     
          15           1  -1.5388561762819108        1.9742774995945567E-002
          20           1 -0.28496289916191131       0.65653942538879129     
          25           1 -0.21007070655443272       0.41297243869586886     
          30           1  -3.0776624271311448E-003 -0.57219912964812103     
          35           1  0.32965161594233905        1.7539707355795908     
          40           1 -0.78544011330450303      -0.35050739483066806     
          45           1  -1.1916141717094320       0.46307589446903386     
          50           1  -1.7035728503245195       -1.1298733691045282     
          55           1  -1.2658434297208032        4.9762576032064132E-002
          60           1   0.0000000000000000        0.0000000000000000     
          65           1 -0.69273284026394322        3.7837123153527941E-002
          70           1 -0.34397651127449080       0.19762129659151029     
          75           1 -0.81853916526597459       0.30090180809239087     
          80           1 -0.49281946154167144       0.74422451923905619     
          85           1  -8.0265068902463099E-002   9.8049130393684791E-002
          90           1 -0.44839202566038239      -0.31209380895180772     
          95           1 -0.66008022038488434       0.12868120376818837     
           0           2  -1.4135865072545384      -0.16455052304964468     
           5           2  -1.7857918947017382        7.7634730026865384E-002
          10           2  -2.3251313459482503      -0.18850857292918022     
          15           2  -2.5381523298761977       0.21183110390232684     
          20           2  -2.2001093019063944      -0.39449209179753808     
          25           2  -2.1565795074529603      -0.25455161613008315     
          30           2  -2.2051097627695526       -7.1879992309398233E-002
          35           2  -2.5362040906173888        1.3802242272631382     
          40           2  -1.9293596720615369      -0.36628156725670991     
          45           2  -1.8147263733325758        1.3824299879749979     
          50           2  -3.0255520636046640      -0.43343709688503651     
          55           2  -2.2754613147668579       0.42982942364044874     
          60           2  -1.3790142065417399      -0.10403468362563117     
          65           2 -0.84730019452194938       0.27557104307129876     
          70           2 -0.13712309041125081       0.19244623746361711     
          75           2  -1.0283245625686277       0.26517400800507573     
          80           2  -1.1154344005603889       0.67111000981112667     
          85           2  -1.8010109675969943       -1.2595241460910955E-002
          90           2  -1.0663371273267330      -0.17101591480939149     
          95           2 -0.88495122923859526       0.24346497971894365     
           0           3  -2.3742430465450992      -0.15791375948426278     
           5           3  -1.9567872873160752       -7.5944702919716889E-002
          10           3  -2.7144233864540013      -0.21496698792811131     
          15           3  -2.5910961604758143       0.23478817316124889     
          20           3  -2.4203222356433685        4.2552798134032344E-002
          25           3  -2.7535519951804588       0.84245687792527946     
          30           3  -2.9738027317804949       0.39317630867952147     
          35           3  -3.4168509809262559       0.31942770606141480     
          40           3  -2.6795809998958475       0.32480669222456626     
          45           3  -2.1340451298712537        1.6811891497958698     
          50           3  -2.9307948712187226       0.57182500023289506     
          55           3  -2.7426638565231087       0.70756840269359245     
          60           3  -1.4578270761944623       0.36871557847595327     
          65           3  -2.6194862196859958       -1.5017001373895944     
          70           3  -2.0323830383972563        1.0158985514485686     
          75           3  -2.2883147619978672       0.82236220812825778     
          80           3  -1.9934504806684572        1.7865623921986540     
          85           3  -3.9829767722210363      -0.45009423529807080     
          90           3  -3.0652946940534775      -0.68022569723824589     
          95           3  -2.4926934381852561      -0.60508706192452522     
           0           4  -4.1957036509264469      -0.63912266290433450     
           5           4  -3.9705787861388231      -0.93008459888910266     
          10           4  -3.5497192208922002        2.0470109526815605     
          15           4  -2.9435147478551471       -6.9969488407650715E-002
          20           4  -3.5381958802283009       0.27260441814558334     
          25           4  -2.7380186369185822        1.3922127433119158     
          30           4  -2.5460511265329444        1.8712394337105920     
          35           4  -3.0034859986827200       0.27064663988163318     
          40           4  -2.7677257440572589       0.44480916755240685     
          45           4  -2.8650098634841470      -0.14788045691549456     
          50           4  -3.7339412288162066       0.68166840673011819     
          55           4  -3.6978179058877458       0.80069101072499649     
          60           4  -3.5804616424073288       0.29558107413674151     
          65           4  -3.4978071313673809      -0.79794029193447358     
          70           4  -3.0892213701605442      -0.14813105361000112     
          75           4  -3.8968986913801018        1.2574560812117497     
          80           4  -4.6660245242691190      -0.13023993576055659     
          85           4  -3.5288239461550575      -0.22170267285126499     
          90           4  -3.5291906537082696      -0.50942308372992073     
          95           4  -3.3745494432935175      -0.64993774405941451     
           0           5  -4.2054073535655041      -0.52046784158488180     
           5           5  -4.2401898050936637      -0.22735850993438333     
          10           5  -3.9992035953950733        1.8462388836093524     
          15           5  -3.9952266961051919        5.6197005808833467E-002
          20           5  -3.1983316499228920       0.26160978603417817     
          25           5  -3.6324178527635809       0.38022089363654032     
          30           5  -3.7862814181366389       0.43961000949721551     
          35           5  -3.4818263885227907       0.46359822956976160     
          40           5  -3.7802320578705917       0.72108950142979467     
          45           5  -3.9486029575996895       0.44508072512883246     
          50           5  -3.7278478272284588       0.91914036899787277     
          55           5  -3.6669419477064480       0.21334470850398191     
          60           5  -3.4476956633966438       -8.0487116487226729E-002
          65           5  -3.6123780476771117      -0.51698801863508947     
          70           5  -3.5693010035231509      -0.24992299441972676     
          75           5  -4.3686411200383191       0.19171680664786805     
          80           5  -4.0391707001674604      -0.46007871653319654     
          85           5  -4.0406511799773170      -0.25559118053131158     
          90           5  -4.3016427112263500      -0.42212087032478252     
          95           5  -4.2975490411123474      -0.35172017639251152     
           0           6  -4.4314026042319155      -0.52318241245075114     
           5           6  -8.6933320976401163      -0.59719887421039175     
          10           6  -4.5134370730792739       -1.9466573206727844E-002
          15           6  -4.2075589571233252      -0.84346979292604374     
          20           6  -7.2264636838248464       0.69534013907635028     
          25           6  -3.6531569031161837       0.23172109783420325     
          30           6  -8.2370070554915742       0.58639079718147968     
          35           6  -7.8774155758054576        1.1383341667681179     
          40           6  -7.3833214969809546        1.8636137178873469     
          45           6  -3.4637155645356188       0.55963630354316507     
          50           6  -7.2284291568180947        1.2619228465382548     
          55           6  -3.7577457478121801       0.47745567661738875     
          60           6  -3.4471729373564131       -9.0864666151269091E-002
          65           6  -3.6784275130941069      -0.41989365782590937     
          70           6  -3.6477659919142980       0.10169272612436941     
          75           6  -3.9720484841154757        1.9474204888680902E-002
          80           6  -4.0990758840564467      -0.79846235251146425     
          85           6  -3.9993914673175368      -0.55917401097449471     
          90           6  -4.6136433216759087      -0.81003763154452457     
          95           6  -4.2150281356612140      -0.62922201507831232     
           0           7  -4.1322001447749441      -0.42154079212597395     
           5           7  -4.2009329529069106       -1.1836249381458330     
          10           7  -8.4357269426682535       0.18554198429665547     
          15           7  -4.0436433346968670      -0.47681262655974166     
          20           7  -4.2481722018195001       0.67747933971684660     
          25           7  -7.2588715374166668        2.0015265784412151     
          30           7  -4.4896454387277629       0.17989979384847032     
          35           7  -4.0766312612916522       0.53758703128181651     
          40           7  -3.8429325350364252       0.46424111018517067     
          45           7  -7.2819911783028601        1.2679027418194266     
          50           7  -3.9127043518405458       0.49230550491330405     
          55           7  -3.6277886400171155       0.16339712431090447     
          60           7  -6.9655143605729108       0.33848343285569626     
          65           7  -6.9264335640895069      -0.43594188150475333     
          70           7  -3.5233143372437326      -0.36004390139510178     
          75           7  -3.6399298739553387       0.28959128930861056     
          80           7  -3.2340790606610881      -0.11619907543281016     
          85           7  -7.7488207757170358       0.44764811515385361     
          90           7  -4.0858573784419150       -6.3268492125345688E-002
          95           7  -8.3034335983711571       -1.0087187106933015     
           0           8  -8.2393126289023719       -1.0025068521812841     
           5           8  -4.1887292952935695      -0.97046496934538595     
          10           8  -3.6771292441173387      -0.35739078422025727     
          15           8  -3.9823202086886056      -0.81093898027795319     
          20           8  -4.1686038088251109       0.60382171904294069     
          25           8  -3.3601198013677447        1.2721375921920242     
          30           8  -3.8744104277910196      -0.26282762643603519     
          35           8  -5.2430250805457490        8.0410497513838664E-002
          40           8  -5.1596241866747050       0.83343579332151307     
          45           8  -4.2918177634021504       0.96153349963046253     
          50           8  -3.8365647260008018       0.65777771769859328     
          55           8  -3.4285888469653969       0.27823191727449625     
          60           8  -3.8610521669113496       0.31879374979837394     
          65           8  -4.0941722146925486      -0.18462319030021490     
          70           8  -7.4725825787425038        2.7126395085730337E-002
          75           8  -3.2622781722579930       -9.1979938883213208E-002
          80           8  -3.0913299051604781      -0.10878688867066444     
          85           8  -4.1754256396586698       0.85560126469985676     
          90           8  -3.8916958037304994      -0.32099243314931414     
          95           8  -4.0312070457559912      -0.53238224660745459     
           0           9  -5.4769389657335905      -0.14622178630574467     
           5           9  -5.3093262902814686      -0.69345656086738927     
          10           9  -6.1841379715765754       -1.0236161990917481     
          15           9  -8.3084010797573882       -1.0956897184488668     
          20           9  -5.0302203110952348       0.36808343469196814     
          25           9  -4.1526504090150240        1.4225829097647136     
          30           9  -6.2516475459872822       0.93348609367716051     
          35           9  -6.6804791077856862       0.74379788847167561     
          40           9   0.0000000000000000        0.0000000000000000     
          45           9  -5.1677361976487646        1.1006906558819196     
          50           9   0.0000000000000000        0.0000000000000000     
          55           9  -3.7884988722680646       0.71334158695535166     
          60           9  -5.7662568426763983        1.0359532614323541     
          65           9  -5.7120377994124283       0.74331505276248322     
          70           9  -5.1412798691785611       0.27887224323563942     
          75           9  -3.4892297779265391      -0.39397897095838630     
          80           9  -4.1167155185917181      -0.27101572431575960     
          85           9   0.0000000000000000        0.0000000000000000     
          90           9  -3.8838903425642002      -0.37108190085177739     
          95           9  -5.4043176946549920       -1.5530858896006805     
           0          10   0.0000000000000000        0.0000000000000000     
           5          10   0.0000000000000000        0.0000000000000000     
          10          10   0.0000000000000000        0.0000000000000000     
          15          10   0.0000000000000000        0.0000000000000000     
          20          10  -5.2584623655249629       0.82418190687327808     
          25          10   0.0000000000000000        0.0000000000000000     
          30          10   0.0000000000000000        0.0000000000000000     
          35          10   0.0000000000000000        0.0000000000000000     
          40          10   0.0000000000000000        0.0000000000000000     
          45          10   0.0000000000000000        0.0000000000000000     
          50          10   0.0000000000000000        0.0000000000000000     
          55          10  -5.1032344580193012       0.20235939830470784     
          60          10   0.0000000000000000        0.0000000000000000     
          65          10   0.0000000000000000        0.0000000000000000     
          70          10   0.0000000000000000        0.0000000000000000     
          75          10   0.0000000000000000        0.0000000000000000     
          80          10  -6.2930450316400766      -0.26999510270186988     
          85          10  -5.7043459885619541      -0.10652496404972567     
          90          10   0.0000000000000000        0.0000000000000000     
          95          10   0.0000000000000000        0.0000000000000000     
           0          11   0.0000000000000000        0.0000000000000000     
           5          11   0.0000000000000000        0.0000000000000000     
          10          11   0.0000000000000000        0.0000000000000000     
          15          11   0.0000000000000000        0.0000000000000000     
          20          11   0.0000000000000000        0.0000000000000000     
          25          11   0.0000000000000000        0.0000000000000000     
          30          11   0.0000000000000000        0.0000000000000000     
          35          11   0.0000000000000000        0.0000000000000000     
          40          11   0.0000000000000000        0.0000000000000000     
          45          11   0.0000000000000000        0.0000000000000000     
          50          11   0.0000000000000000        0.0000000000000000     
          55          11   0.0000000000000000        0.0000000000000000     
          60          11   0.0000000000000000        0.0000000000000000     
          65          11   0.0000000000000000        0.0000000000000000     
          70          11   0.0000000000000000        0.0000000000000000     
          75          11   0.0000000000000000        0.0000000000000000     
          80          11   0.0000000000000000        0.0000000000000000     
          85          11  -7.5381417435949061       0.10870306558885545     
          90          11   0.0000000000000000        0.0000000000000000     
          95          11   0.0000000000000000        0.0000000000000000     
           0          12   0.0000000000000000        0.0000000000000000     
           5          12   0.0000000000000000        0.0000000000000000     
          10          12   0.0000000000000000        0.0000000000000000     
          15          12   0.0000000000000000        0.0000000000000000     
          20          12   0.0000000000000000        0.0000000000000000     
          25          12   0.0000000000000000        0.0000000000000000     
          30          12   0.0000000000000000        0.0000000000000000     
          35          12   0.0000000000000000        0.0000000000000000     
          40          12   0.0000000000000000        0.0000000000000000     
          45          12   0.0000000000000000        0.0000000000000000     
          50          12   0.0000000000000000        0.0000000000000000     
          55          12   0.0000000000000000        0.0000000000000000     
          60          12   0.0000000000000000        0.0000000000000000     
          65          12   0.0000000000000000        0.0000000000000000     
          70          12   0.0000000000000000        0.0000000000000000     
          75          12   0.0000000000000000        0.0000000000000000     
          80          12   0.0000000000000000        0.0000000000000000     
          85          12   0.0000000000000000        0.0000000000000000     
          90          12   0.0000000000000000        0.0000000000000000     
          95          12   0.0000000000000000        0.0000000000000000     
           0          13   0.0000000000000000        0.0000000000000000     
           5          13   0.0000000000000000        0.0000000000000000     
          10          13   0.0000000000000000        0.0000000000000000     
          15          13   0.0000000000000000        0.0000000000000000     
          20          13   0.0000000000000000        0.0000000000000000     
          25          13   0.0000000000000000        0.0000000000000000     
          30          13   0.0000000000000000        0.0000000000000000     
          35          13   0.0000000000000000        0.0000000000000000     
          40          13   0.0000000000000000        0.0000000000000000     
          45          13   0.0000000000000000        0.0000000000000000     
          50          13   0.0000000000000000        0.0000000000000000     
          55          13   0.0000000000000000        0.0000000000000000     
          60          13   0.0000000000000000        0.0000000000000000     
          65          13   0.0000000000000000        0.0000000000000000     
          70          13   0.0000000000000000        0.0000000000000000     
          75          13   0.0000000000000000        0.0000000000000000     
          80          13   0.0000000000000000        0.0000000000000000     
          85          13   0.0000000000000000        0.0000000000000000     
          90          13   0.0000000000000000        0.0000000000000000     
          95          13   0.0000000000000000        0.0000000000000000     
           0          14   0.0000000000000000        0.0000000000000000     
           5          14   0.0000000000000000        0.0000000000000000     
          10          14   0.0000000000000000        0.0000000000000000     
          15          14   0.0000000000000000        0.0000000000000000     
          20          14   0.0000000000000000        0.0000000000000000     
          25          14   0.0000000000000000        0.0000000000000000     
          30          14   0.0000000000000000        0.0000000000000000     
          35          14   0.0000000000000000        0.0000000000000000     
          40          14   0.0000000000000000        0.0000000000000000     
          45          14   0.0000000000000000        0.0000000000000000     
          50          14   0.0000000000000000        0.0000000000000000     
          55          14   0.0000000000000000        0.0000000000000000     
          60          14   0.0000000000000000        0.0000000000000000     
          65          14   0.0000000000000000        0.0000000000000000     
          70          14   0.0000000000000000        0.0000000000000000     
          75          14   0.0000000000000000        0.0000000000000000     
          80          14   0.0000000000000000        0.0000000000000000     
          85          14   0.0000000000000000        0.0000000000000000     
          90          14   0.0000000000000000        0.0000000000000000     
          95          14   0.0000000000000000        0.0000000000000000     
           0          15   0.0000000000000000        0.0000000000000000     
           5          15   0.0000000000000000        0.0000000000000000     
          10          15   0.0000000000000000        0.0000000000000000     
          15          15   0.0000000000000000        0.0000000000000000     
          20          15   0.0000000000000000        0.0000000000000000     
          25          15   0.0000000000000000        0.0000000000000000     
          30          15   0.0000000000000000        0.0000000000000000     
          35          15   0.0000000000000000        0.0000000000000000     
          40          15   0.0000000000000000        0.0000000000000000     
          45          15   0.0000000000000000        0.0000000000000000     
          50          15   0.0000000000000000        0.0000000000000000     
          55          15   0.0000000000000000        0.0000000000000000     
          60          15   0.0000000000000000        0.0000000000000000     
          65          15   0.0000000000000000        0.0000000000000000     
          70          15   0.0000000000000000        0.0000000000000000     
          75          15   0.0000000000000000        0.0000000000000000     
          80          15   0.0000000000000000        0.0000000000000000     
          85          15   0.0000000000000000        0.0000000000000000     
          90          15   0.0000000000000000        0.0000000000000000     
          95          15   0.0000000000000000        0.0000000000000000     
           0          16   0.0000000000000000        0.0000000000000000     
           5          16   0.0000000000000000        0.0000000000000000     
          10          16   0.0000000000000000        0.0000000000000000     
          15          16   0.0000000000000000        0.0000000000000000     
          20          16   0.0000000000000000        0.0000000000000000     
          25          16   0.0000000000000000        0.0000000000000000     
          30          16   0.0000000000000000        0.0000000000000000     
          35          16   0.0000000000000000        0.0000000000000000     
          40          16   0.0000000000000000        0.0000000000000000     
          45          16   0.0000000000000000        0.0000000000000000     
          50          16   0.0000000000000000        0.0000000000000000     
          55          16   0.0000000000000000        0.0000000000000000     
          60          16   0.0000000000000000        0.0000000000000000     
          65          16   0.0000000000000000        0.0000000000000000     
          70          16   0.0000000000000000        0.0000000000000000     
          75          16   0.0000000000000000        0.0000000000000000     
          80          16   0.0000000000000000        0.0000000000000000     
          85          16   0.0000000000000000        0.0000000000000000     
          90          16   0.0000000000000000        0.0000000000000000     
          95          16   0.0000000000000000        0.0000000000000000     
