           0           0   0.0000000000000000        0.0000000000000000     
           5           0   0.0000000000000000        0.0000000000000000     
          10           0   0.0000000000000000        0.0000000000000000     
          15           0   0.0000000000000000        0.0000000000000000     
          20           0   0.0000000000000000        0.0000000000000000     
          25           0   0.0000000000000000        0.0000000000000000     
          30           0   0.0000000000000000        0.0000000000000000     
          35           0   0.0000000000000000        0.0000000000000000     
          40           0   0.0000000000000000        0.0000000000000000     
          45           0   0.0000000000000000        0.0000000000000000     
          50           0   0.0000000000000000        0.0000000000000000     
          55           0   0.0000000000000000        0.0000000000000000     
          60           0   0.0000000000000000        0.0000000000000000     
          65           0   0.0000000000000000        0.0000000000000000     
          70           0   0.0000000000000000        0.0000000000000000     
          75           0   0.0000000000000000        0.0000000000000000     
          80           0   0.0000000000000000        0.0000000000000000     
          85           0   0.0000000000000000        0.0000000000000000     
          90           0   0.0000000000000000        0.0000000000000000     
          95           0   0.0000000000000000        0.0000000000000000     
           0           1  -2.3093711564697861      -0.30837182555698561     
           5           1  -2.6561119604329164        1.0420312803771647     
          10           1  -2.9032083604807468      -0.55051758390156635     
          15           1  -2.7120592124507681       0.77246521187124273     
          20           1  -2.8629398978985421      -0.78203046264269105     
          25           1  -2.1767022525942537       0.92048966514490793     
          30           1  -1.5676516266438512      -0.24165079534510525     
          35           1  -2.0067691153968781        1.4703908050006653     
          40           1  -1.7016922780044297       -5.7277001049849119E-002
          45           1   1.0537201151095132       0.10816833945770377     
          50           1  -1.6985458744400717      -0.62460343670855956     
          55           1  -1.3121876656541076       0.69346410337400854     
          60           1 -0.99781053265246555      -0.21706053833558947     
          65           1  -1.3644569668258555       0.45844436152742141     
          70           1  -1.5404280489406119      -0.52540325649053088     
          75           1  -1.0439506516490837       0.71643680876309901     
          80           1  -1.5387027610813675      -0.35528593163469679     
          85           1  -2.2459230393678808       0.38299356951321251     
          90           1   0.0000000000000000        0.0000000000000000     
          95           1  -1.0017154440333798       0.45665838416586446     
           0           2  -4.0753684358253537      -0.96657140649991646     
           5           2  -4.2070108872760414      -0.77209269468303532     
          10           2  -2.8697161553381534      -0.34931154272221931     
          15           2  -2.1996168847326913       0.32737210301725383     
          20           2  -2.5739250926370971      -0.51519235949815112     
          25           2  -2.3310919996966106       -4.8348969718947643E-002
          30           2  -2.5927997456420826      -0.50847644284646165     
          35           2  -2.7487946889337422      -0.41882359530509561     
          40           2  -2.6983733536312116      -0.82335822441992335     
          45           2  -3.8626594364998823        1.9826107435405582     
          50           2  -2.6786398733591454       0.52181623229730079     
          55           2  -2.0246433988191370       0.29809093195165559     
          60           2  -1.7959799525257836      -0.71265933219155642     
          65           2  -2.0394981444837867      -0.32450913576065332     
          70           2  -2.0465091643018241      -0.92420990733588226     
          75           2  -1.4302236222363263        5.1825297018304184E-002
          80           2  -1.7787763984244975      -0.78362253108199553     
          85           2  -3.9238114493400644       0.19357947748543936     
          90           2  -4.0609293903060006       -1.4274924134638489     
          95           2  -4.0552789101155895      -0.50506866277277851     
           0           3  -3.3802042719502379       -1.4859151886836841     
           5           3  -3.7675327902286782      -0.81409988146985413     
          10           3  -3.2523583779298093      -0.78883328245904494     
          15           3  -2.1714691773055961      -0.40891228795914003     
          20           3  -2.2735972274290361        3.3949477518113724E-003
          25           3  -2.8416246812845714       0.12088120848297024     
          30           3  -2.8504935136197673       -1.4039125129094998E-002
          35           3  -3.0094322034557308       -6.1380574236657992E-002
          40           3  -2.9854551437935584      -0.22295053389465025     
          45           3  -2.9910380518316515      -0.53235449966715365     
          50           3  -2.9837952495270770       -1.3675923390032985     
          55           3  -2.0246992847106071       0.34280987166512844     
          60           3  -2.0114455784181473       -6.9869487107077077E-003
          65           3  -2.2044596635595326       -7.8750039413932882E-002
          70           3  -1.9155394058145703      -0.46943882273442483     
          75           3  -2.2775736169222682       0.43829070486944843     
          80           3  -3.2357347529909930      -0.42025047338967170     
          85           3  -2.6894676827282638       0.56106454403792583     
          90           3  -3.2177496135687988       0.19818620617506610     
          95           3  -3.7494653501113362      -0.53399928281017139     
           0           4  -3.3933346423697941       -1.1871275479569121     
           5           4  -5.6494880357105259       -1.9437316008552585     
          10           4  -6.0878454007085026      -0.69561387325833834     
          15           4  -5.1637084184985582      -0.94137733424037862     
          20           4  -5.1754429700423543      -0.13430953305526572     
          25           4  -5.8701371583680384       0.21704017234114303     
          30           4  -2.9741066825472728       0.32714499331287783     
          35           4  -3.0610496567362588      -0.19195408971217631     
          40           4  -2.9318534556210807       0.11613689098410873     
          45           4  -2.9287139061295875       -9.2217801119787168E-002
          50           4  -5.4443522869718208       -2.2168279892786913     
          55           4  -2.1401088896766396       0.11045166522727357     
          60           4  -2.0262699772999326       0.20491870011962732     
          65           4  -5.2271379288271191      -0.20041405180748484     
          70           4  -4.7613477661911929        1.1658132160086154     
          75           4  -5.6639337246622290        9.8616524857320087E-003
          80           4  -3.1027450697962422       0.57584054707682242     
          85           4  -2.6210196531195606      -0.29932623734740815     
          90           4  -3.2076834196459458       -5.1276593735494203E-002
          95           4  -2.9977642275014205      -0.44930077577998162     
           0           5  -5.9595377368379392       -2.2536648669957415     
           5           5  -2.5452734976250113       -1.3942179088699547     
          10           5  -3.1798775863300932      -0.66605761488869319     
          15           5  -3.3936993343264277       -1.2809612076036814     
          20           5  -2.7162391560509036       0.15665825394695077     
          25           5  -2.9318547530188255       0.26803535951636093     
          30           5  -6.0552873054220413       0.63605408310074552     
          35           5  -5.8122705554097820       -6.6541433811906359E-002
          40           5  -6.0501005178181799      -0.60482159275121461     
          45           5  -5.6076521045511640      -0.79791423173602993     
          50           5  -2.6598150054724101      -0.63573932466365335     
          55           5  -5.0858710668677531       0.52293673034498056     
          60           5  -4.8296599311825616       0.51097591009519050     
          65           5  -3.0446709842379960        2.8404282823579763E-002
          70           5  -3.0070863476794329       0.57783782318132637     
          75           5  -3.2588890524465342       0.84170099419189626     
          80           5  -6.7276201163224414        1.4949305548039860     
          85           5  -3.0429458388425701       0.18410118866274416     
          90           5  -3.1140685907615762       -2.0215764662268043E-002
          95           5  -6.0735009347467894       -1.0461285985874369     
           0           6  -3.0887440172253089       -1.0281381299925840     
           5           6  -2.6884028753526579       -1.2838604731424397     
          10           6  -3.2914025044661344       -1.1054679935496026     
          15           6  -3.3641852195831490      -0.55068649889022936     
          20           6  -3.0870339276667380        8.7745596037969165E-002
          25           6  -3.1123221145001878       0.47750464681861615     
          30           6  -2.8346916254839982       0.20931418143632641     
          35           6  -2.8529945463517947      -0.17316805739131524     
          40           6  -3.1728731800839682      -0.10829356551944613     
          45           6  -3.1013864752793552      -0.49419419641427709     
          50           6  -3.2612900977468939       -1.1600013420576261     
          55           6  -2.8256837988749339       0.56440836635474056     
          60           6  -2.5588239612162056       0.52176059795794316     
          65           6  -2.8450249775602288       0.39948959708713261     
          70           6  -3.1232249882151564       0.37552145454089469     
          75           6  -3.0323119947439636       0.67308326175741229     
          80           6  -3.1520561810083336       0.50301156477416953     
          85           6  -6.2125249543498740        1.1137010091921695     
          90           6  -6.3062570651339911       0.44102904218412675     
          95           6  -2.8926152182151554      -0.32872414250206816     
           0           7  -2.6680073562435069      -0.99500753159009747     
           5           7  -3.0303532042053050      -0.80873574636264323     
          10           7  -3.1557325126385649       -1.1899731872455632     
          15           7  -3.2518808134618382      -0.33590617926737565     
          20           7  -3.2711597212298216       -8.4091735899072262E-002
          25           7  -3.0069829463030828       0.43381940955544707     
          30           7  -3.0377725353503138        8.0916064106872909E-002
          35           7  -3.2325291745038953        8.7398163368668236E-002
          40           7  -3.2338819269028818      -0.13465837560566740     
          45           7  -3.2164781048749091      -0.29781289093477881     
          50           7  -3.1683421725858807      -0.97860340565691928     
          55           7  -2.7777809325257863       0.38428585719341157     
          60           7  -2.8510195151909556       0.67356752587510726     
          65           7  -3.2025619793074611       0.25986005078859620     
          70           7  -3.3285121592996347       0.52684151598647588     
          75           7  -3.1765834303598695       0.37474023604211482     
          80           7  -3.4021201511791332       0.70404898306897223     
          85           7  -2.9121394182141103       0.39720346222793523     
          90           7  -3.0411153151987946       0.34085220893764756     
          95           7  -2.9283674658842074      -0.13906000050134537     
           0           8  -3.3690763922922251      -0.56273381076721307     
           5           8  -2.9886035845816394      -0.46927373139382667     
          10           8  -2.8919790424009051      -0.35056702346381030     
          15           8  -2.8670738995817402      -0.47811457992708029     
          20           8  -3.5265217057300902      -0.22040386131294554     
          25           8  -3.5184669347820829       0.12474651684968308     
          30           8  -3.3535365697190400       -5.2115189728141331E-002
          35           8  -3.2100251407740643       0.23266880287309277     
          40           8  -3.3433489979017850       0.23818485980875437     
          45           8  -3.2415913907257732      -0.27798580163107545     
          50           8  -3.4201724915661202       -1.1950265044191610E-003
          55           8  -3.3756671297524576       0.45251888904473958     
          60           8  -2.9276879035577963       0.89567254292433063     
          65           8  -3.5101480772681271       0.54593331221930441     
          70           8  -2.9445114779491632       0.57828402306725479     
          75           8  -3.0292718856372858       0.58583423931501954     
          80           8  -2.9589409655272902        1.2159281392243315     
          85           8  -3.1458101529580063        1.9252874497333039     
          90           8  -3.2732859749273757       0.64763214056462459     
          95           8  -3.0980453735907076        5.8467880643675585E-002
           0           9  -5.1653737869375433       -1.8483884455200439     
           5           9  -5.6347579362503453      -0.79468037306185124     
          10           9  -4.5083155846814549      -0.76996678753715742     
          15           9  -3.9158737278377487       -1.0477458770896675     
          20           9  -5.1886300235892691      -0.62557010655162060     
          25           9  -4.8877159224858246        6.8658871050786274E-002
          30           9  -4.2560938301505757       0.23848692086048118     
          35           9  -2.8628705517874664       -5.9301893173824283E-002
          40           9  -4.3372942353769872      -0.11289060516617155     
          45           9   0.0000000000000000        0.0000000000000000     
          50           9  -4.7885428723404289      -0.12690866100228959     
          55           9  -3.5178839104688109        1.2717212201351913     
          60           9  -4.0882160549315927        1.5852347395650668     
          65           9  -5.2972866537714935      -0.32414878662123670     
          70           9  -4.7559165594179831       0.12346373353011586     
          75           9  -2.9808372401873839        2.0789357066597347     
          80           9  -5.3086726832418663       0.55327483950762257     
          85           9  -3.5192066860645355        1.8620338964581151     
          90           9  -3.7035741605961903        4.7495973305444750E-002
          95           9  -4.2952127874684720       0.22247793483032297     
           0          10   0.0000000000000000        0.0000000000000000     
           5          10   0.0000000000000000        0.0000000000000000     
          10          10   0.0000000000000000        0.0000000000000000     
          15          10   0.0000000000000000        0.0000000000000000     
          20          10  -5.5983483994026528       -1.9950589024908538     
          25          10   0.0000000000000000        0.0000000000000000     
          30          10   0.0000000000000000        0.0000000000000000     
          35          10   0.0000000000000000        0.0000000000000000     
          40          10   0.0000000000000000        0.0000000000000000     
          45          10   0.0000000000000000        0.0000000000000000     
          50          10   0.0000000000000000        0.0000000000000000     
          55          10  -4.4572640370077465       0.80252794923296733     
          60          10   0.0000000000000000        0.0000000000000000     
          65          10   0.0000000000000000        0.0000000000000000     
          70          10   0.0000000000000000        0.0000000000000000     
          75          10   0.0000000000000000        0.0000000000000000     
          80          10   0.0000000000000000        0.0000000000000000     
          85          10   0.0000000000000000        0.0000000000000000     
          90          10   0.0000000000000000        0.0000000000000000     
          95          10   0.0000000000000000        0.0000000000000000     
           0          11   0.0000000000000000        0.0000000000000000     
           5          11   0.0000000000000000        0.0000000000000000     
          10          11   0.0000000000000000        0.0000000000000000     
          15          11   0.0000000000000000        0.0000000000000000     
          20          11   0.0000000000000000        0.0000000000000000     
          25          11   0.0000000000000000        0.0000000000000000     
          30          11   0.0000000000000000        0.0000000000000000     
          35          11   0.0000000000000000        0.0000000000000000     
          40          11   0.0000000000000000        0.0000000000000000     
          45          11   0.0000000000000000        0.0000000000000000     
          50          11   0.0000000000000000        0.0000000000000000     
          55          11   0.0000000000000000        0.0000000000000000     
          60          11   0.0000000000000000        0.0000000000000000     
          65          11   0.0000000000000000        0.0000000000000000     
          70          11   0.0000000000000000        0.0000000000000000     
          75          11   0.0000000000000000        0.0000000000000000     
          80          11   0.0000000000000000        0.0000000000000000     
          85          11   0.0000000000000000        0.0000000000000000     
          90          11   0.0000000000000000        0.0000000000000000     
          95          11   0.0000000000000000        0.0000000000000000     
           0          12   0.0000000000000000        0.0000000000000000     
           5          12   0.0000000000000000        0.0000000000000000     
          10          12   0.0000000000000000        0.0000000000000000     
          15          12   0.0000000000000000        0.0000000000000000     
          20          12   0.0000000000000000        0.0000000000000000     
          25          12   0.0000000000000000        0.0000000000000000     
          30          12   0.0000000000000000        0.0000000000000000     
          35          12   0.0000000000000000        0.0000000000000000     
          40          12   0.0000000000000000        0.0000000000000000     
          45          12   0.0000000000000000        0.0000000000000000     
          50          12   0.0000000000000000        0.0000000000000000     
          55          12   0.0000000000000000        0.0000000000000000     
          60          12   0.0000000000000000        0.0000000000000000     
          65          12   0.0000000000000000        0.0000000000000000     
          70          12   0.0000000000000000        0.0000000000000000     
          75          12   0.0000000000000000        0.0000000000000000     
          80          12   0.0000000000000000        0.0000000000000000     
          85          12   0.0000000000000000        0.0000000000000000     
          90          12   0.0000000000000000        0.0000000000000000     
          95          12   0.0000000000000000        0.0000000000000000     
           0          13   0.0000000000000000        0.0000000000000000     
           5          13   0.0000000000000000        0.0000000000000000     
          10          13   0.0000000000000000        0.0000000000000000     
          15          13   0.0000000000000000        0.0000000000000000     
          20          13   0.0000000000000000        0.0000000000000000     
          25          13   0.0000000000000000        0.0000000000000000     
          30          13   0.0000000000000000        0.0000000000000000     
          35          13   0.0000000000000000        0.0000000000000000     
          40          13   0.0000000000000000        0.0000000000000000     
          45          13   0.0000000000000000        0.0000000000000000     
          50          13   0.0000000000000000        0.0000000000000000     
          55          13   0.0000000000000000        0.0000000000000000     
          60          13   0.0000000000000000        0.0000000000000000     
          65          13   0.0000000000000000        0.0000000000000000     
          70          13   0.0000000000000000        0.0000000000000000     
          75          13   0.0000000000000000        0.0000000000000000     
          80          13   0.0000000000000000        0.0000000000000000     
          85          13   0.0000000000000000        0.0000000000000000     
          90          13   0.0000000000000000        0.0000000000000000     
          95          13   0.0000000000000000        0.0000000000000000     
           0          14   0.0000000000000000        0.0000000000000000     
           5          14   0.0000000000000000        0.0000000000000000     
          10          14   0.0000000000000000        0.0000000000000000     
          15          14   0.0000000000000000        0.0000000000000000     
          20          14   0.0000000000000000        0.0000000000000000     
          25          14   0.0000000000000000        0.0000000000000000     
          30          14   0.0000000000000000        0.0000000000000000     
          35          14   0.0000000000000000        0.0000000000000000     
          40          14   0.0000000000000000        0.0000000000000000     
          45          14   0.0000000000000000        0.0000000000000000     
          50          14   0.0000000000000000        0.0000000000000000     
          55          14   0.0000000000000000        0.0000000000000000     
          60          14   0.0000000000000000        0.0000000000000000     
          65          14   0.0000000000000000        0.0000000000000000     
          70          14   0.0000000000000000        0.0000000000000000     
          75          14   0.0000000000000000        0.0000000000000000     
          80          14   0.0000000000000000        0.0000000000000000     
          85          14   0.0000000000000000        0.0000000000000000     
          90          14   0.0000000000000000        0.0000000000000000     
          95          14   0.0000000000000000        0.0000000000000000     
           0          15   0.0000000000000000        0.0000000000000000     
           5          15   0.0000000000000000        0.0000000000000000     
          10          15   0.0000000000000000        0.0000000000000000     
          15          15   0.0000000000000000        0.0000000000000000     
          20          15   0.0000000000000000        0.0000000000000000     
          25          15   0.0000000000000000        0.0000000000000000     
          30          15   0.0000000000000000        0.0000000000000000     
          35          15   0.0000000000000000        0.0000000000000000     
          40          15   0.0000000000000000        0.0000000000000000     
          45          15   0.0000000000000000        0.0000000000000000     
          50          15   0.0000000000000000        0.0000000000000000     
          55          15   0.0000000000000000        0.0000000000000000     
          60          15   0.0000000000000000        0.0000000000000000     
          65          15   0.0000000000000000        0.0000000000000000     
          70          15   0.0000000000000000        0.0000000000000000     
          75          15   0.0000000000000000        0.0000000000000000     
          80          15   0.0000000000000000        0.0000000000000000     
          85          15   0.0000000000000000        0.0000000000000000     
          90          15   0.0000000000000000        0.0000000000000000     
          95          15   0.0000000000000000        0.0000000000000000     
           0          16   0.0000000000000000        0.0000000000000000     
           5          16   0.0000000000000000        0.0000000000000000     
          10          16   0.0000000000000000        0.0000000000000000     
          15          16   0.0000000000000000        0.0000000000000000     
          20          16   0.0000000000000000        0.0000000000000000     
          25          16   0.0000000000000000        0.0000000000000000     
          30          16   0.0000000000000000        0.0000000000000000     
          35          16   0.0000000000000000        0.0000000000000000     
          40          16   0.0000000000000000        0.0000000000000000     
          45          16   0.0000000000000000        0.0000000000000000     
          50          16   0.0000000000000000        0.0000000000000000     
          55          16   0.0000000000000000        0.0000000000000000     
          60          16   0.0000000000000000        0.0000000000000000     
          65          16   0.0000000000000000        0.0000000000000000     
          70          16   0.0000000000000000        0.0000000000000000     
          75          16   0.0000000000000000        0.0000000000000000     
          80          16   0.0000000000000000        0.0000000000000000     
          85          16   0.0000000000000000        0.0000000000000000     
          90          16   0.0000000000000000        0.0000000000000000     
          95          16   0.0000000000000000        0.0000000000000000     
