           0           0   0.0000000000000000        0.0000000000000000     
           5           0   0.0000000000000000        0.0000000000000000     
          10           0   0.0000000000000000        0.0000000000000000     
          15           0   0.0000000000000000        0.0000000000000000     
          20           0   0.0000000000000000        0.0000000000000000     
          25           0   0.0000000000000000        0.0000000000000000     
          30           0   0.0000000000000000        0.0000000000000000     
          35           0   0.0000000000000000        0.0000000000000000     
          40           0   0.0000000000000000        0.0000000000000000     
          45           0   0.0000000000000000        0.0000000000000000     
          50           0   0.0000000000000000        0.0000000000000000     
          55           0   0.0000000000000000        0.0000000000000000     
          60           0   0.0000000000000000        0.0000000000000000     
          65           0   0.0000000000000000        0.0000000000000000     
          70           0   0.0000000000000000        0.0000000000000000     
          75           0   0.0000000000000000        0.0000000000000000     
          80           0   0.0000000000000000        0.0000000000000000     
          85           0   0.0000000000000000        0.0000000000000000     
          90           0   0.0000000000000000        0.0000000000000000     
          95           0   0.0000000000000000        0.0000000000000000     
           0           1 -0.96501476524402108       0.22212610564564805     
           5           1 -0.71564616848540652       0.72988697422782245     
          10           1  -1.2084406830314975       -1.7807909547118417     
          15           1  -2.3499706852447844        1.7972068351135295     
          20           1  -1.1880070892544836      -0.71469853875627543     
          25           1  -1.6524172111154201       0.33543571609118139     
          30           1 -0.85595844526054066       0.86558660289060008     
          35           1  -2.3806520175995161      -0.65763663806173156     
          40           1  -2.8319133468102109       -1.4650515198622038     
          45           1  -2.0589560180184208       0.11002079986610624     
          50           1  -1.2039916941475326       0.64080246472419944     
          55           1  -4.2312069180638900       -1.0593714222395523     
          60           1  -3.2479483426328670      -0.22183394305708148     
          65           1 -0.59395714423260415        2.2150510962049008     
          70           1  -1.7290886063392463      -0.48982951214360249     
          75           1  -1.2226030511897079       0.53485896994165394     
          80           1  -2.9243525542455018        1.2950069875772297     
          85           1  0.35245145632245567      -0.16732669879782058     
          90           1  -1.0518240392087819      -0.87041145397259712     
          95           1  -1.4005589476795421       0.40503928602775296     
           0           2  -1.3895533225716239       0.43723527092476289     
           5           2  -1.0113535745404079      -0.74362269768313283     
          10           2  -1.9699246163362716       0.11813740840027620     
          15           2  -3.0414957746227600        2.3735180156236879     
          20           2  -4.8103326473558639       0.10101054904732010     
          25           2  -4.4434041542906755        1.1862946140395181     
          30           2  -2.4588974573269695      -0.23017686168858020     
          35           2  -2.0952899686221826       0.95626777043333888     
          40           2  -3.9178897475977692       0.49286685390059759     
          45           2 -0.67785062388026063       0.47293916492607835     
          50           2  -2.6917680777671649      -0.71869839051608153     
          55           2  -4.7436185191429558       -1.2346996689105438     
          60           2  -3.6345616825528282      -0.62004550124061808     
          65           2  -2.4498441234044321       0.26522325793809642     
          70           2  -3.2139749897908132      -0.15333065535250157     
          75           2  -1.9587119358988048      -0.16484918189396680     
          80           2   0.0000000000000000        0.0000000000000000     
          85           2  -4.5650043734468682       -1.2522950292770396     
          90           2  -3.8814904426942576       -2.0010745425635967     
          95           2  -2.6629485542173370       0.55654209683231315     
           0           3  -5.9809616003514421      -0.63139592775263154     
           5           3  -6.7260652598299941       0.42021363205302364     
          10           3  -5.2684673579417307       -2.1938432131096697     
          15           3  -5.4455354868920836       0.47336645441875547     
          20           3  -8.7256584211026222        1.1492591016537546     
          25           3  -6.4494198728759500        1.5651502913005544     
          30           3  -5.8472850235880003       0.49841869000699646     
          35           3  -6.4567959120154228      -0.29167987540157370     
          40           3  -6.7269491266586101        5.0407987471445814     
          45           3  -3.9096995447351901      -0.91777262986036945     
          50           3  -5.8633125389206953      -0.67837924607294653     
          55           3   0.0000000000000000        0.0000000000000000     
          60           3  -4.6815611001704838       -2.0729456817747405E-004
          65           3  -4.9327609386295990       0.85442112693678851     
          70           3  -3.1295248938079112        1.3298117465176951     
          75           3  -3.0228550421895761       -2.2000749780848317     
          80           3  -4.7722246185344375      -0.66056237743916668     
          85           3  -2.3184747257687377       0.17382301531254640     
          90           3  -7.3266264450921881        1.2479835206025136     
          95           3  -8.5349418964142387        4.3781899845907191     
           0           4   0.0000000000000000        0.0000000000000000     
           5           4  -6.9656228141345977        9.2490298673197913E-002
          10           4  -4.9239254782307285       0.60294731857535311     
          15           4  -8.3409782281584910      -0.13572906215841840     
          20           4  -7.7804779420809211       -2.4922709443853108     
          25           4  -10.791162783565511        2.5013139088292391     
          30           4  -7.6061737661525797        2.2157686098411844     
          35           4   0.0000000000000000        0.0000000000000000     
          40           4  -8.3617676156677589      -0.29041954402675429     
          45           4  -8.6263156514121420       -1.7624350977962777     
          50           4  -10.985285782467713       -1.0194275569386235     
          55           4  -9.0069667069769821      -0.99759143616040546     
          60           4  -9.5678122197995208       -9.2746352602368631E-002
          65           4  -5.2136037275829494        1.8048488615596270     
          70           4  -6.4301004007916163      -0.59301945754430818     
          75           4  -9.5837325801539919      -0.27376593487282719     
          80           4  -5.9016211503148952       0.50155516163830072     
          85           4  -5.0301288295884206        1.5485227383038591     
          90           4   0.0000000000000000        0.0000000000000000     
          95           4   0.0000000000000000        0.0000000000000000     
           0           5  -8.7685307772522592       0.10058111217237098     
           5           5  -8.2252216373079889       0.86564370234576415     
          10           5  -9.7612882576747495       0.51126004926072000     
          15           5  -11.030510524179249       0.67575693620813837     
          20           5  -10.994355544742263        2.7817051372425183     
          25           5  -9.0244778675163673        2.5630795356557101     
          30           5  -8.9241255458638591        2.4789898497923346     
          35           5  -7.6742491370396237        1.5399474113486633     
          40           5  -9.3027858650884809        2.7419955134222462     
          45           5  -9.3409523564957908      -0.70990505383061731     
          50           5  -10.474565613947107       -1.3105740019936363     
          55           5  -9.5449176302864203        1.5179475624726990     
          60           5  -10.181516754670383       0.60333850963711910     
          65           5  -10.082474215948878       0.51809267302083128     
          70           5  -13.137139157066713       -1.2618121877805422     
          75           5  -12.236479210301354        2.7507703244289416     
          80           5  -11.942019440311924       -1.3981098294779670     
          85           5  -11.145965309964367        2.2669751312642816     
          90           5  -10.547625919627990      -0.97975855473553253     
          95           5  -9.2838884947354927      -0.17425289453587567     
           0           6  -12.739944236542510       0.12640113761452909     
           5           6  -11.857018325187596        1.4848517071053280     
          10           6  -10.906890246591416       -2.4189552623976596     
          15           6   0.0000000000000000        0.0000000000000000     
          20           6  -10.936212308063631      -0.10309939667774159     
          25           6  -10.651056794106495       0.15993434373751114     
          30           6  -8.2576190180994047        3.5779661224299986     
          35           6  -10.596213467550797       -2.5824170502053434     
          40           6  -20.521930518668796       -3.7078762469189286     
          45           6  -9.9705285173712355        2.4709054469029823     
          50           6  -10.666341504972365        3.0784989822274511     
          55           6  -10.897648046395148        1.8351332349597627     
          60           6  -12.052551286316771        1.3679946623712524     
          65           6  -12.832950783518982       -1.7158151372376196     
          70           6  -11.172408636639375       -3.0841204980980308E-002
          75           6  -11.693250223885343        1.1116309397563029     
          80           6  -12.294214361219247      -0.74767461634372978     
          85           6  -13.068442212613718      -0.63455679526480679     
          90           6  -13.118108109893001      -0.82073511907143626     
          95           6  -8.1806621889768394      -0.74241661781382362     
           0           7  -14.726604162029476       -1.6322344635888442E-002
           5           7  -12.704963108074452       -1.3234712734488951     
          10           7  -11.714461960856681        1.0990908796637555     
          15           7  -14.631099647166579      -0.58024835206893499     
          20           7  -14.029883538757559       -2.1741230114846744     
          25           7  -15.780598712940019       -2.1378944100680641     
          30           7  -14.286815459474411       -2.8562483930238969     
          35           7  -13.724776071626366       -9.5058187548069384E-002
          40           7  -13.076179025333090       -1.0386505846460281     
          45           7  -14.299580403971390      -0.65943485166197746     
          50           7  -15.706533411901091       0.66219827839386625     
          55           7  -12.962827806362043        2.2033774367669068     
          60           7  -14.185964263973005        1.0636386233331407     
          65           7   0.0000000000000000        0.0000000000000000     
          70           7  -16.362967997025635      -0.16181608119669733     
          75           7  -13.110564345950593        1.9259524518888682     
          80           7  -14.291688050462881        1.0139358632654805     
          85           7  -14.773563490138031       -1.3303037723355615     
          90           7   0.0000000000000000        0.0000000000000000     
          95           7  -12.274073262403817      -0.82681376730509015     
           0           8   0.0000000000000000        0.0000000000000000     
           5           8  -14.217199436092898      -0.41347993056106702     
          10           8  -12.101000722228861        4.4736055322402990E-002
          15           8  -15.452209965918229        1.4826765570497002     
          20           8  -18.114383792582345        2.7603774529438851     
          25           8  -15.556250813073547      -0.40651683844927788     
          30           8  -14.926355960955817      -0.16165424497671665     
          35           8  -17.029328587696568        1.2891192700870135     
          40           8  -15.225886638674524       -1.3288551199153176     
          45           8  -19.069709801513568        1.5214633835824998     
          50           8  -17.972214345221005       -1.3022879213231420     
          55           8  -20.760428948705112       -5.8722207634609447     
          60           8  -14.983027338431043        2.5822973489297851     
          65           8  -17.314290588217318       -1.2764400803888520     
          70           8  -16.291282545068952      -0.82033592860852877     
          75           8  -17.389148899908946       -1.6000981236086176     
          80           8  -12.478654065972705      -0.11264382813180873     
          85           8  -17.415292458053955      -0.80745471400689439     
          90           8  -13.180370898524529      -0.31826600876527777     
          95           8  -16.366582300548771      -0.28419697555293055     
           0           9  -15.551284393169329       0.62165304262506993     
           5           9  -13.706253065794982       -1.7845559648232978     
          10           9  -14.248074613600892      -0.16199418283235900     
          15           9  -15.030241186977378      -0.44362606868020293     
          20           9  -17.134224717008095        1.2877846240577639     
          25           9  -18.740306505815596      -0.25808239472624450     
          30           9  -14.637835173445524       0.92782494589549458     
          35           9  -14.941001031800738      -0.50885797875821481     
          40           9  -17.484042502644570       -1.2836185175046921     
          45           9  -17.381730097341119       0.27541565936317625     
          50           9   0.0000000000000000        0.0000000000000000     
          55           9   0.0000000000000000        0.0000000000000000     
          60           9  -16.627144053416032        4.4090408320229812     
          65           9  -17.912953972682999      -0.10789859439697125     
          70           9  -14.652273212334421        1.6473728071808580     
          75           9  -17.375733113169645       -1.4822448568452273     
          80           9  -16.683229949023826        1.9855694378634325     
          85           9  -17.038462913347985      -0.69012524603451197     
          90           9  -14.224635022515031      -0.98587082255185976     
          95           9   0.0000000000000000        0.0000000000000000     
           0          10  -14.048171411915749      -0.14516069153813760     
           5          10  -15.836001434843539       -1.5172832639720468     
          10          10  -18.630510729114036       -4.2712618891549425     
          15          10  -17.720693734890602        4.0030167006044337     
          20          10  -20.444100152872124       -1.5177959747614267     
          25          10  -18.328945081886872        6.6061088936919532E-002
          30          10   0.0000000000000000        0.0000000000000000     
          35          10  -18.024524584348001      -0.82142365053883282     
          40          10   0.0000000000000000        0.0000000000000000     
          45          10   0.0000000000000000        0.0000000000000000     
          50          10  -15.994716068341575       -8.7028425577173607E-002
          55          10  -20.535819495961505       -1.0324413552709188     
          60          10  -19.324733863683718        3.7042940173570571     
          65          10  -19.973804931865402       -2.4276028662573168     
          70          10  -15.344365274074789       0.68304022537546416     
          75          10  -19.860965802109831       -2.8949753855833649     
          80          10  -18.661610306196508       -1.5295047449548349     
          85          10  -17.765787344359296       -2.4038317445729263     
          90          10  -16.552917155649993      -0.46405297297269499     
          95          10  -16.645270026458547       -9.7532071965389378E-002
           0          11  -16.504341292545853       0.69410356660526418     
           5          11   0.0000000000000000        0.0000000000000000     
          10          11   0.0000000000000000        0.0000000000000000     
          15          11  -19.725157130086046       0.42795699213726834     
          20          11  -20.230087933015284       -3.2116271915327843     
          25          11   0.0000000000000000        0.0000000000000000     
          30          11  -18.942174761509278      -0.51786076612714282     
          35          11   0.0000000000000000        0.0000000000000000     
          40          11   0.0000000000000000        0.0000000000000000     
          45          11  -19.999144833349192       0.45636594741438330     
          50          11  -17.790169252904775       0.35475346129132390     
          55          11  -20.359157971441277       -3.6533956399509293     
          60          11  -20.108380720245123       -2.5890611767387384     
          65          11   0.0000000000000000        0.0000000000000000     
          70          11   0.0000000000000000        0.0000000000000000     
          75          11   0.0000000000000000        0.0000000000000000     
          80          11   0.0000000000000000        0.0000000000000000     
          85          11   0.0000000000000000        0.0000000000000000     
          90          11  -19.470208729757132      -0.56953592974195999     
          95          11  -14.954389440333671       -2.7443046308128771     
           0          12   0.0000000000000000        0.0000000000000000     
           5          12   0.0000000000000000        0.0000000000000000     
          10          12   0.0000000000000000        0.0000000000000000     
          15          12  -18.069269881042516       -1.6776974102583608     
          20          12   0.0000000000000000        0.0000000000000000     
          25          12   0.0000000000000000        0.0000000000000000     
          30          12   0.0000000000000000        0.0000000000000000     
          35          12   0.0000000000000000        0.0000000000000000     
          40          12  -19.522270549501286      -0.38701962809639667     
          45          12   0.0000000000000000        0.0000000000000000     
          50          12   0.0000000000000000        0.0000000000000000     
          55          12   0.0000000000000000        0.0000000000000000     
          60          12   0.0000000000000000        0.0000000000000000     
          65          12   0.0000000000000000        0.0000000000000000     
          70          12   0.0000000000000000        0.0000000000000000     
          75          12  -21.641503761884451      -0.38951473515069779     
          80          12   0.0000000000000000        0.0000000000000000     
          85          12   0.0000000000000000        0.0000000000000000     
          90          12   0.0000000000000000        0.0000000000000000     
          95          12   0.0000000000000000        0.0000000000000000     
           0          13   0.0000000000000000        0.0000000000000000     
           5          13   0.0000000000000000        0.0000000000000000     
          10          13   0.0000000000000000        0.0000000000000000     
          15          13   0.0000000000000000        0.0000000000000000     
          20          13   0.0000000000000000        0.0000000000000000     
          25          13   0.0000000000000000        0.0000000000000000     
          30          13   0.0000000000000000        0.0000000000000000     
          35          13   0.0000000000000000        0.0000000000000000     
          40          13   0.0000000000000000        0.0000000000000000     
          45          13   0.0000000000000000        0.0000000000000000     
          50          13   0.0000000000000000        0.0000000000000000     
          55          13   0.0000000000000000        0.0000000000000000     
          60          13   0.0000000000000000        0.0000000000000000     
          65          13   0.0000000000000000        0.0000000000000000     
          70          13   0.0000000000000000        0.0000000000000000     
          75          13   0.0000000000000000        0.0000000000000000     
          80          13   0.0000000000000000        0.0000000000000000     
          85          13   0.0000000000000000        0.0000000000000000     
          90          13   0.0000000000000000        0.0000000000000000     
          95          13   0.0000000000000000        0.0000000000000000     
           0          14   0.0000000000000000        0.0000000000000000     
           5          14   0.0000000000000000        0.0000000000000000     
          10          14   0.0000000000000000        0.0000000000000000     
          15          14   0.0000000000000000        0.0000000000000000     
          20          14   0.0000000000000000        0.0000000000000000     
          25          14   0.0000000000000000        0.0000000000000000     
          30          14   0.0000000000000000        0.0000000000000000     
          35          14   0.0000000000000000        0.0000000000000000     
          40          14   0.0000000000000000        0.0000000000000000     
          45          14   0.0000000000000000        0.0000000000000000     
          50          14   0.0000000000000000        0.0000000000000000     
          55          14   0.0000000000000000        0.0000000000000000     
          60          14   0.0000000000000000        0.0000000000000000     
          65          14   0.0000000000000000        0.0000000000000000     
          70          14   0.0000000000000000        0.0000000000000000     
          75          14   0.0000000000000000        0.0000000000000000     
          80          14   0.0000000000000000        0.0000000000000000     
          85          14   0.0000000000000000        0.0000000000000000     
          90          14   0.0000000000000000        0.0000000000000000     
          95          14   0.0000000000000000        0.0000000000000000     
           0          15   0.0000000000000000        0.0000000000000000     
           5          15   0.0000000000000000        0.0000000000000000     
          10          15   0.0000000000000000        0.0000000000000000     
          15          15   0.0000000000000000        0.0000000000000000     
          20          15   0.0000000000000000        0.0000000000000000     
          25          15   0.0000000000000000        0.0000000000000000     
          30          15   0.0000000000000000        0.0000000000000000     
          35          15   0.0000000000000000        0.0000000000000000     
          40          15   0.0000000000000000        0.0000000000000000     
          45          15   0.0000000000000000        0.0000000000000000     
          50          15   0.0000000000000000        0.0000000000000000     
          55          15   0.0000000000000000        0.0000000000000000     
          60          15   0.0000000000000000        0.0000000000000000     
          65          15   0.0000000000000000        0.0000000000000000     
          70          15   0.0000000000000000        0.0000000000000000     
          75          15   0.0000000000000000        0.0000000000000000     
          80          15   0.0000000000000000        0.0000000000000000     
          85          15   0.0000000000000000        0.0000000000000000     
          90          15   0.0000000000000000        0.0000000000000000     
          95          15   0.0000000000000000        0.0000000000000000     
           0          16   0.0000000000000000        0.0000000000000000     
           5          16   0.0000000000000000        0.0000000000000000     
          10          16   0.0000000000000000        0.0000000000000000     
          15          16   0.0000000000000000        0.0000000000000000     
          20          16   0.0000000000000000        0.0000000000000000     
          25          16   0.0000000000000000        0.0000000000000000     
          30          16   0.0000000000000000        0.0000000000000000     
          35          16   0.0000000000000000        0.0000000000000000     
          40          16   0.0000000000000000        0.0000000000000000     
          45          16   0.0000000000000000        0.0000000000000000     
          50          16   0.0000000000000000        0.0000000000000000     
          55          16   0.0000000000000000        0.0000000000000000     
          60          16   0.0000000000000000        0.0000000000000000     
          65          16   0.0000000000000000        0.0000000000000000     
          70          16   0.0000000000000000        0.0000000000000000     
          75          16   0.0000000000000000        0.0000000000000000     
          80          16   0.0000000000000000        0.0000000000000000     
          85          16   0.0000000000000000        0.0000000000000000     
          90          16   0.0000000000000000        0.0000000000000000     
          95          16   0.0000000000000000        0.0000000000000000     
