           0           0   0.0000000000000000        0.0000000000000000     
           5           0   0.0000000000000000        0.0000000000000000     
          10           0   0.0000000000000000        0.0000000000000000     
          15           0   0.0000000000000000        0.0000000000000000     
          20           0   0.0000000000000000        0.0000000000000000     
          25           0   0.0000000000000000        0.0000000000000000     
          30           0   0.0000000000000000        0.0000000000000000     
          35           0   0.0000000000000000        0.0000000000000000     
          40           0   0.0000000000000000        0.0000000000000000     
          45           0   0.0000000000000000        0.0000000000000000     
          50           0   0.0000000000000000        0.0000000000000000     
          55           0   0.0000000000000000        0.0000000000000000     
          60           0   0.0000000000000000        0.0000000000000000     
          65           0   0.0000000000000000        0.0000000000000000     
          70           0   0.0000000000000000        0.0000000000000000     
          75           0   0.0000000000000000        0.0000000000000000     
          80           0   0.0000000000000000        0.0000000000000000     
          85           0   0.0000000000000000        0.0000000000000000     
          90           0   0.0000000000000000        0.0000000000000000     
          95           0   0.0000000000000000        0.0000000000000000     
           0           1  -1.5960899744688062       0.47365070923288677     
           5           1 -0.59407831711766335       0.82424443345607834     
          10           1  -2.1820991303478365       -5.8451761385525103E-002
          15           1  -2.7582152056471188       0.37399220394140897     
          20           1  -1.7228223120113739       -1.1588639885606877     
          25           1 -0.66966594074457930        1.5096957904148223     
          30           1 -0.29524669230340805       -1.3614599585864973     
          35           1  -1.9888778998122802      -0.87863336589610874     
          40           1  -1.7578979097265801       0.10577617679863316     
          45           1  -1.9706865113278127       0.45574170136619685     
          50           1  -1.7158026984276376       0.11766989622574719     
          55           1  -1.0576033232112536       0.49278857570667078     
          60           1  -1.0038880452967192       0.19436163393393713     
          65           1 -0.57196391821889847       0.44223798333020703     
          70           1  -2.8183278159588099       -2.2577198006779042     
          75           1  -1.9172606080530841       -2.5308312426863822E-002
          80           1  -1.5277865143303870      -0.65488750777054072     
          85           1  -1.5077604388835653       0.48993833375754470     
          90           1  -1.8626315468850407       0.72433110092084974     
          95           1  -2.3038405831243836       0.59569357560351754     
           0           2  -1.7445563042080281       -2.1298179472029055     
           5           2  -1.6236660460222652       0.15777435416586272     
          10           2 -0.79703922601481736       0.12214574962809976     
          15           2  0.40878390728416036       0.53282157682854603     
          20           2  0.32192191376623214        6.9912118194626061E-002
          25           2  -1.5504238191965669       0.84663383830507755     
          30           2 -0.59528547028619982       -1.6240832416225537     
          35           2  -2.2792948392336143        1.6727737599864234     
          40           2  -3.7745706622871467        1.4799023755895924     
          45           2  -2.6053775616929897       -2.1781365599427005     
          50           2  -2.4651543762033157       0.38646509497475279     
          55           2  -2.1680236123344798       -2.4518439122078739     
          60           2  -1.1320377180723540       0.58590773748257163     
          65           2 -0.76764144907315313      -0.31204672970241987     
          70           2  -4.6307417954949415       -1.5880254272349070     
          75           2  -2.0350807805868953        1.4977159006446250     
          80           2  -2.3076712570713198       0.19460823538652861     
          85           2 -0.78380469517469464       0.53959687004612178     
          90           2  -3.6585933540322912      -0.71207275256446323     
          95           2  -3.8573072480119208        1.1349171561314542     
           0           3  -5.2148673454727179       -3.3788918024169057     
           5           3  -2.9889758134338251       -2.8618812960434781     
          10           3  -6.2155104971139963       0.36921848583171268     
          15           3  -4.4510516255868993       0.99332479883473823     
          20           3  -7.2686978771407951       0.22122913108768572     
          25           3  -4.5508447595743462       -1.0911943925351331     
          30           3  -6.1669356816018706        1.1007364492865435     
          35           3   0.0000000000000000        0.0000000000000000     
          40           3  -6.5959582788366333      -0.87863586973879748     
          45           3  -5.6409762483156101       -1.4106615659748023     
          50           3  -3.8375646986565926       0.95355728353618829     
          55           3  -5.8392452060473943      -0.38739788234432027     
          60           3  -4.4855351224626361      -0.40527607740870053     
          65           3  -6.2794212514916126       -1.8596073616028441     
          70           3  -5.2459504591695350       -1.0785039825234044     
          75           3  -4.0759132817669297        1.0344146223206785     
          80           3  -4.4152338359282339       -1.2559999160988156     
          85           3  -3.8040545871353970      -0.20672837414137391     
          90           3  -5.1861832027100263      -0.81372425569492535     
          95           3  -5.1644759377467153        1.8830732602914679     
           0           4  -6.7389944038225709       0.29164215713084474     
           5           4  -5.9686877442199915       -1.4889656715455502     
          10           4  -6.0144832785624658       0.31675678410447716     
          15           4  -5.0674196084976586        1.6412033823209882     
          20           4  -6.0474031430679531      -0.17667074065474964     
          25           4  -7.2923063431140633      -0.85564981231467385     
          30           4  -5.9713625250346070      -0.35640309898443689     
          35           4  -6.5022203158093816       0.51406462870939862     
          40           4  -4.5888012504846643       0.86183020490793183     
          45           4  -6.3214502058173139      -0.76971474996412326     
          50           4  -9.0380385807975472        1.0505497544111009     
          55           4  -7.9047523950492860      -0.38676218081068470     
          60           4  -6.9458748849626772      -0.89420831640207865     
          65           4  -8.2733797394496378       -1.1179697364172014     
          70           4  -5.5017456249117913       0.25971849638484201     
          75           4  -6.5380641946433116       -1.0715097864677503     
          80           4  -6.1871374353472675       0.77001237476448381     
          85           4  -5.6634833701707521       -2.4619988299656725     
          90           4  -12.504616393727019       0.83508930186049213     
          95           4  -4.9036512690037171       0.21948229762536187     
           0           5  -8.6913474518590661        2.5466609108582006     
           5           5   0.0000000000000000        0.0000000000000000     
          10           5  -6.9253304645222613        2.2271497571901833     
          15           5  -8.7540031509014682       0.46113395531843793     
          20           5  -8.2326969503476732        2.2905280275908879     
          25           5  -9.4834693531531400      -0.27758616917505918     
          30           5  -8.4653413349933260      -0.61101688297870993     
          35           5  -6.9837934557170911        1.0857404987918429     
          40           5  -7.7595324172818891      -0.90656107818443132     
          45           5  -8.4906440908127934       -1.0178104583458136     
          50           5  -9.0699630223411987       0.21665885984401001     
          55           5  -8.8590945354738437       0.15722390413586140     
          60           5  -8.1722701261810471      -0.70243689572091483     
          65           5  -9.2742892636010765      -0.65482699346919304     
          70           5  -11.274460066630354       -1.3716081252423962     
          75           5  -6.9936395710357147       -2.4925554086152601     
          80           5  -7.5034119744543659        2.5745212264549622     
          85           5  -7.2824130703708079       -1.2479652981722822     
          90           5  -10.051796198524698       -4.4642266758820881E-002
          95           5   0.0000000000000000        0.0000000000000000     
           0           6  -11.613652528358886       -1.1587040371763280     
           5           6  -9.6188943294128748       -2.6867729535862139     
          10           6  -10.254168997789748        1.4320655949928707     
          15           6  -9.2212003840419499       -1.8163563540829486     
          20           6  -7.7248683344954827      -0.84635816762546057     
          25           6  -10.197413779380327       -1.2014455796238721     
          30           6  -7.8033351762663017       0.89845452859282915     
          35           6  -8.7416914849569594        1.8241882002278942     
          40           6  -7.6711766273973581       -1.3774454744064357     
          45           6  -8.4004229916700979       0.10116292158190987     
          50           6  -9.3245187284196618       0.51522135434911576     
          55           6  -8.4073207661816696       -1.7195252566670760     
          60           6  -8.9185086453369422      -0.77156576802739352     
          65           6  -9.6554711578278329       -1.0499117067519492     
          70           6  -9.5483031010701325      -0.10818370933307619     
          75           6   0.0000000000000000        0.0000000000000000     
          80           6  -20.530303767003488      -0.48907363745076537     
          85           6  -8.1908272272812610        1.0009466154947688     
          90           6  -10.420029866793357       -1.2595233422763030     
          95           6  -12.051323721919971      -0.26589344602090392     
           0           7  -11.486481687380534       0.14293169001700079     
           5           7  -25.045806006804838        1.7308047822695016     
          10           7  -10.489642757214312        1.5619041351522256     
          15           7  -8.4126460400923975      -0.90319076845535307     
          20           7   0.0000000000000000        0.0000000000000000     
          25           7  -10.553431848059347       -2.2625195447734114     
          30           7  -13.000335321979861       0.58454503525151580     
          35           7  -22.565390234419169        5.4581691369071095     
          40           7  -9.6724566889605512       0.98230970660306838     
          45           7  -10.882623973529348      -0.71305510901620295     
          50           7  -10.187168566773153       -2.3281485495063592     
          55           7  -11.648815213263219       0.57686815322366414     
          60           7  -10.448147627002413      -0.41173133305871801     
          65           7  -12.709149352758686       -1.7589111842619687     
          70           7  -22.253449178037954      -0.50358249442439273     
          75           7  -13.657815061378642      -0.73896714617216475     
          80           7  -12.101277693830070       -1.0240013541507054     
          85           7  -11.796211668126944      -0.40437260766967853     
          90           7  -11.917840297570592       -1.3841116784574226     
          95           7  -11.368487859257925       0.41995706218322937     
           0           8   0.0000000000000000        0.0000000000000000     
           5           8  -15.221748025009418      -0.14672932485026990     
          10           8  -13.268108618937902        1.6770426506518277     
          15           8  -11.502527320885747       0.42504544957466805     
          20           8  -13.306595824520429       0.67378714563304243     
          25           8  -13.603039202951805       -2.8644300018143554     
          30           8  -12.550435359397483       -1.1584064622560675     
          35           8  -15.543790645224931      -0.19974087402729879     
          40           8  -12.461700399910569        1.7004282947752358     
          45           8  -13.708064164390521       0.19094325015345248     
          50           8  -14.124237222148395        1.4548974628958433     
          55           8  -12.327330806485293       0.69221332397617630     
          60           8  -12.904170386462965        1.3406309967400887     
          65           8   0.0000000000000000        0.0000000000000000     
          70           8  -13.224929621316051      -0.61299692218241830     
          75           8  -12.853989363037499      -0.82007611933221369     
          80           8  -14.063360220433196      -0.20893780604325229     
          85           8  -13.866685252992283      -0.56800446177618369     
          90           8  -13.111522520716790      -0.51794214835254593     
          95           8  -13.700245506100828       0.74282507904754880     
           0           9  -14.081177216506147        1.4884573752382835     
           5           9  -13.739182320202659        1.6228813849394896     
          10           9  -12.465328408151066        1.2757279139563593     
          15           9   0.0000000000000000        0.0000000000000000     
          20           9   0.0000000000000000        0.0000000000000000     
          25           9  -15.684169490004507       -1.1718905039970196     
          30           9  -13.891959158858214      -0.13191165495030077     
          35           9   0.0000000000000000        0.0000000000000000     
          40           9  -16.047737796398565        1.8678323781529116     
          45           9  -13.638371653286185       0.29971426450003946     
          50           9  -12.932586513514366        2.2353125421759046     
          55           9  -14.027552448538927       0.43725113279435845     
          60           9  -16.901163144780185      -0.12899523294862547     
          65           9   0.0000000000000000        0.0000000000000000     
          70           9  -14.967103163030515      -0.54955150458724233     
          75           9  -13.388203309432356       0.29650996365759852     
          80           9  -14.925660224491821        1.3374010507050116     
          85           9  -26.494718411456120       0.28370931353549622     
          90           9  -14.922430773225415       -1.4913242217673428     
          95           9  -15.026491465590652       -2.2944448122608208     
           0          10  -15.578014674620944        1.3975466649363000     
           5          10   0.0000000000000000        0.0000000000000000     
          10          10   0.0000000000000000        0.0000000000000000     
          15          10  -14.875831595393407       0.51056682377037532     
          20          10   0.0000000000000000        0.0000000000000000     
          25          10   0.0000000000000000        0.0000000000000000     
          30          10  -15.502093649626403      -0.53382393375045467     
          35          10  -16.974702512655426        1.2236893793726722     
          40          10   0.0000000000000000        0.0000000000000000     
          45          10  -15.767968250770537       0.86708677589086847     
          50          10  -14.428345979595747        1.4523106910857564     
          55          10  -14.696661983251147        1.0579891951145726     
          60          10  -15.955028508045643      -0.14623716433348477     
          65          10  -18.181552937193146       -1.6571282195165793     
          70          10   0.0000000000000000        0.0000000000000000     
          75          10  -15.453244206895533      -0.65035951394065705     
          80          10  -14.968181037176009       0.48664868684156204     
          85          10   0.0000000000000000        0.0000000000000000     
          90          10  -16.005691580147641        1.9139143880941845     
          95          10  -16.135945755735293       -1.9003777533477262     
           0          11   0.0000000000000000        0.0000000000000000     
           5          11  -15.432553707341867       -1.2274033669257278     
          10          11   0.0000000000000000        0.0000000000000000     
          15          11  -16.007568705198594       -8.4169352199126024E-003
          20          11  -14.874316204487315        1.0731585020629097     
          25          11   0.0000000000000000        0.0000000000000000     
          30          11  -21.102829820041080       -1.2150918125719556     
          35          11   0.0000000000000000        0.0000000000000000     
          40          11  -16.355494226942824        3.6168998943253428     
          45          11   0.0000000000000000        0.0000000000000000     
          50          11  -18.477786400197260       -1.0854881285382589     
          55          11   0.0000000000000000        0.0000000000000000     
          60          11  -16.466861895878537        3.8002663091063482     
          65          11   0.0000000000000000        0.0000000000000000     
          70          11  -17.596400073642826       0.86139360757186978     
          75          11  -15.619488825251437       0.15792982932083532     
          80          11  -16.453240057501262       0.90682973540978651     
          85          11  -16.254248819365102      -0.22054266937132638     
          90          11   0.0000000000000000        0.0000000000000000     
          95          11  -16.688361756251879       -1.1321754194248967     
           0          12   0.0000000000000000        0.0000000000000000     
           5          12   0.0000000000000000        0.0000000000000000     
          10          12   0.0000000000000000        0.0000000000000000     
          15          12  -17.628373786511276        6.6131186997608893E-002
          20          12   0.0000000000000000        0.0000000000000000     
          25          12   0.0000000000000000        0.0000000000000000     
          30          12  -19.107008946921411       -1.0268669988633405     
          35          12   0.0000000000000000        0.0000000000000000     
          40          12  -17.901382451839254        4.5962682844979952     
          45          12   0.0000000000000000        0.0000000000000000     
          50          12   0.0000000000000000        0.0000000000000000     
          55          12   0.0000000000000000        0.0000000000000000     
          60          12   0.0000000000000000        0.0000000000000000     
          65          12   0.0000000000000000        0.0000000000000000     
          70          12   0.0000000000000000        0.0000000000000000     
          75          12   0.0000000000000000        0.0000000000000000     
          80          12   0.0000000000000000        0.0000000000000000     
          85          12   0.0000000000000000        0.0000000000000000     
          90          12   0.0000000000000000        0.0000000000000000     
          95          12   0.0000000000000000        0.0000000000000000     
           0          13   0.0000000000000000        0.0000000000000000     
           5          13   0.0000000000000000        0.0000000000000000     
          10          13   0.0000000000000000        0.0000000000000000     
          15          13   0.0000000000000000        0.0000000000000000     
          20          13   0.0000000000000000        0.0000000000000000     
          25          13   0.0000000000000000        0.0000000000000000     
          30          13   0.0000000000000000        0.0000000000000000     
          35          13   0.0000000000000000        0.0000000000000000     
          40          13   0.0000000000000000        0.0000000000000000     
          45          13   0.0000000000000000        0.0000000000000000     
          50          13   0.0000000000000000        0.0000000000000000     
          55          13   0.0000000000000000        0.0000000000000000     
          60          13   0.0000000000000000        0.0000000000000000     
          65          13  -18.750861896705828       0.53880752782120567     
          70          13   0.0000000000000000        0.0000000000000000     
          75          13   0.0000000000000000        0.0000000000000000     
          80          13   0.0000000000000000        0.0000000000000000     
          85          13   0.0000000000000000        0.0000000000000000     
          90          13   0.0000000000000000        0.0000000000000000     
          95          13   0.0000000000000000        0.0000000000000000     
           0          14   0.0000000000000000        0.0000000000000000     
           5          14   0.0000000000000000        0.0000000000000000     
          10          14   0.0000000000000000        0.0000000000000000     
          15          14   0.0000000000000000        0.0000000000000000     
          20          14   0.0000000000000000        0.0000000000000000     
          25          14   0.0000000000000000        0.0000000000000000     
          30          14   0.0000000000000000        0.0000000000000000     
          35          14   0.0000000000000000        0.0000000000000000     
          40          14   0.0000000000000000        0.0000000000000000     
          45          14   0.0000000000000000        0.0000000000000000     
          50          14   0.0000000000000000        0.0000000000000000     
          55          14   0.0000000000000000        0.0000000000000000     
          60          14   0.0000000000000000        0.0000000000000000     
          65          14   0.0000000000000000        0.0000000000000000     
          70          14   0.0000000000000000        0.0000000000000000     
          75          14   0.0000000000000000        0.0000000000000000     
          80          14   0.0000000000000000        0.0000000000000000     
          85          14   0.0000000000000000        0.0000000000000000     
          90          14   0.0000000000000000        0.0000000000000000     
          95          14   0.0000000000000000        0.0000000000000000     
           0          15   0.0000000000000000        0.0000000000000000     
           5          15   0.0000000000000000        0.0000000000000000     
          10          15   0.0000000000000000        0.0000000000000000     
          15          15   0.0000000000000000        0.0000000000000000     
          20          15   0.0000000000000000        0.0000000000000000     
          25          15   0.0000000000000000        0.0000000000000000     
          30          15   0.0000000000000000        0.0000000000000000     
          35          15   0.0000000000000000        0.0000000000000000     
          40          15   0.0000000000000000        0.0000000000000000     
          45          15   0.0000000000000000        0.0000000000000000     
          50          15   0.0000000000000000        0.0000000000000000     
          55          15   0.0000000000000000        0.0000000000000000     
          60          15   0.0000000000000000        0.0000000000000000     
          65          15   0.0000000000000000        0.0000000000000000     
          70          15   0.0000000000000000        0.0000000000000000     
          75          15   0.0000000000000000        0.0000000000000000     
          80          15   0.0000000000000000        0.0000000000000000     
          85          15   0.0000000000000000        0.0000000000000000     
          90          15   0.0000000000000000        0.0000000000000000     
          95          15   0.0000000000000000        0.0000000000000000     
           0          16   0.0000000000000000        0.0000000000000000     
           5          16   0.0000000000000000        0.0000000000000000     
          10          16   0.0000000000000000        0.0000000000000000     
          15          16   0.0000000000000000        0.0000000000000000     
          20          16   0.0000000000000000        0.0000000000000000     
          25          16   0.0000000000000000        0.0000000000000000     
          30          16   0.0000000000000000        0.0000000000000000     
          35          16   0.0000000000000000        0.0000000000000000     
          40          16   0.0000000000000000        0.0000000000000000     
          45          16   0.0000000000000000        0.0000000000000000     
          50          16   0.0000000000000000        0.0000000000000000     
          55          16   0.0000000000000000        0.0000000000000000     
          60          16   0.0000000000000000        0.0000000000000000     
          65          16   0.0000000000000000        0.0000000000000000     
          70          16   0.0000000000000000        0.0000000000000000     
          75          16   0.0000000000000000        0.0000000000000000     
          80          16   0.0000000000000000        0.0000000000000000     
          85          16   0.0000000000000000        0.0000000000000000     
          90          16   0.0000000000000000        0.0000000000000000     
          95          16   0.0000000000000000        0.0000000000000000     
