           0           0   0.0000000000000000        0.0000000000000000     
           5           0   0.0000000000000000        0.0000000000000000     
          10           0   0.0000000000000000        0.0000000000000000     
          15           0   0.0000000000000000        0.0000000000000000     
          20           0   0.0000000000000000        0.0000000000000000     
          25           0   0.0000000000000000        0.0000000000000000     
          30           0   0.0000000000000000        0.0000000000000000     
          35           0   0.0000000000000000        0.0000000000000000     
          40           0   0.0000000000000000        0.0000000000000000     
          45           0   0.0000000000000000        0.0000000000000000     
          50           0   0.0000000000000000        0.0000000000000000     
          55           0   0.0000000000000000        0.0000000000000000     
          60           0   0.0000000000000000        0.0000000000000000     
          65           0   0.0000000000000000        0.0000000000000000     
          70           0   0.0000000000000000        0.0000000000000000     
          75           0   0.0000000000000000        0.0000000000000000     
          80           0   0.0000000000000000        0.0000000000000000     
          85           0   0.0000000000000000        0.0000000000000000     
          90           0   0.0000000000000000        0.0000000000000000     
          95           0   0.0000000000000000        0.0000000000000000     
           0           1  0.18419519239309956       -1.1129146201460660     
           5           1  -3.5156293955918017       -1.9165261662335009     
          10           1  -2.5965530209948184       0.19697116130701353     
          15           1  -2.2569405503247708        7.7656056988173461E-002
          20           1  -2.0913736629246671       -1.4221624878929529     
          25           1  -2.4434392814853823      -0.92497598482066401     
          30           1  -4.5332737540348944       -2.2461390120342983     
          35           1  -2.1458008223973479      -0.12000544039492134     
          40           1  -3.1281454858600455       -2.0619126540644128     
          45           1  -2.2511329789409729       0.13140021941082658     
          50           1  -1.5020476823224271      -0.63941337623663053     
          55           1  -1.9218095179596162        1.1121718148654480E-002
          60           1  -1.5341988849826294      -0.84605221131961450     
          65           1 -0.71010545035221639        5.7484410953545506E-003
          70           1 -0.13114497726007812       0.22091411571611985     
          75           1 -0.53495054878283099      -0.18636899224544479     
          80           1  -6.1185963389220888E-002  0.20611500005540684     
          85           1  -1.6624725908798155        1.1508480839506063     
          90           1  0.62775791043634399       0.48752083852798833     
          95           1  -1.6435634286438017        2.4278244955533435     
           0           2  -5.6585726601356132       0.38522368039917154     
           5           2  -3.5766887649302248        9.1250989053826004E-003
          10           2  -3.0777480971444504      -0.30369436959665208     
          15           2  -2.1745868789757594      -0.15373668295515230     
          20           2  -2.6672483956780013      -0.33589435229908204     
          25           2  -2.1560006809906440      -0.12510100955820391     
          30           2  -2.7928540948529701       0.13914438968365417     
          35           2  -2.8324115701394703       0.19469859344978246     
          40           2  -3.3645096207379765      -0.29705365925059013     
          45           2  -3.5031048021494371      -0.53119256720579600     
          50           2  -2.3344524692703317       0.11198788323119047     
          55           2  -2.3484319309474699       0.59431035349444272     
          60           2  -2.7316353985185060      -0.11524975346954847     
          65           2  -1.3127779871524581       0.71623011143495674     
          70           2 -0.60990464071153383       0.54156860755050218     
          75           2 -0.44703167986881454       0.53706047913548716     
          80           2  -2.5055148334729438       -5.3406941666889196E-002
          85           2  -1.5429719295667610       -6.6859560166054877E-002
          90           2  -1.8424745798739650        1.7168265609912581     
          95           2  -3.5745410963983204       0.35953446592129623     
           0           3  -4.6017004769000058       0.16835802095771513     
           5           3  -5.1558909448345958       0.40900835946322545     
          10           3  -3.2653348456790354      -0.48929186996948815     
          15           3  -2.6541011499503497       0.43260571530145953     
          20           3  -2.0275551843873529       0.51028453276869001     
          25           3  -2.9995892773904131       0.39481379504824332     
          30           3  -2.6451133184579589       0.20947732578546763     
          35           3  -2.5116165587490968       0.27795125632001927     
          40           3  -3.2797500547587788       0.16036295193089245     
          45           3  -3.6235314510690841       0.68839450515500999     
          50           3  -2.6233543663778391        1.3633438303517487     
          55           3  -2.6983845129180395        5.5703416528274374E-002
          60           3  -2.5075512503036634       0.84118728665316667     
          65           3  -2.3046259028092209       0.69530050667898635     
          70           3  -4.1310721486809143      -0.70294466038900438     
          75           3  -3.5000538094465128        1.0114200334898626     
          80           3  -3.1833419163262988        1.2533965477579123     
          85           3  -1.6458929408713630       0.56579644216236957     
          90           3  -4.9615516599743614       0.15350875820496768     
          95           3  -3.8584229810112447        1.9082812562265516     
           0           4  -4.4623773059482286       0.73736286605008416     
           5           4  -4.4842903291364422       0.17801484239132748     
          10           4  -3.7865800038261455        8.3482854891236968E-002
          15           4  -3.8804160872274451       0.41611171816668957     
          20           4  -3.7978479698885792        1.1388309466964230     
          25           4  -6.1171340529853069      -0.60802703741202890     
          30           4   0.0000000000000000        0.0000000000000000     
          35           4  -2.3868755606315517       0.93069357055330926     
          40           4  -4.1024634701969376       0.31804049095196518     
          45           4  -4.0932932753179330       0.72503304993976059     
          50           4  -1.8742936979165847        1.3146599208102572     
          55           4  -3.2039866661648375       0.74176991386121216     
          60           4  -3.2405080873587622        1.3149414067958887     
          65           4  -3.7795501138759846       0.62071003846142503     
          70           4  -4.6006459534453370       -9.0681560274141759E-002
          75           4  -5.5091805928952908        1.3607193429576725     
          80           4  -4.7175106400487721       0.41946518421820400     
          85           4  -4.1717709814292903      -0.27747864218330420     
          90           4  -5.5246063951841506        1.2005950581306379     
          95           4  -4.6570796633460532       0.78957325893469488     
           0           5  -5.0650695139817232       0.95663755254715710     
           5           5  -5.3685967098093812       0.73938305666931825     
          10           5  -4.9252668474064620        3.4455311497261221E-002
          15           5  -4.1318700905179639       0.25678805934070681     
          20           5  -5.1574586028557690      -0.75627734164473992     
          25           5  -10.911441300240909       -1.7954526098007406     
          30           5  -5.4793581909784450        2.8657187409741880E-002
          35           5  -5.4198599058707941       0.40020195438028594     
          40           5  -5.9867666678314890       0.62456739408744966     
          45           5  -6.0805331679603114       0.92140104585691773     
          50           5  -5.2847710865222552      -0.73528885565554702     
          55           5  -5.1811648386035358       0.36616379868181781     
          60           5  -8.9826543425530758        2.6720368739585609     
          65           5  -3.5526475988945094      -0.40152708144614024     
          70           5  -7.2925893240238793       0.85905996165536180     
          75           5  -8.1605090066716457        9.8888926030049618E-002
          80           5  -6.4075020937792715        1.4073773644618370     
          85           5  -6.3604205811884640       -1.2134966095223021     
          90           5  -5.7480134550758066      -0.67643557474017513     
          95           5  -11.178235879896192       -9.7225363107078522E-002
           0           6  -4.8650597260280204        2.9992981809146002     
           5           6  -5.5495894098100962       -9.4833520387638259E-002
          10           6  -5.7815503063629592       0.73935192511864756     
          15           6  -9.8414727851814376        3.8393181859230907     
          20           6  -11.535668695863421       -2.0678999191581227     
          25           6  -6.6371295842593270      -0.77885612921324565     
          30           6  -11.963071788567703      -0.69732401882127704     
          35           6  -5.6899864535608913      -0.21017821824731442     
          40           6  -8.0392522612271478      -0.16603495074818397     
          45           6  -5.8251999475089633        1.0445460403873952     
          50           6  -4.7874265911929115      -0.67198728767703386     
          55           6  -8.9378514576665680        1.1577400329043641     
          60           6  -4.3635183619272766        1.1840628290427091     
          65           6  -5.6290962460536775        1.0491194843931240     
          70           6  -6.0849853340272375       0.21135393803550784     
          75           6  -6.7400765384206807       -1.3760917206351309     
          80           6  -6.0874474297634151        2.1213555305310550     
          85           6  -6.4892036080266280        5.6717274654616290E-003
          90           6  -12.441720228082431       -1.4956820236999846     
          95           6  -4.8941483757403148      -0.16470759312436911     
           0           7  -13.329984902413493        2.4355868695469240     
           5           7  -5.1140989209708110      -0.83586351178333018     
          10           7  -6.9337233308708335        1.0370816021110230     
          15           7  -7.3493105626720734        1.0773801519192716     
          20           7  -7.0047516126159337      -0.70066066894636236     
          25           7  -7.0009119890102056       0.29382167223257483     
          30           7  -6.4039332299792306        4.4248655144407678E-002
          35           7  -12.243672816829587        1.5178019760675454     
          40           7  -6.6683669424705272        1.5865445627794017     
          45           7  -6.6305522229015423        1.2942659464210138     
          50           7  -10.602153512522250       -2.2844892541984407     
          55           7  -4.6514662922092498        1.1675803255339900     
          60           7  -4.2055608309965464        1.6832466399607782     
          65           7  -6.0502971047071696       0.52134329162623061     
          70           7  -6.0625362991117981       0.54333319722932316     
          75           7  -5.5707501198298814        7.2937351984769805E-002
          80           7   0.0000000000000000        0.0000000000000000     
          85           7  -6.3769586040507420       0.44410303691844177     
          90           7   0.0000000000000000        0.0000000000000000     
          95           7   0.0000000000000000        0.0000000000000000     
           0           8  -7.9828540292345425        1.9419549350452314     
           5           8  -6.3454573920029844        1.0775935252205215     
          10           8  -8.4559898587244220       0.11788560957626260     
          15           8  -6.8259045884300207       0.44737828349461495     
          20           8  -7.4165715433061052      -0.35936998166619105     
          25           8  -7.2834010616240619       -2.4397949035126487     
          30           8  -8.5139381658372315       0.18731037501495962     
          35           8  -9.3314758836271494       0.22955826654680322     
          40           8  -8.2071763213065196        2.3925915899170036     
          45           8  -8.3229218472524735       -1.4075648015321462     
          50           8  -8.5180094277603757      -0.25235225187714150     
          55           8  -7.1655017493554851       0.60978668328992569     
          60           8   0.0000000000000000        0.0000000000000000     
          65           8  -7.5166724907660409        2.0866955261134024     
          70           8  -6.5156038613167766      -0.86168944282150051     
          75           8  -6.8529594270216876       0.36573514785587236     
          80           8  -7.4001171515192254      -0.80258629141738425     
          85           8  -6.8867003216155354       0.50391524249349118     
          90           8  -8.0497220909592215       -1.1275835603719031     
          95           8  -7.3282654950190818       -1.0087467300845532     
           0           9  -7.6163554119967891        1.2236960899159044     
           5           9  -8.1779490136746347       0.67125453883321029     
          10           9  -9.8745083647777676      -0.32335381320081069     
          15           9  -7.8242896724045607       0.73576845725398243     
          20           9  -9.4987400503576680       0.21686141613130872     
          25           9  -9.3326867025567140       -1.5774884872143957     
          30           9  -10.520744670312610       0.81834343491848927     
          35           9  -9.8917585093261096       0.77589862092608541     
          40           9  -8.4696809229001246       0.89696678422512832     
          45           9  -7.7116547306843586       -1.1096707462066036     
          50           9   0.0000000000000000        0.0000000000000000     
          55           9  -7.9528343206192176        1.3237654035513913     
          60           9  -7.4492826423266933       0.59727787538932375     
          65           9  -7.8417025945043406        1.2401913277670928     
          70           9  -8.4374216076810171       0.98332127789646506     
          75           9  -7.7552946441983295       -9.1142574518698893E-002
          80           9  -8.7999273300454206      -0.30498826777858312     
          85           9  -7.4789585291057392      -0.33102246607796815     
          90           9   0.0000000000000000        0.0000000000000000     
          95           9  -8.4634870981403765       -1.9203883462637350     
           0          10   0.0000000000000000        0.0000000000000000     
           5          10  -9.5345197326723863       0.92388391689901539     
          10          10   0.0000000000000000        0.0000000000000000     
          15          10   0.0000000000000000        0.0000000000000000     
          20          10   0.0000000000000000        0.0000000000000000     
          25          10   0.0000000000000000        0.0000000000000000     
          30          10  -12.874146152039856       -1.1589370548037436     
          35          10  -9.4543099545063569       0.37421888926303382     
          40          10  -8.9966537166930038        2.3077872431898072     
          45          10  -8.1015981396603820       -1.0452944701633271     
          50          10  -10.075977527606028       0.52458680094957799     
          55          10   0.0000000000000000        0.0000000000000000     
          60          10  -9.2721275228768718       0.50260305808791372     
          65          10  -6.6024779840745396        1.2633692395525031     
          70          10  -6.5092395657018187       0.47957492784078681     
          75          10  -8.7592078503462290       0.25704621650746162     
          80          10  -9.3588727835935970       0.25609257770398131     
          85          10  -9.0351394821652775      -0.78347897542130340     
          90          10  -9.4080471183133341       0.58012748708868855     
          95          10  -9.0780736006479401      -0.69207813988114708     
           0          11   0.0000000000000000        0.0000000000000000     
           5          11   0.0000000000000000        0.0000000000000000     
          10          11   0.0000000000000000        0.0000000000000000     
          15          11   0.0000000000000000        0.0000000000000000     
          20          11   0.0000000000000000        0.0000000000000000     
          25          11   0.0000000000000000        0.0000000000000000     
          30          11   0.0000000000000000        0.0000000000000000     
          35          11   0.0000000000000000        0.0000000000000000     
          40          11  -11.261754959974724       0.82834969173717354     
          45          11   0.0000000000000000        0.0000000000000000     
          50          11  -8.4632085310687444       0.52922122135257155     
          55          11   0.0000000000000000        0.0000000000000000     
          60          11   0.0000000000000000        0.0000000000000000     
          65          11  -9.5097825368384292        2.3766793120216789E-002
          70          11   0.0000000000000000        0.0000000000000000     
          75          11   0.0000000000000000        0.0000000000000000     
          80          11   0.0000000000000000        0.0000000000000000     
          85          11   0.0000000000000000        0.0000000000000000     
          90          11   0.0000000000000000        0.0000000000000000     
          95          11   0.0000000000000000        0.0000000000000000     
           0          12   0.0000000000000000        0.0000000000000000     
           5          12   0.0000000000000000        0.0000000000000000     
          10          12   0.0000000000000000        0.0000000000000000     
          15          12   0.0000000000000000        0.0000000000000000     
          20          12   0.0000000000000000        0.0000000000000000     
          25          12   0.0000000000000000        0.0000000000000000     
          30          12   0.0000000000000000        0.0000000000000000     
          35          12   0.0000000000000000        0.0000000000000000     
          40          12   0.0000000000000000        0.0000000000000000     
          45          12   0.0000000000000000        0.0000000000000000     
          50          12   0.0000000000000000        0.0000000000000000     
          55          12   0.0000000000000000        0.0000000000000000     
          60          12   0.0000000000000000        0.0000000000000000     
          65          12   0.0000000000000000        0.0000000000000000     
          70          12   0.0000000000000000        0.0000000000000000     
          75          12   0.0000000000000000        0.0000000000000000     
          80          12   0.0000000000000000        0.0000000000000000     
          85          12   0.0000000000000000        0.0000000000000000     
          90          12   0.0000000000000000        0.0000000000000000     
          95          12   0.0000000000000000        0.0000000000000000     
           0          13   0.0000000000000000        0.0000000000000000     
           5          13   0.0000000000000000        0.0000000000000000     
          10          13   0.0000000000000000        0.0000000000000000     
          15          13   0.0000000000000000        0.0000000000000000     
          20          13   0.0000000000000000        0.0000000000000000     
          25          13   0.0000000000000000        0.0000000000000000     
          30          13   0.0000000000000000        0.0000000000000000     
          35          13   0.0000000000000000        0.0000000000000000     
          40          13   0.0000000000000000        0.0000000000000000     
          45          13   0.0000000000000000        0.0000000000000000     
          50          13   0.0000000000000000        0.0000000000000000     
          55          13   0.0000000000000000        0.0000000000000000     
          60          13   0.0000000000000000        0.0000000000000000     
          65          13   0.0000000000000000        0.0000000000000000     
          70          13   0.0000000000000000        0.0000000000000000     
          75          13   0.0000000000000000        0.0000000000000000     
          80          13   0.0000000000000000        0.0000000000000000     
          85          13   0.0000000000000000        0.0000000000000000     
          90          13   0.0000000000000000        0.0000000000000000     
          95          13   0.0000000000000000        0.0000000000000000     
           0          14   0.0000000000000000        0.0000000000000000     
           5          14   0.0000000000000000        0.0000000000000000     
          10          14   0.0000000000000000        0.0000000000000000     
          15          14   0.0000000000000000        0.0000000000000000     
          20          14   0.0000000000000000        0.0000000000000000     
          25          14   0.0000000000000000        0.0000000000000000     
          30          14   0.0000000000000000        0.0000000000000000     
          35          14   0.0000000000000000        0.0000000000000000     
          40          14   0.0000000000000000        0.0000000000000000     
          45          14   0.0000000000000000        0.0000000000000000     
          50          14   0.0000000000000000        0.0000000000000000     
          55          14   0.0000000000000000        0.0000000000000000     
          60          14   0.0000000000000000        0.0000000000000000     
          65          14   0.0000000000000000        0.0000000000000000     
          70          14   0.0000000000000000        0.0000000000000000     
          75          14   0.0000000000000000        0.0000000000000000     
          80          14   0.0000000000000000        0.0000000000000000     
          85          14   0.0000000000000000        0.0000000000000000     
          90          14   0.0000000000000000        0.0000000000000000     
          95          14   0.0000000000000000        0.0000000000000000     
           0          15   0.0000000000000000        0.0000000000000000     
           5          15   0.0000000000000000        0.0000000000000000     
          10          15   0.0000000000000000        0.0000000000000000     
          15          15   0.0000000000000000        0.0000000000000000     
          20          15   0.0000000000000000        0.0000000000000000     
          25          15   0.0000000000000000        0.0000000000000000     
          30          15   0.0000000000000000        0.0000000000000000     
          35          15   0.0000000000000000        0.0000000000000000     
          40          15   0.0000000000000000        0.0000000000000000     
          45          15   0.0000000000000000        0.0000000000000000     
          50          15   0.0000000000000000        0.0000000000000000     
          55          15   0.0000000000000000        0.0000000000000000     
          60          15   0.0000000000000000        0.0000000000000000     
          65          15   0.0000000000000000        0.0000000000000000     
          70          15   0.0000000000000000        0.0000000000000000     
          75          15   0.0000000000000000        0.0000000000000000     
          80          15   0.0000000000000000        0.0000000000000000     
          85          15   0.0000000000000000        0.0000000000000000     
          90          15   0.0000000000000000        0.0000000000000000     
          95          15   0.0000000000000000        0.0000000000000000     
           0          16   0.0000000000000000        0.0000000000000000     
           5          16   0.0000000000000000        0.0000000000000000     
          10          16   0.0000000000000000        0.0000000000000000     
          15          16   0.0000000000000000        0.0000000000000000     
          20          16   0.0000000000000000        0.0000000000000000     
          25          16   0.0000000000000000        0.0000000000000000     
          30          16   0.0000000000000000        0.0000000000000000     
          35          16   0.0000000000000000        0.0000000000000000     
          40          16   0.0000000000000000        0.0000000000000000     
          45          16   0.0000000000000000        0.0000000000000000     
          50          16   0.0000000000000000        0.0000000000000000     
          55          16   0.0000000000000000        0.0000000000000000     
          60          16   0.0000000000000000        0.0000000000000000     
          65          16   0.0000000000000000        0.0000000000000000     
          70          16   0.0000000000000000        0.0000000000000000     
          75          16   0.0000000000000000        0.0000000000000000     
          80          16   0.0000000000000000        0.0000000000000000     
          85          16   0.0000000000000000        0.0000000000000000     
          90          16   0.0000000000000000        0.0000000000000000     
          95          16   0.0000000000000000        0.0000000000000000     
