           0           0   0.0000000000000000        0.0000000000000000     
           5           0   0.0000000000000000        0.0000000000000000     
          10           0   0.0000000000000000        0.0000000000000000     
          15           0   0.0000000000000000        0.0000000000000000     
          20           0   0.0000000000000000        0.0000000000000000     
          25           0   0.0000000000000000        0.0000000000000000     
          30           0   0.0000000000000000        0.0000000000000000     
          35           0   0.0000000000000000        0.0000000000000000     
          40           0   0.0000000000000000        0.0000000000000000     
          45           0   0.0000000000000000        0.0000000000000000     
          50           0   0.0000000000000000        0.0000000000000000     
          55           0   0.0000000000000000        0.0000000000000000     
          60           0   0.0000000000000000        0.0000000000000000     
          65           0   0.0000000000000000        0.0000000000000000     
          70           0   0.0000000000000000        0.0000000000000000     
          75           0   0.0000000000000000        0.0000000000000000     
          80           0   0.0000000000000000        0.0000000000000000     
          85           0   0.0000000000000000        0.0000000000000000     
          90           0   0.0000000000000000        0.0000000000000000     
          95           0   0.0000000000000000        0.0000000000000000     
           0           1   2.0174525274302413       -5.3943030111436308     
           5           1  -1.1806334971131704        1.3305954424547295     
          10           1   2.0713964504537330        4.0753900835244217     
          15           1  -4.9329234660255850        3.9403207596544476     
          20           1  0.14251785254160154       -2.0939030299982342     
          25           1   5.8753958067292444        5.2606432038937445     
          30           1   1.8065461420313511        6.5226652644234662     
          35           1  -3.9708859512188610      -0.95724658454754419     
          40           1  -2.0228576416769783      -0.92130673303714161     
          45           1  -4.8372525040463188        1.7893822553483041     
          50           1   0.0000000000000000        0.0000000000000000     
          55           1  -7.7180601911663871        1.0402021866329214     
          60           1   0.0000000000000000        0.0000000000000000     
          65           1  -2.6412156590538416        1.3501885955735649     
          70           1   4.6180033625375927        4.2339934952773106     
          75           1  0.28172245023938558        5.5699952429111299     
          80           1   0.0000000000000000        0.0000000000000000     
          85           1  -3.3305222723356565        2.1563343046415717     
          90           1   1.5478441837046830        4.6106375277688016     
          95           1  -3.2142807201296364        3.6131924865845377     
           0           2  -11.972020826679085       -3.2374142800084549     
           5           2  -7.5973988237576506       -1.9311049277503933     
          10           2  -5.6858433730333502        3.8982630981032607     
          15           2   0.0000000000000000        0.0000000000000000     
          20           2  -8.3427420987725043      -0.42524603436122632     
          25           2  -6.1538232772839763       -2.4631614041870087     
          30           2   0.0000000000000000        0.0000000000000000     
          35           2  0.41759924563677941        1.4422584226614354     
          40           2  -5.8047391316762287        2.2959398466482206     
          45           2  -13.712613024878806        4.8323787254389572     
          50           2  -7.0477363868448606       -1.0662770983760339     
          55           2 -0.39455294533752294        1.8863052881745723     
          60           2  -11.788486349288974       0.13091811160714784     
          65           2  -5.3408279394773217        2.3271871347163575     
          70           2   0.0000000000000000        0.0000000000000000     
          75           2  -6.1374060811658637        7.8802105239650366     
          80           2  -15.271716608111774        2.0846751751246728     
          85           2  -7.2572710102747351      -0.26160186919144124     
          90           2  -6.5237410215956970        1.7286378759995280     
          95           2  -9.3027136836099089        1.3712282321476366     
           0           3   0.0000000000000000        0.0000000000000000     
           5           3  -15.190570164622663       -1.9466007405655184     
          10           3   0.0000000000000000        0.0000000000000000     
          15           3  -11.235321415554722       -2.2818404747382282     
          20           3  -3.1477691981685041        3.4572521244435883     
          25           3  -12.392627467079365       -1.6067507002981429     
          30           3  -2.5157369626249704        1.9623445944838558     
          35           3   0.0000000000000000        0.0000000000000000     
          40           3  -9.7777333381543485        4.9518467153819579     
          45           3   0.0000000000000000        0.0000000000000000     
          50           3  -6.0252841156938075       -2.4297289203745187     
          55           3  -8.5396061030706960        1.2810234825999522     
          60           3  -14.522309250502019       -5.0355076294383849     
          65           3  -14.532692537869707       0.37996778810667209     
          70           3   0.0000000000000000        0.0000000000000000     
          75           3  -6.6055930223285486        6.4853046571000661     
          80           3  -10.813043108726106       -2.1892238768317362     
          85           3  -8.0019513650597673      -0.52120137585598414     
          90           3   0.0000000000000000        0.0000000000000000     
          95           3  -10.619588230866839       -1.9111731976084734     
           0           4  -9.5503788834794268        1.6045711335843649     
           5           4   0.0000000000000000        0.0000000000000000     
          10           4  -9.7983903032350383       -3.3237365987659473     
          15           4  -12.341284727304114       -2.2558436839670293     
          20           4  -12.678658133875587        5.3849845351727765E-002
          25           4  -10.524692883411291       -1.7016145562953611     
          30           4  -25.772557306762423        1.6964595561486107     
          35           4  -15.689353764720693       -3.4426441176105271     
          40           4   0.0000000000000000        0.0000000000000000     
          45           4  -12.334522181731700       -2.9046798260567996     
          50           4  -10.358512244224016       -2.6001821854881868     
          55           4  -10.336799418979581        1.7734297771676566     
          60           4  -13.614292053105714       0.23789570194221454     
          65           4  -12.887454167298529       0.43563011388858541     
          70           4  -13.527790011096386        2.0433788896490057E-002
          75           4  -13.970953345676662       -3.4249233413108371     
          80           4  -13.355816247013763       -1.9409579359175311     
          85           4  -15.424032912960683      -0.32188319372128404     
          90           4  -12.449150401749876       -1.4885013174170680     
          95           4  -13.716051733041468        1.9068196333416054     
           0           5  -14.561092265260589        1.0578759343493616     
           5           5  -12.057150957489604       0.38116232947249529     
          10           5  -16.039241603591492       -3.4042409064705126     
          15           5  -15.503409465580376        1.7116302421316121     
          20           5   0.0000000000000000        0.0000000000000000     
          25           5   0.0000000000000000        0.0000000000000000     
          30           5   0.0000000000000000        0.0000000000000000     
          35           5  -16.261139702216099       -3.3133131923746006     
          40           5  -15.608519731031834       0.13990249429607360     
          45           5  -14.098174391286022       -3.3262369760622690     
          50           5  -18.364711004537071       -4.7461631041612051     
          55           5  -15.073439174813075        2.1704793691368351     
          60           5  -20.733470873821602      -0.93791385445296527     
          65           5   0.0000000000000000        0.0000000000000000     
          70           5  -12.333050497801423        1.0744126200279425     
          75           5  -16.574456823690298       -6.3205052580928012     
          80           5  -15.652778006369772        1.2839943419651334     
          85           5  -15.404486948540352        2.5594481822599491     
          90           5  -12.079671159455074       -1.1539668237547929     
          95           5  -17.239504849726472        5.9995908068266601E-002
           0           6  -17.061284399892127        7.6790941789939282     
           5           6   0.0000000000000000        0.0000000000000000     
          10           6  -20.113374143324592       -3.1655020254239830     
          15           6  -15.540392551578464        1.6542671965424915     
          20           6  -17.002300021413674       -3.5813155875397129     
          25           6  -15.990387943016771        1.1361706390955462     
          30           6  -15.576875147793601      -0.95685439640114112     
          35           6  -21.608096681617894        1.2876712197629203     
          40           6  -17.752382980447123       -2.9710522700865383     
          45           6  -19.649489598521086      -0.22971636268298568     
          50           6  -16.359593537700334       -1.3720551379625689     
          55           6  -13.296148373491690        2.3061144166502956     
          60           6  -35.469869781010743      -0.83354916674771573     
          65           6  -17.683050921846188       -2.6113131007354795     
          70           6  -17.831692361340856      -0.67547170222947983     
          75           6  -21.643016355952227       -2.5992357100079744     
          80           6  -21.825739130818533      -0.12637168969487078     
          85           6   0.0000000000000000        0.0000000000000000     
          90           6  -18.255607397179574      -0.60591295275802537     
          95           6  -18.205233448895797       -1.0100725855100023     
           0           7  -24.760528391375296       -1.8187855718254653     
           5           7  -19.287903883911106        5.8751144342439332     
          10           7  -22.939277340139341       -4.0827626065231826     
          15           7  -19.237268961056486        3.6680089934781890     
          20           7  -25.350578203511276       -1.9486191044704171     
          25           7  -21.298324037406502      -0.19136281513620901     
          30           7  -16.898350088840886       -1.0250309999593199     
          35           7  -17.781670230547775       -2.0705682221722199     
          40           7  -18.549760935044901       -3.7723585717541752     
          45           7   0.0000000000000000        0.0000000000000000     
          50           7  -24.802336040963269      -0.36269885716588846     
          55           7  -24.367795867874520       -1.0061803784244816     
          60           7  -21.230033274761695        1.0684064418198247     
          65           7  -20.137438775549299      -0.81333385919091228     
          70           7   0.0000000000000000        0.0000000000000000     
          75           7  -24.729739124680350       -2.6799853512038396     
          80           7   0.0000000000000000        0.0000000000000000     
          85           7   0.0000000000000000        0.0000000000000000     
          90           7  -19.192733612953816       -2.0175325897175966     
          95           7  -19.118826061088612       -4.8073565799278128E-002
           0           8   0.0000000000000000        0.0000000000000000     
           5           8  -23.022495798890041       0.59555495052876495     
          10           8  -24.702101820111011       -2.3234363851365458     
          15           8   0.0000000000000000        0.0000000000000000     
          20           8  -21.779788862890115       -5.4321747633423456E-002
          25           8  -21.684265669623670        1.0733818020547403     
          30           8  -20.610303764510007       0.92750212030701107     
          35           8  -23.533890580225147      -0.47292741099269620     
          40           8  -23.353466467739281      -0.40648285759559144     
          45           8  -21.279225526598111       0.53862534534765416     
          50           8  -19.262014029663987      -0.74884240952144410     
          55           8  -22.772238461428174       -1.2369262359257505     
          60           8   0.0000000000000000        0.0000000000000000     
          65           8  -23.748947218393823       -1.2289146129162987     
          70           8  -23.073204581010032       -2.3354924113050402     
          75           8   0.0000000000000000        0.0000000000000000     
          80           8   0.0000000000000000        0.0000000000000000     
          85           8  -20.628087976177767       0.76206475519313699     
          90           8  -47.427788153626693        2.2645011605781917     
          95           8   0.0000000000000000        0.0000000000000000     
           0           9  -21.282708432245332      -0.81128460648116629     
           5           9  -27.622958316269042       -2.7042309064206904     
          10           9  -22.584518873038917       0.58899874920470552     
          15           9  -28.161808569091562       -1.3577933589736801     
          20           9   0.0000000000000000        0.0000000000000000     
          25           9  -24.227342765712478       0.10692957894242738     
          30           9  -24.299315455795778       0.62017085332044530     
          35           9  -23.438116273482024        1.2035573437430003     
          40           9  -28.176150101444364       -3.2407222340147257     
          45           9  -23.362290137640684        2.1836769833605274     
          50           9  -23.955406240219190       -2.8470903688848637     
          55           9  -22.605669572826059       -1.1608600375723199     
          60           9  -24.976394750666486       0.15455798063612747     
          65           9  -21.679498939448649       -1.0439119247429574     
          70           9   0.0000000000000000        0.0000000000000000     
          75           9  -27.548912058534825       -2.4008732313340886     
          80           9  -19.757313567652091        2.3447658991315734     
          85           9  -22.869329689569895       -2.4591512497984525     
          90           9  -22.838315185538249        2.4825309328768697     
          95           9  -23.444780248524921        2.2398444062510237     
           0          10  -27.446778410449014       -1.7345684623748525     
           5          10  -28.420550354719687        2.1097869490560583     
          10          10  -29.024278147957716        1.3443668830070976     
          15          10   0.0000000000000000        0.0000000000000000     
          20          10   0.0000000000000000        0.0000000000000000     
          25          10  -25.153297851421286      -0.54470402256256989     
          30          10   0.0000000000000000        0.0000000000000000     
          35          10  -24.584621007619489        1.7584114508473192     
          40          10  -26.211227442232143       -3.4902447576889983     
          45          10  -30.363674885904857       -3.2003819409887058     
          50          10   0.0000000000000000        0.0000000000000000     
          55          10  -31.056440997261348       -4.2487953700032222     
          60          10  -24.193242991330521        1.6901594667650954     
          65          10  -27.077762728850985        2.5984545709611950     
          70          10  -25.706770465347972       -3.1876058120516859     
          75          10   0.0000000000000000        0.0000000000000000     
          80          10   0.0000000000000000        0.0000000000000000     
          85          10  -26.511608044899049       0.90332288859684695     
          90          10  -22.561609882956191       -2.5427826424717637     
          95          10  -30.398840328729193       -1.8772877137429589     
           0          11  -30.882519360338375        1.3566686722477073     
           5          11   0.0000000000000000        0.0000000000000000     
          10          11   0.0000000000000000        0.0000000000000000     
          15          11   0.0000000000000000        0.0000000000000000     
          20          11   0.0000000000000000        0.0000000000000000     
          25          11  -31.664466947365355      -0.80775235900887310     
          30          11  -22.184272377128167        2.2726965189967530     
          35          11  -25.782140273733489       -2.6735845696279625     
          40          11  -30.528407864025553       -1.1878012942290184     
          45          11   0.0000000000000000        0.0000000000000000     
          50          11  -27.761216603749972       0.80260522762998221     
          55          11   0.0000000000000000        0.0000000000000000     
          60          11  -25.311956764397792        1.3602979835525275     
          65          11   0.0000000000000000        0.0000000000000000     
          70          11  -29.761922321398515        2.7207683031171825     
          75          11  -26.586092955653839      -0.66273005817407693     
          80          11  -29.080109493406781      -0.73887708143871578     
          85          11  -27.301620395121518       -1.7276271472432825     
          90          11   0.0000000000000000        0.0000000000000000     
          95          11  -28.669049275720226      -0.78542145086402115     
           0          12   0.0000000000000000        0.0000000000000000     
           5          12  -31.071505866093752      -0.65415480298369744     
          10          12   0.0000000000000000        0.0000000000000000     
          15          12   0.0000000000000000        0.0000000000000000     
          20          12  -28.820812507195370       0.94005717587108961     
          25          12   0.0000000000000000        0.0000000000000000     
          30          12   0.0000000000000000        0.0000000000000000     
          35          12  -30.736624069902518      -0.15922390975475764     
          40          12   0.0000000000000000        0.0000000000000000     
          45          12  -32.163027216611795      -0.81739121403856529     
          50          12  -34.780625783596975       -2.1813044102181323     
          55          12  -33.233041726035140       -4.4482993958716577     
          60          12   0.0000000000000000        0.0000000000000000     
          65          12   0.0000000000000000        0.0000000000000000     
          70          12  -25.303584975091553      -0.89955498518534682     
          75          12  -31.247922137680462       -1.3324537305159367     
          80          12   0.0000000000000000        0.0000000000000000     
          85          12  -26.405830925142482        4.5348031729730565     
          90          12  -30.489579532684274       -3.3229338815665699     
          95          12   0.0000000000000000        0.0000000000000000     
           0          13  -28.991753830192867        2.3400395390105189     
           5          13   0.0000000000000000        0.0000000000000000     
          10          13  -30.362474803506956        1.3646265403188806     
          15          13   0.0000000000000000        0.0000000000000000     
          20          13   0.0000000000000000        0.0000000000000000     
          25          13  -35.660946753051093       0.14415638611708914     
          30          13  -35.761412256487546        1.3897875012780503     
          35          13   0.0000000000000000        0.0000000000000000     
          40          13   0.0000000000000000        0.0000000000000000     
          45          13   0.0000000000000000        0.0000000000000000     
          50          13  -31.934579335981539        1.0497033065348660     
          55          13  -31.773792500828790       -4.0433513480486738     
          60          13   0.0000000000000000        0.0000000000000000     
          65          13   0.0000000000000000        0.0000000000000000     
          70          13   0.0000000000000000        0.0000000000000000     
          75          13  -32.960834764992342        1.5080212633655776     
          80          13   0.0000000000000000        0.0000000000000000     
          85          13  -29.477474183181585        1.3748185388173795     
          90          13   0.0000000000000000        0.0000000000000000     
          95          13   0.0000000000000000        0.0000000000000000     
           0          14   0.0000000000000000        0.0000000000000000     
           5          14  -30.440031408658363        1.0632163672852357     
          10          14   0.0000000000000000        0.0000000000000000     
          15          14  -31.729132482407607       -3.0592042026889033     
          20          14   0.0000000000000000        0.0000000000000000     
          25          14  -30.964524185552733       0.59469433141501327     
          30          14   0.0000000000000000        0.0000000000000000     
          35          14  -31.136638514439596      -0.64934725033438667     
          40          14   0.0000000000000000        0.0000000000000000     
          45          14   0.0000000000000000        0.0000000000000000     
          50          14   0.0000000000000000        0.0000000000000000     
          55          14  -32.911839450520119       -1.1800414538498671     
          60          14   0.0000000000000000        0.0000000000000000     
          65          14   0.0000000000000000        0.0000000000000000     
          70          14  -31.378873666056961        1.8147269853585613     
          75          14   0.0000000000000000        0.0000000000000000     
          80          14   0.0000000000000000        0.0000000000000000     
          85          14   0.0000000000000000        0.0000000000000000     
          90          14  -31.254138018965705        2.8809280234298740     
          95          14   0.0000000000000000        0.0000000000000000     
           0          15   0.0000000000000000        0.0000000000000000     
           5          15   0.0000000000000000        0.0000000000000000     
          10          15   0.0000000000000000        0.0000000000000000     
          15          15   0.0000000000000000        0.0000000000000000     
          20          15   0.0000000000000000        0.0000000000000000     
          25          15   0.0000000000000000        0.0000000000000000     
          30          15   0.0000000000000000        0.0000000000000000     
          35          15   0.0000000000000000        0.0000000000000000     
          40          15   0.0000000000000000        0.0000000000000000     
          45          15  -33.124490720979338      -0.67860547657616621     
          50          15   0.0000000000000000        0.0000000000000000     
          55          15   0.0000000000000000        0.0000000000000000     
          60          15   0.0000000000000000        0.0000000000000000     
          65          15   0.0000000000000000        0.0000000000000000     
          70          15   0.0000000000000000        0.0000000000000000     
          75          15   0.0000000000000000        0.0000000000000000     
          80          15   0.0000000000000000        0.0000000000000000     
          85          15   0.0000000000000000        0.0000000000000000     
          90          15   0.0000000000000000        0.0000000000000000     
          95          15   0.0000000000000000        0.0000000000000000     
           0          16   0.0000000000000000        0.0000000000000000     
           5          16   0.0000000000000000        0.0000000000000000     
          10          16   0.0000000000000000        0.0000000000000000     
          15          16   0.0000000000000000        0.0000000000000000     
          20          16   0.0000000000000000        0.0000000000000000     
          25          16   0.0000000000000000        0.0000000000000000     
          30          16   0.0000000000000000        0.0000000000000000     
          35          16   0.0000000000000000        0.0000000000000000     
          40          16   0.0000000000000000        0.0000000000000000     
          45          16   0.0000000000000000        0.0000000000000000     
          50          16   0.0000000000000000        0.0000000000000000     
          55          16   0.0000000000000000        0.0000000000000000     
          60          16   0.0000000000000000        0.0000000000000000     
          65          16   0.0000000000000000        0.0000000000000000     
          70          16   0.0000000000000000        0.0000000000000000     
          75          16   0.0000000000000000        0.0000000000000000     
          80          16   0.0000000000000000        0.0000000000000000     
          85          16   0.0000000000000000        0.0000000000000000     
          90          16   0.0000000000000000        0.0000000000000000     
          95          16   0.0000000000000000        0.0000000000000000     
