           0           0   0.0000000000000000        0.0000000000000000     
           5           0   0.0000000000000000        0.0000000000000000     
          10           0   0.0000000000000000        0.0000000000000000     
          15           0   0.0000000000000000        0.0000000000000000     
          20           0   0.0000000000000000        0.0000000000000000     
          25           0   0.0000000000000000        0.0000000000000000     
          30           0   0.0000000000000000        0.0000000000000000     
          35           0   0.0000000000000000        0.0000000000000000     
          40           0   0.0000000000000000        0.0000000000000000     
          45           0   0.0000000000000000        0.0000000000000000     
          50           0   0.0000000000000000        0.0000000000000000     
          55           0   0.0000000000000000        0.0000000000000000     
          60           0   0.0000000000000000        0.0000000000000000     
          65           0   0.0000000000000000        0.0000000000000000     
          70           0   0.0000000000000000        0.0000000000000000     
          75           0   0.0000000000000000        0.0000000000000000     
          80           0   0.0000000000000000        0.0000000000000000     
          85           0   0.0000000000000000        0.0000000000000000     
          90           0   0.0000000000000000        0.0000000000000000     
          95           0   0.0000000000000000        0.0000000000000000     
           0           1   0.0000000000000000        0.0000000000000000     
           5           1  -2.6393739379937387        3.9036379517354280     
          10           1  0.85340381017928735       -4.1199537542913056     
          15           1  -7.8970804901246083      -0.57946473259407050     
          20           1 -0.15683851149361772        1.7197201751317781     
          25           1  -1.2672705690697228      -0.81405591110250697     
          30           1  -3.8873843655018447       0.41570159869941392     
          35           1  -1.6955137472507431        2.7968233301089995     
          40           1   0.0000000000000000        0.0000000000000000     
          45           1  -3.7927202770760005      -0.79091483559112774     
          50           1  -5.2620525393720641      -0.76366365458158114     
          55           1   1.1107792690268070        5.0911631714312122     
          60           1  -6.5250169592445673       0.17389872135176176     
          65           1  -6.4481181907893870       0.60933073277480432     
          70           1   0.0000000000000000        0.0000000000000000     
          75           1  -8.1508760544579673       -2.5996573184561278     
          80           1   0.0000000000000000        0.0000000000000000     
          85           1  -6.5625226358179134       0.92683419407491030     
          90           1  -6.5880422148012485        2.2370441342145497     
          95           1  -4.7963419284258180       -1.6693737287920563     
           0           2  -9.9600573909461296       -3.5835231488334784     
           5           2  -10.151903362958237        3.6932999131922273     
          10           2   0.0000000000000000        0.0000000000000000     
          15           2   0.0000000000000000        0.0000000000000000     
          20           2  -16.040375617532021       -10.201702846923677     
          25           2  -7.3547140450003212        4.6581062028061559     
          30           2  -4.2235549060087862        1.9290761531709499     
          35           2  -10.521180148970188       -3.6152534831113137     
          40           2  -6.8615558823381662        4.1554925160203204     
          45           2  -4.8750434317668123       -2.6233458290048084     
          50           2  -11.984067512891272       -6.2294212714308905     
          55           2  -7.0296739180975010        3.2075220309057961     
          60           2   0.0000000000000000        0.0000000000000000     
          65           2  -7.8743768663258606        3.9857510722751677     
          70           2  -5.6350238027391697       -2.8356670571239029     
          75           2  -3.5787203906068044        4.0187357321141981     
          80           2  -7.3614128253041144        7.1462035705538440     
          85           2  -4.8925474113303835       -5.0608413784036799     
          90           2   0.0000000000000000        0.0000000000000000     
          95           2  -5.7704819570147947       -1.3944573781898839     
           0           3  -13.179768177010823        2.7630487819796379     
           5           3  -7.6285580245771811        5.1098665713200653     
          10           3  -9.1487332720596726        1.5813967514133331     
          15           3  -8.0618241800944901        1.8372575472502817     
          20           3   0.0000000000000000        0.0000000000000000     
          25           3  -8.8928468117721593        4.5829195686830637     
          30           3  -8.3038591222184266        5.0307221159662241     
          35           3   0.0000000000000000        0.0000000000000000     
          40           3  -13.973563443414605       0.86670390170739964     
          45           3  -11.144019850739539       -2.0121892315239087     
          50           3  -9.3637098204624181        4.9177686165524648E-002
          55           3  -13.061478803315651       0.73227534020725571     
          60           3  -15.910843155353405        3.7104590727432551     
          65           3  -11.334747042468507        7.3114614976743653     
          70           3  -14.212453370276990       -8.3380441279401474     
          75           3  -8.3640521536665347      -0.62993166885183527     
          80           3   0.0000000000000000        0.0000000000000000     
          85           3   0.0000000000000000        0.0000000000000000     
          90           3  -11.411382574877393        18.101411771460629     
          95           3  -7.9919674931261397        2.3148309598286509     
           0           4  -13.848488359292643       -1.8174543833415768     
           5           4  -17.492849596014715        4.8772364618310249     
          10           4   0.0000000000000000        0.0000000000000000     
          15           4  -14.466035671141242      -0.98904084859352537     
          20           4  -16.613623145271816       -4.5035591564035471     
          25           4   0.0000000000000000        0.0000000000000000     
          30           4  -17.164333419028566        5.4920324245388841     
          35           4  -11.353571291650155       0.90654278327217952     
          40           4  -18.716391544018052       -1.4460426061013720E-002
          45           4   0.0000000000000000        0.0000000000000000     
          50           4   0.0000000000000000        0.0000000000000000     
          55           4  -23.004769028744931       -4.1513612003418743     
          60           4  -16.055938288630500        3.7527853013363810     
          65           4  -16.942650434188522       0.15019735156052150     
          70           4  -9.9021092130158195      -0.57431385025008552     
          75           4  -11.127183973655974        3.3587465792317417     
          80           4  -16.757714841162397        2.2772413403648883     
          85           4  -8.5691457503855872        1.8231093903464668     
          90           4   0.0000000000000000        0.0000000000000000     
          95           4  -16.431371280845042        7.1423151045690858     
           0           5  -18.014028924892845       -1.9511098433655505     
           5           5   0.0000000000000000        0.0000000000000000     
          10           5  -16.880398113050532       -5.3331390540334311     
          15           5  -24.233983991308605       -2.8805846628676690     
          20           5  -21.274839024503223       -1.4904479957822403     
          25           5  -17.246776650612361        3.5751097379721486     
          30           5   0.0000000000000000        0.0000000000000000     
          35           5   0.0000000000000000        0.0000000000000000     
          40           5  -11.569445531804945        4.3426180836325656     
          45           5  -22.962183986656726       -2.9605735971438563     
          50           5  -14.587663479943558       -3.9948162057212855     
          55           5  -23.683096502793433      -0.69896890201537332     
          60           5   0.0000000000000000        0.0000000000000000     
          65           5  -19.684809509925572       -2.6894493636708816     
          70           5  -16.053560298132652       0.55843438213631913     
          75           5   0.0000000000000000        0.0000000000000000     
          80           5  -22.680391358420593       -2.9729625740371191     
          85           5  -17.374600930963879      -0.46201103216514383     
          90           5  -21.622150574245325        2.8756452197242766E-003
          95           5  -18.745920143530270       -4.1932816994849631     
           0           6  -18.215071916611869        1.1733025851201617     
           5           6  -21.616332792873116       -1.5988668697053399     
          10           6  -21.694203958251279       -2.0675963586791468     
          15           6  -23.324620523403894       0.99582015325783146     
          20           6  -21.626019088909487        3.0087324207839217     
          25           6  -21.642524889831094        1.9898047436495148     
          30           6  -17.371618845896108        6.5594400383117701     
          35           6   0.0000000000000000        0.0000000000000000     
          40           6  -24.271729945013476       -3.8668589450940871     
          45           6  -43.771848608358255        2.9054385643156877     
          50           6   0.0000000000000000        0.0000000000000000     
          55           6  -25.560886061342103       -3.5654515548655397     
          60           6  -17.994313293741016        6.1495200287220442     
          65           6  -16.832672613418254       0.91709201807343987     
          70           6  -27.056301110306435      -0.98111805510114891     
          75           6   0.0000000000000000        0.0000000000000000     
          80           6  -19.746111447602743        2.5159714016664836     
          85           6  -24.735765682919464       -1.1910876892029520     
          90           6  -19.382365720304051       -4.0656293540797250     
          95           6  -23.050316598585141       -1.6227298476723107     
           0           7   0.0000000000000000        0.0000000000000000     
           5           7  -22.400603628596194       -1.4748794382724029     
          10           7  -21.488584787547893       -2.0242502458822642     
          15           7  -27.520941596019810        4.6742479817618587     
          20           7   0.0000000000000000        0.0000000000000000     
          25           7   0.0000000000000000        0.0000000000000000     
          30           7  -26.464081904844505       -5.5532544745728885     
          35           7  -21.918943942225155       0.53430411656396615     
          40           7  -26.873044657449441        6.0262055581183915E-002
          45           7  -23.974838369369422       0.48339726007373685     
          50           7  -28.454107748174806       0.96312638262485706     
          55           7   0.0000000000000000        0.0000000000000000     
          60           7  -21.850522637940628       -3.7608468801320072     
          65           7  -24.045925837299365       -1.7569002965300839     
          70           7   0.0000000000000000        0.0000000000000000     
          75           7  -48.001297784026065       -1.2585998406766663     
          80           7  -25.056013558568679       -2.0681888384110891E-002
          85           7   0.0000000000000000        0.0000000000000000     
          90           7  -20.419660859545274      -0.42828623729729287     
          95           7  -27.593112255743790       -2.6872377915143630     
           0           8  -27.875282569328473       -1.9825581624743904     
           5           8   0.0000000000000000        0.0000000000000000     
          10           8  -26.681971709514585       -2.2345894873865291     
          15           8  -23.636639455197894       0.26319785638051485     
          20           8  -27.445087729009998       -1.8999864975910441     
          25           8  -27.390599604562027      -0.63070687915001145     
          30           8  -24.322899493487427        3.1863512860752508     
          35           8  -26.260268806765907        2.3984061358817144     
          40           8  -24.697773052508865       -5.2944495472218023E-002
          45           8  -54.234980280156719        1.2983780346509377     
          50           8  -30.901127419014074       -5.8725477106946755     
          55           8   0.0000000000000000        0.0000000000000000     
          60           8   0.0000000000000000        0.0000000000000000     
          65           8  -29.458377717261897        2.7397947476970330     
          70           8  -27.647040518417043       -4.1721535388461461     
          75           8   0.0000000000000000        0.0000000000000000     
          80           8   0.0000000000000000        0.0000000000000000     
          85           8  -24.974995980926451       -1.5948234522333848     
          90           8   0.0000000000000000        0.0000000000000000     
          95           8   0.0000000000000000        0.0000000000000000     
           0           9  -29.795261469667544        2.6245848512296277     
           5           9   0.0000000000000000        0.0000000000000000     
          10           9  -31.123505371208893        3.4704885604774915     
          15           9  -27.042237497010291        1.3515497109928276     
          20           9  -30.483495598350174       -2.5394348596563532     
          25           9   0.0000000000000000        0.0000000000000000     
          30           9  -31.482069498043330       -1.5773588714296238     
          35           9   0.0000000000000000        0.0000000000000000     
          40           9  -24.424271288339128        6.7898343429817487     
          45           9   0.0000000000000000        0.0000000000000000     
          50           9  -29.987604841537063       -1.7371836541713037     
          55           9  -29.327592467183194        1.4092684430977442     
          60           9  -34.556469521440647       -2.0359719463858283     
          65           9  -34.698051825117204       -3.4866302200953214     
          70           9  -29.344152210057928       -5.6921771704487867     
          75           9  -22.538727691738814        3.1056359842729364     
          80           9  -25.798605924336471        1.3174848014241292     
          85           9   0.0000000000000000        0.0000000000000000     
          90           9  -27.163578057809445       -2.1852901707575256     
          95           9   0.0000000000000000        0.0000000000000000     
           0          10   0.0000000000000000        0.0000000000000000     
           5          10  -29.799691861689404       -1.6914902131048848     
          10          10  -28.912582646398732        3.5172053503984557     
          15          10  -31.273919700387509        1.5907005814064235     
          20          10  -33.272664203476410      -0.47508748343361162     
          25          10  -29.430426280523392       0.20654771454076126     
          30          10   0.0000000000000000        0.0000000000000000     
          35          10  -34.570204298773888      -0.76445112497935952     
          40          10   0.0000000000000000        0.0000000000000000     
          45          10   0.0000000000000000        0.0000000000000000     
          50          10  -32.868789659872277       -1.9756872421794469     
          55          10  -34.806236150899394        7.7533955860076276E-002
          60          10  -29.738683854247938        4.4448909597250008     
          65          10   0.0000000000000000        0.0000000000000000     
          70          10  -30.820460363685243       0.78255109141167623     
          75          10   0.0000000000000000        0.0000000000000000     
          80          10   0.0000000000000000        0.0000000000000000     
          85          10  -23.828801302130387      -0.91493144685372840     
          90          10  -32.273275466536688       -6.3953950357209521     
          95          10  -32.050935793392910        3.9693456881728650     
           0          11  -33.029586322952596       -1.6647441202266577     
           5          11  -36.718537101134707       -2.8740311961072962     
          10          11   0.0000000000000000        0.0000000000000000     
          15          11  -28.950482146754553       -1.2124554950787569     
          20          11   0.0000000000000000        0.0000000000000000     
          25          11  -32.134090566628970       0.92193726959344247     
          30          11   0.0000000000000000        0.0000000000000000     
          35          11  -35.013712344209580        2.0499143927033003     
          40          11   0.0000000000000000        0.0000000000000000     
          45          11  -32.171498094157869        4.7254439935429104     
          50          11  -33.441372329292562       0.56236174001966788     
          55          11   0.0000000000000000        0.0000000000000000     
          60          11  -34.391040451566823       -2.1328148290677973     
          65          11  -32.411573803940996       -3.9239674992508355     
          70          11  -37.192144828850360       -2.1742338081054413E-002
          75          11  -33.178387804326803       -1.4930995761552879     
          80          11  -30.307961327054045        3.7259478073714547     
          85          11  -29.933824068564263        2.8284822350244099     
          90          11   0.0000000000000000        0.0000000000000000     
          95          11   0.0000000000000000        0.0000000000000000     
           0          12  -37.081977468531413       0.10221442051872032     
           5          12  -40.349704486923876      -0.82101195548744954     
          10          12  -74.818021516556144       -2.4667614312079422     
          15          12   0.0000000000000000        0.0000000000000000     
          20          12  -32.716961224021901        2.5898018336967255     
          25          12  -32.504789631531139       -1.5426462752277104     
          30          12  -30.461668597236979       0.61008564053111058     
          35          12   0.0000000000000000        0.0000000000000000     
          40          12   0.0000000000000000        0.0000000000000000     
          45          12   0.0000000000000000        0.0000000000000000     
          50          12  -37.784554973114837       -4.7542579270754004     
          55          12  -37.716884864380518       -2.5332261897936803     
          60          12   0.0000000000000000        0.0000000000000000     
          65          12  -35.529055696628120        4.9967779892412523     
          70          12  -37.064893060261284       -3.6928212370312963     
          75          12  -34.250167108638152       -1.2920491317380822     
          80          12  -34.112985529901607       -1.0345962639490835     
          85          12  -33.210132990717511        1.7523217053572182     
          90          12   0.0000000000000000        0.0000000000000000     
          95          12  -38.288096151575246        1.8047582498859072     
           0          13   0.0000000000000000        0.0000000000000000     
           5          13   0.0000000000000000        0.0000000000000000     
          10          13   0.0000000000000000        0.0000000000000000     
          15          13   0.0000000000000000        0.0000000000000000     
          20          13   0.0000000000000000        0.0000000000000000     
          25          13  -39.490863782400965        2.1291402180345642     
          30          13   0.0000000000000000        0.0000000000000000     
          35          13   0.0000000000000000        0.0000000000000000     
          40          13   0.0000000000000000        0.0000000000000000     
          45          13   0.0000000000000000        0.0000000000000000     
          50          13   0.0000000000000000        0.0000000000000000     
          55          13  -35.362806245942124       -2.8040065867429576     
          60          13   0.0000000000000000        0.0000000000000000     
          65          13  -40.035768470829680       -1.4089647891246670     
          70          13   0.0000000000000000        0.0000000000000000     
          75          13  -36.468351315477321       0.54937381020359055     
          80          13  -35.693372608278651        8.3610327887839730E-002
          85          13  -36.270394901265490        2.1632862933707031     
          90          13  -33.323833595915175      -0.12222456204469268     
          95          13   0.0000000000000000        0.0000000000000000     
           0          14   0.0000000000000000        0.0000000000000000     
           5          14   0.0000000000000000        0.0000000000000000     
          10          14   0.0000000000000000        0.0000000000000000     
          15          14   0.0000000000000000        0.0000000000000000     
          20          14   0.0000000000000000        0.0000000000000000     
          25          14   0.0000000000000000        0.0000000000000000     
          30          14  -34.009340533796006        2.5105736642849763     
          35          14   0.0000000000000000        0.0000000000000000     
          40          14   0.0000000000000000        0.0000000000000000     
          45          14   0.0000000000000000        0.0000000000000000     
          50          14   0.0000000000000000        0.0000000000000000     
          55          14   0.0000000000000000        0.0000000000000000     
          60          14   0.0000000000000000        0.0000000000000000     
          65          14   0.0000000000000000        0.0000000000000000     
          70          14   0.0000000000000000        0.0000000000000000     
          75          14   0.0000000000000000        0.0000000000000000     
          80          14   0.0000000000000000        0.0000000000000000     
          85          14   0.0000000000000000        0.0000000000000000     
          90          14   0.0000000000000000        0.0000000000000000     
          95          14   0.0000000000000000        0.0000000000000000     
           0          15   0.0000000000000000        0.0000000000000000     
           5          15   0.0000000000000000        0.0000000000000000     
          10          15   0.0000000000000000        0.0000000000000000     
          15          15   0.0000000000000000        0.0000000000000000     
          20          15   0.0000000000000000        0.0000000000000000     
          25          15  -35.478968981141890       -1.7259535879787791     
          30          15   0.0000000000000000        0.0000000000000000     
          35          15   0.0000000000000000        0.0000000000000000     
          40          15   0.0000000000000000        0.0000000000000000     
          45          15   0.0000000000000000        0.0000000000000000     
          50          15   0.0000000000000000        0.0000000000000000     
          55          15   0.0000000000000000        0.0000000000000000     
          60          15   0.0000000000000000        0.0000000000000000     
          65          15   0.0000000000000000        0.0000000000000000     
          70          15   0.0000000000000000        0.0000000000000000     
          75          15   0.0000000000000000        0.0000000000000000     
          80          15  -35.767922491913851       -1.0612915370522558     
          85          15  -35.360399331665349        2.1153168196086369     
          90          15  -35.796072862552819        8.3763150395022024     
          95          15   0.0000000000000000        0.0000000000000000     
           0          16   0.0000000000000000        0.0000000000000000     
           5          16   0.0000000000000000        0.0000000000000000     
          10          16   0.0000000000000000        0.0000000000000000     
          15          16  -35.703588036550826       -2.4163646508412739     
          20          16   0.0000000000000000        0.0000000000000000     
          25          16   0.0000000000000000        0.0000000000000000     
          30          16   0.0000000000000000        0.0000000000000000     
          35          16   0.0000000000000000        0.0000000000000000     
          40          16   0.0000000000000000        0.0000000000000000     
          45          16   0.0000000000000000        0.0000000000000000     
          50          16   0.0000000000000000        0.0000000000000000     
          55          16   0.0000000000000000        0.0000000000000000     
          60          16   0.0000000000000000        0.0000000000000000     
          65          16   0.0000000000000000        0.0000000000000000     
          70          16   0.0000000000000000        0.0000000000000000     
          75          16   0.0000000000000000        0.0000000000000000     
          80          16   0.0000000000000000        0.0000000000000000     
          85          16   0.0000000000000000        0.0000000000000000     
          90          16   0.0000000000000000        0.0000000000000000     
          95          16   0.0000000000000000        0.0000000000000000     
