           1           1   0.0000000000000000     
           2           1   0.0000000000000000     
           3           1   0.0000000000000000     
           4           1   0.0000000000000000     
           5           1   0.0000000000000000     
           6           1   0.0000000000000000     
           7           1   0.0000000000000000     
           8           1   0.0000000000000000     
           9           1   0.0000000000000000     
          10           1   0.0000000000000000     
          11           1   0.0000000000000000     
          12           1   0.0000000000000000     
          13           1   0.0000000000000000     
          14           1   0.0000000000000000     
          15           1   0.0000000000000000     
          16           1   0.0000000000000000     
          17           1   0.0000000000000000     
          18           1   0.0000000000000000     
          19           1   0.0000000000000000     
          20           1   0.0000000000000000     
          21           1   0.0000000000000000     
          22           1   0.0000000000000000     
          23           1   0.0000000000000000     
          24           1   0.0000000000000000     
          25           1   0.0000000000000000     
          26           1   0.0000000000000000     
          27           1   0.0000000000000000     
          28           1   0.0000000000000000     
          29           1   0.0000000000000000     
          30           1   0.0000000000000000     
          31           1   0.0000000000000000     
          32           1   0.0000000000000000     
          33           1   0.0000000000000000     
          34           1   0.0000000000000000     
          35           1   0.0000000000000000     
          36           1   0.0000000000000000     
          37           1   0.0000000000000000     
          38           1   0.0000000000000000     
          39           1   0.0000000000000000     
          40           1   0.0000000000000000     
          41           1   0.0000000000000000     
          42           1   0.0000000000000000     
          43           1   0.0000000000000000     
          44           1   0.0000000000000000     
          45           1   0.0000000000000000     
          46           1   0.0000000000000000     
          47           1   0.0000000000000000     
          48           1   0.0000000000000000     
          49           1   0.0000000000000000     
           1           2   0.0000000000000000     
           2           2   0.0000000000000000     
           3           2   0.0000000000000000     
           4           2   0.0000000000000000     
           5           2   0.0000000000000000     
           6           2   0.0000000000000000     
           7           2   0.0000000000000000     
           8           2   0.0000000000000000     
           9           2   0.0000000000000000     
          10           2   0.0000000000000000     
          11           2   0.0000000000000000     
          12           2   0.0000000000000000     
          13           2   0.0000000000000000     
          14           2   0.0000000000000000     
          15           2   0.0000000000000000     
          16           2   0.0000000000000000     
          17           2   0.0000000000000000     
          18           2   0.0000000000000000     
          19           2   0.0000000000000000     
          20           2   0.0000000000000000     
          21           2   0.0000000000000000     
          22           2   0.0000000000000000     
          23           2   0.0000000000000000     
          24           2   0.0000000000000000     
          25           2   0.0000000000000000     
          26           2   0.0000000000000000     
          27           2   0.0000000000000000     
          28           2   0.0000000000000000     
          29           2   0.0000000000000000     
          30           2   0.0000000000000000     
          31           2   0.0000000000000000     
          32           2   0.0000000000000000     
          33           2   0.0000000000000000     
          34           2   0.0000000000000000     
          35           2   0.0000000000000000     
          36           2   0.0000000000000000     
          37           2   0.0000000000000000     
          38           2   0.0000000000000000     
          39           2   0.0000000000000000     
          40           2   0.0000000000000000     
          41           2   0.0000000000000000     
          42           2   0.0000000000000000     
          43           2   0.0000000000000000     
          44           2   0.0000000000000000     
          45           2   0.0000000000000000     
          46           2   0.0000000000000000     
          47           2   0.0000000000000000     
          48           2   0.0000000000000000     
          49           2   0.0000000000000000     
           1           3   0.0000000000000000     
           2           3   0.0000000000000000     
           3           3  0.62646829351012823     
           4           3  0.64681753433761502     
           5           3  0.62117618950265763     
           6           3  0.66278718222145205     
           7           3  0.64641569738348437     
           8           3  0.62131585894739483     
           9           3  0.62014424929556633     
          10           3  0.61777174985674477     
          11           3  0.62135137119952077     
          12           3  0.65769642916023197     
          13           3  0.63684709031120423     
          14           3  0.63936784053165852     
          15           3  0.66596622708664166     
          16           3  0.66262594216648829     
          17           3  0.63798774791976165     
          18           3  0.63765338447620012     
          19           3  0.63937563363801508     
          20           3  0.60777669035871729     
          21           3  0.63171962285891681     
          22           3  0.62929874549012843     
          23           3  0.62950664826840375     
          24           3  0.60396975093434213     
          25           3  0.62863145765264816     
          26           3  0.60754714000443033     
          27           3  0.58708983550065641     
          28           3  0.61884415578029905     
          29           3  0.59737556282588200     
          30           3  0.62193311366027204     
          31           3  0.61990069169318984     
          32           3  0.62692164783752469     
          33           3  0.62086126201765912     
          34           3  0.64563415451865214     
          35           3  0.64759478272569659     
          36           3  0.64903205686519216     
          37           3  0.63869036181305194     
          38           3  0.61049717003545523     
          39           3  0.61461744195520696     
          40           3  0.61164788877758369     
          41           3  0.61577517192549758     
          42           3  0.59308734756521431     
          43           3  0.62617521256199382     
          44           3  0.61742332115179177     
          45           3  0.66670623714564659     
          46           3  0.61082968373919411     
          47           3   0.0000000000000000     
          48           3   0.0000000000000000     
          49           3   0.0000000000000000     
           1           4   0.0000000000000000     
           2           4   0.0000000000000000     
           3           4  0.65342718922736032     
           4           4  0.62334509744495503     
           5           4  0.62793058417330738     
           6           4  0.67209600001802228     
           7           4  0.63139614193476878     
           8           4  0.63030451242702967     
           9           4  0.64904957763433013     
          10           4  0.62035120135853328     
          11           4  0.61937396343826112     
          12           4  0.63423073730037971     
          13           4  0.61198633655131252     
          14           4  0.61535581312803223     
          15           4  0.61623237443876855     
          16           4  0.61604409967175577     
          17           4  0.61450635116527341     
          18           4  0.63769006800028916     
          19           4  0.65774730081221522     
          20           4  0.65665299676772482     
          21           4  0.60782737127722153     
          22           4  0.60211414153274911     
          23           4  0.60225754640986773     
          24           4  0.58003195382856199     
          25           4  0.58294784467010263     
          26           4  0.63404175818309250     
          27           4  0.61423334583596545     
          28           4  0.59623299316948841     
          29           4  0.59777925112892905     
          30           4  0.59490345374696807     
          31           4  0.59935782914724556     
          32           4  0.62579140869374805     
          33           4  0.62578166395231982     
          34           4  0.67372956242285975     
          35           4  0.62656356764370680     
          36           4  0.62439583924920117     
          37           4  0.61948753217728159     
          38           4  0.58855266258514738     
          39           4  0.59177132489331452     
          40           4  0.59095351923839157     
          41           4  0.59120171953390743     
          42           4  0.58572230007458170     
          43           4  0.62093658247151529     
          44           4  0.59481812613280660     
          45           4  0.62017781030359620     
          46           4  0.62399687057566455     
          47           4   0.0000000000000000     
          48           4   0.0000000000000000     
          49           4   0.0000000000000000     
           1           5   0.0000000000000000     
           2           5   0.0000000000000000     
           3           5  0.59756602729812547     
           4           5  0.60165707214625042     
           5           5  0.63370215830172361     
           6           5  0.65744102175204544     
           7           5  0.64285145063764049     
           8           5  0.64030553488577391     
           9           5  0.63265042538226068     
          10           5  0.62655347982579268     
          11           5  0.62303336098218642     
          12           5  0.63487499946654458     
          13           5  0.61066224181647388     
          14           5  0.58933586245310432     
          15           5  0.59050600078654447     
          16           5  0.56627602647027708     
          17           5  0.56534815686044804     
          18           5  0.60827162907839805     
          19           5  0.60285822821083856     
          20           5  0.60326349366513177     
          21           5  0.60316697819986231     
          22           5  0.60330077671073190     
          23           5  0.61019736825743565     
          24           5  0.59407680767041271     
          25           5  0.61872769234309233     
          26           5  0.61992534417641554     
          27           5  0.59533530904638610     
          28           5  0.59600782142998654     
          29           5  0.59269015740517594     
          30           5  0.58771931956244772     
          31           5  0.61614571145729780     
          32           5  0.64520246128420278     
          33           5  0.64559298689784128     
          34           5  0.62193107311092455     
          35           5  0.59926112074084514     
          36           5  0.60185452554755126     
          37           5  0.62340053405551799     
          38           5  0.59624981170071800     
          39           5  0.61948857553609393     
          40           5  0.62194866852505859     
          41           5  0.61662562513780927     
          42           5  0.58625945688508430     
          43           5  0.58872117997393891     
          44           5  0.64079242447753293     
          45           5  0.61256668311262097     
          46           5  0.59285384601691249     
          47           5   0.0000000000000000     
          48           5   0.0000000000000000     
          49           5   0.0000000000000000     
           1           6   0.0000000000000000     
           2           6   0.0000000000000000     
           3           6  0.56765261736488781     
           4           6  0.55115967602611404     
           5           6  0.58058080000632972     
           6           6  0.60734634273641308     
           7           6  0.59711552931552325     
           8           6  0.59926064612660823     
           9           6  0.59208623412668926     
          10           6  0.59059817605574905     
          11           6  0.58447934326135553     
          12           6  0.62196917673458119     
          13           6  0.59117269295919994     
          14           6  0.59140844902512435     
          15           6  0.59096199821195849     
          16           6  0.56762835044628523     
          17           6  0.59083948718081969     
          18           6  0.56384015007919042     
          19           6  0.58768382897845672     
          20           6  0.59076361212300743     
          21           6  0.58830657379661722     
          22           6  0.56233760809373456     
          23           6  0.59037944585208380     
          24           6  0.59565455325909944     
          25           6  0.56139255068734506     
          26           6  0.58671677524878374     
          27           6  0.58396680654300581     
          28           6  0.58427820742268144     
          29           6  0.58184892941827582     
          30           6  0.57871806040030926     
          31           6  0.55948891607487494     
          32           6  0.58678472641942481     
          33           6  0.59021758334106089     
          34           6  0.59167299719655564     
          35           6  0.56997144443690473     
          36           6  0.59535137410922356     
          37           6  0.59620544802683029     
          38           6  0.59488139843099985     
          39           6  0.62173111908532475     
          40           6  0.62316982566540724     
          41           6  0.64380740288445537     
          42           6  0.58856506140331255     
          43           6  0.58729719804801805     
          44           6  0.58895838324726668     
          45           6  0.63113633688549275     
          46           6  0.61598529318317019     
          47           6   0.0000000000000000     
          48           6   0.0000000000000000     
          49           6   0.0000000000000000     
           1           7   0.0000000000000000     
           2           7   0.0000000000000000     
           3           7  0.54256934677593827     
           4           7  0.49904593601802272     
           5           7  0.52452088737423497     
           6           7  0.55233158670360982     
           7           7  0.55023659733475028     
           8           7  0.52391019356522150     
           9           7  0.51398572532063147     
          10           7  0.51336959664175741     
          11           7  0.53114883907803079     
          12           7  0.51463115148143079     
          13           7  0.51203345403917977     
          14           7  0.51026348284726319     
          15           7  0.50765523851909711     
          16           7  0.46146186352226409     
          17           7  0.45724573767030713     
          18           7  0.43212565885917598     
          19           7  0.48413649670316256     
          20           7  0.49127700482051823     
          21           7  0.48518537119792338     
          22           7  0.48645493870653345     
          23           7  0.53353380119541938     
          24           7  0.53287095977576304     
          25           7  0.52200237152023687     
          26           7  0.57417059267020831     
          27           7  0.57241870342284074     
          28           7  0.58018988429992147     
          29           7  0.60896735616588793     
          30           7  0.60849322668771844     
          31           7  0.58756274492441274     
          32           7  0.61696345190686575     
          33           7  0.61813042832433662     
          34           7  0.58946793442093903     
          35           7  0.56625868350220199     
          36           7  0.56689511629749512     
          37           7  0.56691887847011402     
          38           7  0.54118217226753174     
          39           7  0.54420130540827560     
          40           7  0.56976619562355391     
          41           7  0.59558818074803732     
          42           7  0.51323946739282233     
          43           7  0.53667472272908423     
          44           7  0.56322259426931742     
          45           7  0.58621093673632219     
          46           7  0.56601380108000932     
          47           7   0.0000000000000000     
          48           7   0.0000000000000000     
          49           7   0.0000000000000000     
           1           8   0.0000000000000000     
           2           8   0.0000000000000000     
           3           8  0.43243389701794649     
           4           8  0.41432308569808990     
           5           8  0.43939747227035397     
           6           8  0.44346455276462604     
           7           8  0.47152684745843260     
           8           8  0.39709333558095750     
           9           8  0.36430364717950825     
          10           8  0.36596620969854499     
          11           8  0.40262929287645111     
          12           8  0.40830217211101999     
          13           8  0.40678527074728388     
          14           8  0.40627585707537434     
          15           8  0.40319926121084071     
          16           8  0.33629359067001013     
          17           8  0.33404521025042094     
          18           8  0.30452440364708006     
          19           8  0.33221461781999162     
          20           8  0.36401846636790852     
          21           8  0.35828715000226963     
          22           8  0.35808063322156358     
          23           8  0.40875472007221192     
          24           8  0.43174450821736071     
          25           8  0.44801426864792898     
          26           8  0.52421958583843475     
          27           8  0.49699712406134922     
          28           8  0.52566567178013945     
          29           8  0.55217170138000804     
          30           8  0.55526116031907435     
          31           8  0.53565348060535622     
          32           8  0.58556173995623984     
          33           8  0.56243621879234051     
          34           8  0.53584133063678063     
          35           8  0.48297624205648387     
          36           8  0.51093177740686690     
          37           8  0.46353493963642295     
          38           8  0.43930146639502521     
          39           8  0.44050233123464233     
          40           8  0.41699729940722191     
          41           8  0.43724362076030754     
          42           8  0.38017508483410289     
          43           8  0.40425102344320840     
          44           8  0.43429242404307905     
          45           8  0.45928153588684789     
          46           8  0.46787036063757742     
          47           8   0.0000000000000000     
          48           8   0.0000000000000000     
          49           8   0.0000000000000000     
           1           9   0.0000000000000000     
           2           9   0.0000000000000000     
           3           9  0.30517444007962441     
           4           9  0.28593022240288529     
           5           9  0.30818932228218548     
           6           9  0.31019028713713503     
           7           9  0.31405544453222406     
           8           9  0.26600395567083085     
           9           9  0.23545297288020212     
          10           9  0.24055500493676021     
          11           9  0.28242933253939262     
          12           9  0.28434423556168098     
          13           9  0.30574595206439598     
          14           9  0.30549391748913141     
          15           9  0.30252706455759287     
          16           9  0.23330331463338874     
          17           9  0.23336168256610323     
          18           9  0.18063312217743471     
          19           9  0.20791528158872949     
          20           9  0.23694699357204732     
          21           9  0.27957208985449339     
          22           9  0.28041851669304546     
          23           9  0.33000922517015724     
          24           9  0.35146633767650237     
          25           9  0.39710726944936459     
          26           9  0.39685842398443194     
          27           9  0.36874181261429201     
          28           9  0.42100843029205753     
          29           9  0.45045328071574414     
          30           9  0.45266921336266636     
          31           9  0.43014543058897908     
          32           9  0.50782277936511044     
          33           9  0.43277224310469142     
          34           9  0.37849792917042602     
          35           9  0.40141115553294787     
          36           9  0.40294525587489877     
          37           9  0.37888032230297142     
          38           9  0.35796318375978403     
          39           9  0.35980806737850823     
          40           9  0.28766847049410715     
          41           9  0.31098604821986586     
          42           9  0.28147981120344640     
          43           9  0.30417113433497511     
          44           9  0.33122604464130134     
          45           9  0.35426155336162013     
          46           9  0.35855337675092497     
          47           9   0.0000000000000000     
          48           9   0.0000000000000000     
          49           9   0.0000000000000000     
           1          10   0.0000000000000000     
           2          10   0.0000000000000000     
           3          10   0.0000000000000000     
           4          10   0.0000000000000000     
           5          10   0.0000000000000000     
           6          10   0.0000000000000000     
           7          10   0.0000000000000000     
           8          10   0.0000000000000000     
           9          10   0.0000000000000000     
          10          10   0.0000000000000000     
          11          10   0.0000000000000000     
          12          10   0.0000000000000000     
          13          10   0.0000000000000000     
          14          10   0.0000000000000000     
          15          10   0.0000000000000000     
          16          10   0.0000000000000000     
          17          10   0.0000000000000000     
          18          10   0.0000000000000000     
          19          10   0.0000000000000000     
          20          10   0.0000000000000000     
          21          10   0.0000000000000000     
          22          10   0.0000000000000000     
          23          10   0.0000000000000000     
          24          10   0.0000000000000000     
          25          10   0.0000000000000000     
          26          10   0.0000000000000000     
          27          10   0.0000000000000000     
          28          10   0.0000000000000000     
          29          10   0.0000000000000000     
          30          10   0.0000000000000000     
          31          10   0.0000000000000000     
          32          10   0.0000000000000000     
          33          10   0.0000000000000000     
          34          10   0.0000000000000000     
          35          10   0.0000000000000000     
          36          10   0.0000000000000000     
          37          10   0.0000000000000000     
          38          10   0.0000000000000000     
          39          10   0.0000000000000000     
          40          10   0.0000000000000000     
          41          10   0.0000000000000000     
          42          10   0.0000000000000000     
          43          10   0.0000000000000000     
          44          10   0.0000000000000000     
          45          10   0.0000000000000000     
          46          10   0.0000000000000000     
          47          10   0.0000000000000000     
          48          10   0.0000000000000000     
          49          10   0.0000000000000000     
           1          11   0.0000000000000000     
           2          11   0.0000000000000000     
           3          11   0.0000000000000000     
           4          11   0.0000000000000000     
           5          11   0.0000000000000000     
           6          11   0.0000000000000000     
           7          11   0.0000000000000000     
           8          11   0.0000000000000000     
           9          11   0.0000000000000000     
          10          11   0.0000000000000000     
          11          11   0.0000000000000000     
          12          11   0.0000000000000000     
          13          11   0.0000000000000000     
          14          11   0.0000000000000000     
          15          11   0.0000000000000000     
          16          11   0.0000000000000000     
          17          11   0.0000000000000000     
          18          11   0.0000000000000000     
          19          11   0.0000000000000000     
          20          11   0.0000000000000000     
          21          11   0.0000000000000000     
          22          11   0.0000000000000000     
          23          11   0.0000000000000000     
          24          11   0.0000000000000000     
          25          11   0.0000000000000000     
          26          11   0.0000000000000000     
          27          11   0.0000000000000000     
          28          11   0.0000000000000000     
          29          11   0.0000000000000000     
          30          11   0.0000000000000000     
          31          11   0.0000000000000000     
          32          11   0.0000000000000000     
          33          11   0.0000000000000000     
          34          11   0.0000000000000000     
          35          11   0.0000000000000000     
          36          11   0.0000000000000000     
          37          11   0.0000000000000000     
          38          11   0.0000000000000000     
          39          11   0.0000000000000000     
          40          11   0.0000000000000000     
          41          11   0.0000000000000000     
          42          11   0.0000000000000000     
          43          11   0.0000000000000000     
          44          11   0.0000000000000000     
          45          11   0.0000000000000000     
          46          11   0.0000000000000000     
          47          11   0.0000000000000000     
          48          11   0.0000000000000000     
          49          11   0.0000000000000000     
