           0           0   0.0000000000000000        0.0000000000000000     
           5           0   0.0000000000000000        0.0000000000000000     
          10           0   0.0000000000000000        0.0000000000000000     
          15           0   0.0000000000000000        0.0000000000000000     
          20           0   0.0000000000000000        0.0000000000000000     
          25           0   0.0000000000000000        0.0000000000000000     
          30           0   0.0000000000000000        0.0000000000000000     
          35           0   0.0000000000000000        0.0000000000000000     
          40           0   0.0000000000000000        0.0000000000000000     
          45           0   0.0000000000000000        0.0000000000000000     
          50           0   0.0000000000000000        0.0000000000000000     
          55           0   0.0000000000000000        0.0000000000000000     
          60           0   0.0000000000000000        0.0000000000000000     
          65           0   0.0000000000000000        0.0000000000000000     
          70           0   0.0000000000000000        0.0000000000000000     
          75           0   0.0000000000000000        0.0000000000000000     
          80           0   0.0000000000000000        0.0000000000000000     
          85           0   0.0000000000000000        0.0000000000000000     
          90           0   0.0000000000000000        0.0000000000000000     
          95           0   0.0000000000000000        0.0000000000000000     
           0           1  0.31384029936853963       0.15692896462971007     
           5           1  0.46612465772533085       -8.2208619154311435E-002
          10           1  -7.4301270291954324E-003 -0.16871187077716066     
          15           1 -0.69554080854850042      -0.60981002312221477     
          20           1 -0.79025838218171884      -0.29920952786199884     
          25           1 -0.67284351317198343       0.28050247327660038     
          30           1 -0.51146773836663328      -0.25554457406373743     
          35           1 -0.19652384523283217      -0.24832947905673031     
          40           1  -7.9500488787687118E-002  -3.5122493083905582E-002
          45           1  -1.9147158276666687E-002  0.16187634213848945     
          50           1  -7.2643876549705055E-002   6.4538494589649886E-002
          55           1 -0.13200100202226395        8.1489829757419585E-002
          60           1 -0.15721430099091549       -1.1757148798974271E-002
          65           1  -9.1170338478718804E-002   4.4168354526030740E-002
          70           1  -1.6375626401554655E-002 -0.10521861298906643     
          75           1  -2.8908701565910633E-002  0.10222117693636790     
          80           1  0.12125278395558325      -0.15368201490062461     
          85           1  0.26172158776205379       0.21375676920176723     
          90           1  0.38589803978084092       0.38503013020441124     
          95           1  0.39085046196873918       -5.4157661795173340E-002
           0           2  -1.2866741982844876      -0.11576023617898556     
           5           2  -1.1260363582143995      -0.22813684466216344     
          10           2  -1.3281799521713822      -0.37724705585162610     
          15           2  -1.7210187125726861      -0.44554069624336279     
          20           2  -1.7909638470392508      -0.44006976923416374     
          25           2  -1.7200473751799450        9.8432629203060173E-002
          30           2  -1.5455033396172269      -0.39269085277071625     
          35           2  -1.2186625381005456      -0.36846734592366204     
          40           2  -1.1791123719717689      -0.21419383057219576     
          45           2  -1.1817513851397621        6.1059347946645914E-002
          50           2  -1.3621151761356032       -6.7865033706038247E-002
          55           2  -1.4266011935148981       -6.4825897259090937E-002
          60           2  -1.4532868925343223      -0.16870016991354930     
          65           2  -1.3631962481497339       -9.3724782519455374E-002
          70           2  -1.3377281359794324      -0.25809269417198522     
          75           2  -1.2236460209180677       -6.9454237472399427E-004
          80           2  -1.6686804153920320      -0.30187023851935280     
          85           2  -1.5402874823422508       0.12564261224978779     
          90           2  -1.3907576423122237       0.15552139761121353     
          95           2  -1.1687558365736095      -0.10220880212852279     
           0           3  -1.3049369689005497       -9.3084828791667462E-002
           5           3  -1.3066504522996070      -0.24674881772712709     
          10           3  -1.5470734321976209      -0.45791449678755924     
          15           3  -1.6353948523750717      -0.45153382166152056     
          20           3  -1.5103682876826952      -0.37063335226239502     
          25           3  -1.3233025231507156      -0.38342860790407940     
          30           3  -1.3527874831886777      -0.35407013603050430     
          35           3  -1.2953225176204342      -0.40692658058505415     
          40           3  -1.2186012627424248      -0.17244284983286562     
          45           3  -1.2106718536841754        8.9027341800829163E-002
          50           3  -1.2944408763004844        6.0960816039568044E-003
          55           3  -1.3911171882341478       -3.6102169536089690E-002
          60           3  -1.4185401567345934       -3.4104218926689356E-002
          65           3  -1.3711556196938091       -8.9889894798744763E-002
          70           3  -1.3092425213301340      -0.21980177299374404     
          75           3  -1.2568587679595566        2.9557226686183213E-002
          80           3  -1.5548261109898931        5.9825989899842114E-002
          85           3  -1.4794495383796402       0.14668649548799095     
          90           3  -1.4213987081745927      -0.16525535083244947     
          95           3  -1.3481261009218315        4.5401648023357666E-002
           0           4  -2.6721690933184661      -0.13977485231020381     
           5           4  -2.5814356935871530      -0.54135426092560834     
          10           4  -3.1001808820185772      -0.68493053230422873     
          15           4  -2.8411204053035988       -1.0695503867275136     
          20           4  -2.6348577427270925       -1.2197778460398823     
          25           4  -2.7381613903543212       -1.2428852029300330     
          30           4  -2.4841124956509475       -1.0087483795517826     
          35           4  -2.6080233654113272      -0.78834847514919204     
          40           4  -2.5848449632093207      -0.36174636792285497     
          45           4  -2.4227796948750324       0.15641127217413953     
          50           4  -1.2782725157478581        1.0552920639561592E-002
          55           4  -1.3723023925749089       -5.2952291440533372E-003
          60           4  -1.4201938950009207       -5.5525551267976425E-004
          65           4  -1.3730846634274485      -0.10163702258925156     
          70           4  -1.3146262103447270      -0.20789367480400500     
          75           4  -1.3749379137806272       -7.8536710494958584E-002
          80           4  -1.5483647942460266       0.17190519564724838     
          85           4  -1.5150009568998257       0.15480794918421026     
          90           4  -2.7615306649408922       0.12956052955370723     
          95           4  -2.4992184106764626       0.41650048702379650     
           0           5  -1.3476690305871952       -5.7366962180616099E-002
           5           5  -1.3330579767378836      -0.22218497395698478     
          10           5  -1.5013119098217231      -0.33821547950729780     
          15           5  -1.3206193065506966      -0.60546753091195171     
          20           5  -1.3158616485675623      -0.69458774998309991     
          25           5  -1.3737684887438206      -0.75609619107908088     
          30           5  -1.2579184623895401      -0.61716961232249901     
          35           5  -1.3008528053148893      -0.41765746649602420     
          40           5  -1.3268092604334925      -0.17855176273950946     
          45           5  -1.2418980618988940        6.5313237564978976E-002
          50           5  -2.4915788674917394       0.14976059509841377     
          55           5  -2.6621585351094268        6.1737464616129500E-002
          60           5  -2.7478370489575354       -5.7506969897147542E-003
          65           5  -2.6667534196889164      -0.26718483449261754     
          70           5  -2.7099081319192919      -0.44492801105633362     
          75           5  -3.0364293137807863       0.18723503725670554     
          80           5  -3.2098664062374382       0.29609541014163909     
          85           5  -3.0067325371163633       0.24891754632605512     
          90           5  -1.5086967591315670       0.20815771107240977     
          95           5  -1.3795964830620733       0.20029899898688086     
           0           6  -1.4399420850302880       -2.6561375823241917E-002
           5           6  -1.3884265723396183      -0.41368443483236206     
          10           6  -1.2323332289820854      -0.35915217600379634     
          15           6  -1.2613278600426270      -0.60244887936544700     
          20           6  -1.3545939317616273      -0.76325195340398722     
          25           6  -1.3700470609201432      -0.75750403023100432     
          30           6  -1.2813479471596168      -0.62267089750989157     
          35           6  -1.3717183977135505      -0.40785867024606404     
          40           6  -1.3640345195398140      -0.13796824017475728     
          45           6  -1.2617749609944440        7.9533577879153938E-002
          50           6  -1.2221019839131486       0.12479718782820726     
          55           6  -1.3248586666492201        4.9637594563556320E-002
          60           6  -1.3617091160611494       -2.0792048527340512E-003
          65           6  -1.2954027093314835       -7.9935941976749803E-002
          70           6  -1.1434784821773292      -0.22644090718504373     
          75           6  -1.7015716971258144       0.15261314138648174     
          80           6  -1.6582557712752077       0.14576796154575078     
          85           6  -1.4829893132173311       0.11280588052109408     
          90           6  -1.4600981061363427       0.13150177772036642     
          95           6  -1.4415176116244766       0.28156982287086407     
           0           7  -1.5118500661392975        9.3100678788538005E-002
           5           7  -1.3005063573556797      -0.41475401484358798     
          10           7  -1.1791405347238992      -0.49721324316465143     
          15           7  -1.2230113888556104      -0.61485329827526414     
          20           7  -1.3204384678289216      -0.76671880330447806     
          25           7  -1.4043490108228696      -0.75168406439285462     
          30           7  -1.3512966675044424      -0.62971380474508010     
          35           7  -1.4490568667824277      -0.47398379860563722     
          40           7  -1.4435316053251768      -0.15025139773250373     
          45           7  -1.3061376728629170        7.4240254441804154E-002
          50           7  -1.2246970401008639       0.17344479150249725     
          55           7  -1.2816714338015345        8.6791794777774101E-002
          60           7  -1.3533695257450518       -1.7582225595447198E-002
          65           7  -1.2601101737885756       -6.6778791576460605E-002
          70           7  -1.4524484372913093      -0.32269531226702952     
          75           7  -1.7602167088881515       0.16084736567556490     
          80           7  -1.6496643699781544       0.10935380596599487     
          85           7  -1.5232079351790162       0.12777541042563456     
          90           7  -1.5295377078672345       0.21834802220510596     
          95           7  -1.5921870816271166       0.27973749180620899     
           0           8  -1.5007748032408452       -9.6054344087548316E-002
           5           8  -1.0886870221016309      -0.46491169038098690     
          10           8  -1.1744747649444776      -0.56105983001764059     
          15           8  -1.2231489128478046      -0.65903049287996396     
          20           8  -1.3944578288338505      -0.74263739582747235     
          25           8  -1.4163221081275879      -0.77420476487510825     
          30           8  -1.3433626030412427      -0.59716791649400136     
          35           8  -1.5182040077732495      -0.46123233504502537     
          40           8  -1.5221493773864836      -0.11876253884324228     
          45           8  -1.3404598905353282        9.1283941863196105E-002
          50           8  -1.2241715229066585       0.19384506902753174     
          55           8  -1.2941049183012865        5.7669225155265735E-002
          60           8  -1.3231117905831979       -1.4589839052447928E-002
          65           8  -1.2048352127180806       -7.0371405458402592E-002
          70           8  -1.6292916114224454       -7.7309239472356239E-002
          75           8  -1.6984097866412640       0.25899718330890664     
          80           8  -1.5700857370148924       0.15304320244879932     
          85           8  -1.6136387795739893       0.12807793490665631     
          90           8  -1.8614875671829623       0.10486859388869618     
          95           8  -1.6950613144217641       0.26045181344080959     
           0           9  -1.3950140772303610       -3.8764875611718708E-002
           5           9  -1.1311341954289844      -0.55340688968286145     
          10           9  -1.1017771078591920      -0.51578457846979120     
          15           9  -1.1517716824993585      -0.71345796682109608     
          20           9  -1.3976728762798984      -0.75921165783476852     
          25           9  -1.4397928557485784      -0.71454908520784954     
          30           9  -1.3571556058700196      -0.60367326838672852     
          35           9  -1.6103134822387233      -0.45437459912811562     
          40           9  -1.5702984059728919      -0.14804510699129025     
          45           9  -1.4867388152950411        1.7356288148917542E-002
          50           9  -1.4569822739929350        9.7437875563599619E-002
          55           9  -1.4357547171428564        1.3602214412600233E-002
          60           9  -1.4801519941087804       -4.6992062445738725E-002
          65           9  -1.4292764883094833      -0.36110227936703154     
          70           9  -1.4816025827002477        3.0505573178629675E-002
          75           9  -1.4922018526419834       0.41052159150289924     
          80           9  -1.4242247514317796       0.25367715626778420     
          85           9  -1.5207391366089951       0.29734148743187916     
          90           9  -1.8636836959728953       0.18336629493020951     
          95           9  -1.7307371344088551       0.25913030860635899     
           0          10   0.0000000000000000        0.0000000000000000     
           5          10   0.0000000000000000        0.0000000000000000     
          10          10   0.0000000000000000        0.0000000000000000     
          15          10   0.0000000000000000        0.0000000000000000     
          20          10   0.0000000000000000        0.0000000000000000     
          25          10   0.0000000000000000        0.0000000000000000     
          30          10   0.0000000000000000        0.0000000000000000     
          35          10   0.0000000000000000        0.0000000000000000     
          40          10   0.0000000000000000        0.0000000000000000     
          45          10   0.0000000000000000        0.0000000000000000     
          50          10   0.0000000000000000        0.0000000000000000     
          55          10   0.0000000000000000        0.0000000000000000     
          60          10   0.0000000000000000        0.0000000000000000     
          65          10   0.0000000000000000        0.0000000000000000     
          70          10   0.0000000000000000        0.0000000000000000     
          75          10   0.0000000000000000        0.0000000000000000     
          80          10   0.0000000000000000        0.0000000000000000     
          85          10   0.0000000000000000        0.0000000000000000     
          90          10   0.0000000000000000        0.0000000000000000     
          95          10   0.0000000000000000        0.0000000000000000     
           0          11   0.0000000000000000        0.0000000000000000     
           5          11   0.0000000000000000        0.0000000000000000     
          10          11   0.0000000000000000        0.0000000000000000     
          15          11   0.0000000000000000        0.0000000000000000     
          20          11   0.0000000000000000        0.0000000000000000     
          25          11   0.0000000000000000        0.0000000000000000     
          30          11   0.0000000000000000        0.0000000000000000     
          35          11   0.0000000000000000        0.0000000000000000     
          40          11   0.0000000000000000        0.0000000000000000     
          45          11   0.0000000000000000        0.0000000000000000     
          50          11   0.0000000000000000        0.0000000000000000     
          55          11   0.0000000000000000        0.0000000000000000     
          60          11   0.0000000000000000        0.0000000000000000     
          65          11   0.0000000000000000        0.0000000000000000     
          70          11   0.0000000000000000        0.0000000000000000     
          75          11   0.0000000000000000        0.0000000000000000     
          80          11   0.0000000000000000        0.0000000000000000     
          85          11   0.0000000000000000        0.0000000000000000     
          90          11   0.0000000000000000        0.0000000000000000     
          95          11   0.0000000000000000        0.0000000000000000     
           0          12   0.0000000000000000        0.0000000000000000     
           5          12   0.0000000000000000        0.0000000000000000     
          10          12   0.0000000000000000        0.0000000000000000     
          15          12   0.0000000000000000        0.0000000000000000     
          20          12   0.0000000000000000        0.0000000000000000     
          25          12   0.0000000000000000        0.0000000000000000     
          30          12   0.0000000000000000        0.0000000000000000     
          35          12   0.0000000000000000        0.0000000000000000     
          40          12   0.0000000000000000        0.0000000000000000     
          45          12   0.0000000000000000        0.0000000000000000     
          50          12   0.0000000000000000        0.0000000000000000     
          55          12   0.0000000000000000        0.0000000000000000     
          60          12   0.0000000000000000        0.0000000000000000     
          65          12   0.0000000000000000        0.0000000000000000     
          70          12   0.0000000000000000        0.0000000000000000     
          75          12   0.0000000000000000        0.0000000000000000     
          80          12   0.0000000000000000        0.0000000000000000     
          85          12   0.0000000000000000        0.0000000000000000     
          90          12   0.0000000000000000        0.0000000000000000     
          95          12   0.0000000000000000        0.0000000000000000     
           0          13   0.0000000000000000        0.0000000000000000     
           5          13   0.0000000000000000        0.0000000000000000     
          10          13   0.0000000000000000        0.0000000000000000     
          15          13   0.0000000000000000        0.0000000000000000     
          20          13   0.0000000000000000        0.0000000000000000     
          25          13   0.0000000000000000        0.0000000000000000     
          30          13   0.0000000000000000        0.0000000000000000     
          35          13   0.0000000000000000        0.0000000000000000     
          40          13   0.0000000000000000        0.0000000000000000     
          45          13   0.0000000000000000        0.0000000000000000     
          50          13   0.0000000000000000        0.0000000000000000     
          55          13   0.0000000000000000        0.0000000000000000     
          60          13   0.0000000000000000        0.0000000000000000     
          65          13   0.0000000000000000        0.0000000000000000     
          70          13   0.0000000000000000        0.0000000000000000     
          75          13   0.0000000000000000        0.0000000000000000     
          80          13   0.0000000000000000        0.0000000000000000     
          85          13   0.0000000000000000        0.0000000000000000     
          90          13   0.0000000000000000        0.0000000000000000     
          95          13   0.0000000000000000        0.0000000000000000     
           0          14   0.0000000000000000        0.0000000000000000     
           5          14   0.0000000000000000        0.0000000000000000     
          10          14   0.0000000000000000        0.0000000000000000     
          15          14   0.0000000000000000        0.0000000000000000     
          20          14   0.0000000000000000        0.0000000000000000     
          25          14   0.0000000000000000        0.0000000000000000     
          30          14   0.0000000000000000        0.0000000000000000     
          35          14   0.0000000000000000        0.0000000000000000     
          40          14   0.0000000000000000        0.0000000000000000     
          45          14   0.0000000000000000        0.0000000000000000     
          50          14   0.0000000000000000        0.0000000000000000     
          55          14   0.0000000000000000        0.0000000000000000     
          60          14   0.0000000000000000        0.0000000000000000     
          65          14   0.0000000000000000        0.0000000000000000     
          70          14   0.0000000000000000        0.0000000000000000     
          75          14   0.0000000000000000        0.0000000000000000     
          80          14   0.0000000000000000        0.0000000000000000     
          85          14   0.0000000000000000        0.0000000000000000     
          90          14   0.0000000000000000        0.0000000000000000     
          95          14   0.0000000000000000        0.0000000000000000     
           0          15   0.0000000000000000        0.0000000000000000     
           5          15   0.0000000000000000        0.0000000000000000     
          10          15   0.0000000000000000        0.0000000000000000     
          15          15   0.0000000000000000        0.0000000000000000     
          20          15   0.0000000000000000        0.0000000000000000     
          25          15   0.0000000000000000        0.0000000000000000     
          30          15   0.0000000000000000        0.0000000000000000     
          35          15   0.0000000000000000        0.0000000000000000     
          40          15   0.0000000000000000        0.0000000000000000     
          45          15   0.0000000000000000        0.0000000000000000     
          50          15   0.0000000000000000        0.0000000000000000     
          55          15   0.0000000000000000        0.0000000000000000     
          60          15   0.0000000000000000        0.0000000000000000     
          65          15   0.0000000000000000        0.0000000000000000     
          70          15   0.0000000000000000        0.0000000000000000     
          75          15   0.0000000000000000        0.0000000000000000     
          80          15   0.0000000000000000        0.0000000000000000     
          85          15   0.0000000000000000        0.0000000000000000     
          90          15   0.0000000000000000        0.0000000000000000     
          95          15   0.0000000000000000        0.0000000000000000     
           0          16   0.0000000000000000        0.0000000000000000     
           5          16   0.0000000000000000        0.0000000000000000     
          10          16   0.0000000000000000        0.0000000000000000     
          15          16   0.0000000000000000        0.0000000000000000     
          20          16   0.0000000000000000        0.0000000000000000     
          25          16   0.0000000000000000        0.0000000000000000     
          30          16   0.0000000000000000        0.0000000000000000     
          35          16   0.0000000000000000        0.0000000000000000     
          40          16   0.0000000000000000        0.0000000000000000     
          45          16   0.0000000000000000        0.0000000000000000     
          50          16   0.0000000000000000        0.0000000000000000     
          55          16   0.0000000000000000        0.0000000000000000     
          60          16   0.0000000000000000        0.0000000000000000     
          65          16   0.0000000000000000        0.0000000000000000     
          70          16   0.0000000000000000        0.0000000000000000     
          75          16   0.0000000000000000        0.0000000000000000     
          80          16   0.0000000000000000        0.0000000000000000     
          85          16   0.0000000000000000        0.0000000000000000     
          90          16   0.0000000000000000        0.0000000000000000     
          95          16   0.0000000000000000        0.0000000000000000     
