           0           0   0.0000000000000000        0.0000000000000000     
           5           0   0.0000000000000000        0.0000000000000000     
          10           0   0.0000000000000000        0.0000000000000000     
          15           0   0.0000000000000000        0.0000000000000000     
          20           0   0.0000000000000000        0.0000000000000000     
          25           0   0.0000000000000000        0.0000000000000000     
          30           0   0.0000000000000000        0.0000000000000000     
          35           0   0.0000000000000000        0.0000000000000000     
          40           0   0.0000000000000000        0.0000000000000000     
          45           0   0.0000000000000000        0.0000000000000000     
          50           0   0.0000000000000000        0.0000000000000000     
          55           0   0.0000000000000000        0.0000000000000000     
          60           0   0.0000000000000000        0.0000000000000000     
          65           0   0.0000000000000000        0.0000000000000000     
          70           0   0.0000000000000000        0.0000000000000000     
          75           0   0.0000000000000000        0.0000000000000000     
          80           0   0.0000000000000000        0.0000000000000000     
          85           0   0.0000000000000000        0.0000000000000000     
          90           0   0.0000000000000000        0.0000000000000000     
          95           0   0.0000000000000000        0.0000000000000000     
           0           1   2.1002316552554134E-006   2.9602453821553354E-006
           5           1   1.2214496081242032E-006   4.4226544648751087E-006
          10           1   2.0797497057856162E-006   2.9447366767243466E-006
          15           1   1.2012790762128134E-006   4.3965309171056788E-006
          20           1   2.0546409018606937E-006   2.9159441528037178E-006
          25           1   1.1860556980991532E-006   4.3544357009039913E-006
          30           1   2.0349943952169269E-006   2.8849356237259371E-006
          35           1   1.1815259881586826E-006   4.3135095495472342E-006
          40           1   2.0286705648686620E-006   2.8647029193251683E-006
          45           1   1.1896261753463477E-006   4.2899217511660481E-006
          50           1   2.0380142018439074E-006   2.8630509074645261E-006
          55           1   1.2065726195942261E-006   4.2921077803015351E-006
          60           1   2.0591173210959823E-006   2.8801161455760393E-006
          65           1   1.2253309478182928E-006   4.3204417821129937E-006
          70           1   2.0838797354372218E-006   2.9085711616971821E-006
          75           1   1.2409628880050150E-006   4.3608439082021277E-006
          80           1   2.1024959551141364E-006   2.9385771593837262E-006
          85           1   1.2453682529667276E-006   4.4013670486009460E-006
          90           1   2.1083934598209453E-006   2.9585456307046343E-006
          95           1   1.2370549029583344E-006   4.4238857022094180E-006
           0           2   5.3026472102146727E-008   5.2310267228961038E-006
           5           2  -2.2589485837443135E-007   6.2325100635973740E-006
          10           2   3.4541258742137870E-008   5.2101745140475941E-006
          15           2  -2.3899104917290970E-007   6.1938121298510396E-006
          20           2   2.2826185386293218E-008   5.1644022391883482E-006
          25           2  -2.4039437107603590E-007   6.1334848311389578E-006
          30           2   2.3501200985265314E-008   5.1113557830717582E-006
          35           2  -2.3039348207021249E-007   6.0756133457573469E-006
          40           2   3.5456082514428999E-008   5.0725001976559270E-006
          45           2  -2.1280754936015001E-007   6.0440608073975000E-006
          50           2   5.3681503686675569E-008   5.0633142123501784E-006
          55           2  -1.9504398096614750E-007   6.0495675135996407E-006
          60           2   7.1196382123162039E-008   5.0864534806294159E-006
          65           2  -1.8445689420332201E-007   6.0904747911649793E-006
          70           2   8.2565065895323642E-008   5.1319148930417668E-006
          75           2  -1.8182788608100964E-007   6.1492344549662903E-006
          80           2   8.0433437688043341E-008   5.1839421644217509E-006
          85           2  -1.9248602711741114E-007   6.2054694716096037E-006
          90           2   6.9562133830913808E-008   5.2215498591579035E-006
          95           2  -2.0847323867201339E-007   6.2358829211461853E-006
           0           3   3.6929376223682198E-007   6.5071059651700125E-006
           5           3   3.5931257968968566E-008   6.5893979162012783E-006
          10           3   3.5519143182227708E-007   6.4840910418695330E-006
          15           3   2.3652191316614335E-008   6.5476468691372247E-006
          20           3   3.4523495173743868E-007   6.4293792512160053E-006
          25           3   1.9415580254644738E-008   6.4826011225704860E-006
          30           3   3.4347635846643243E-007   6.3637828340290525E-006
          35           3   2.4478197246935451E-008   6.4202176908167985E-006
          40           3   3.5086600291833747E-007   6.3136718075895715E-006
          45           3   3.6664005165221170E-008   6.3861493870831509E-006
          50           3   3.6333602793092723E-007   6.2990412885710612E-006
          55           3   5.1940673984063324E-008   6.3921579140924223E-006
          60           3   3.7697844845752115E-007   6.3248384307712513E-006
          65           3   6.2030380831856746E-008   6.4357386087010582E-006
          70           3   3.8596681406488642E-007   6.3793015314672630E-006
          75           3   6.6577854340721387E-008   6.4995409054802167E-006
          80           3   3.8724579098925460E-007   6.4436567193126848E-006
          85           3   6.0822458181064576E-008   6.5597771659042792E-006
          90           3   3.8149039482959779E-007   6.4916716446816736E-006
          95           3   4.9453774408902973E-008   6.5927818759803358E-006
           0           4   1.1894502049969446E-006   1.5284777887814016E-005
           5           4   1.2462608722785262E-006   1.5152217258673772E-005
          10           4   1.1757350648622378E-006   1.5227010763396720E-005
          15           4   1.2305978458471145E-006   1.5053203128445602E-005
          20           4   1.1617196093993698E-006   1.5095600325309988E-005
          25           4   1.2180834119135397E-006   1.4902514777759279E-005
          30           4   1.1536016586433107E-006   1.4940479964309361E-005
          35           4   1.2131451399000071E-006   1.4760579425399101E-005
          40           4   1.1544187827894348E-006   1.4824577121430593E-005
          45           4   1.2179057762295997E-006   1.4684586879809558E-005
          50           4   1.1627321327978279E-006   1.4793410940683316E-005
          55           4   1.2299494756007334E-006   1.4701511119596944E-005
          60           4   1.1774048402912740E-006   1.4856977870181254E-005
          65           4   1.2441603303159354E-006   1.4804424353087597E-005
          70           4   1.1896617024831357E-006   1.4988215113476144E-005
          75           4   1.2563816653710091E-006   1.4951067051072187E-005
          80           4   1.1976197811236489E-006   1.5139187681256772E-005
          85           4   1.2600764875969617E-006   1.5089756111308361E-005
          90           4   1.1969802926614648E-006   1.5250631868468645E-005
          95           4   1.2568079910124652E-006   1.5163492683711866E-005
           0           5   9.7317709446542722E-007   8.4861895288668165E-006
           5           5   9.7176044988600552E-007   8.4856388582466025E-006
          10           5   9.7547747657245054E-007   8.4526741161994323E-006
          15           5   9.7014840605424979E-007   8.4287776758174004E-006
          20           5   9.7157837330996699E-007   8.3787776716803819E-006
          25           5   9.6331831400675583E-007   8.3440232501175160E-006
          30           5   9.6321173259639181E-007   8.2927442690561293E-006
          35           5   9.5397467703151051E-007   8.2652906741031984E-006
          40           5   9.5425889412581455E-007   8.2297679782072919E-006
          45           5   9.4622976121172542E-007   8.2238704735004831E-006
          50           5   9.4765084668324562E-007   8.2139228751998417E-006
          55           5   9.4253493898577290E-007   8.2352435981647432E-006
          60           5   9.4662055971639347E-007   8.2506268483939493E-006
          65           5   9.4374286163656507E-007   8.2939699552753154E-006
          70           5   9.4971142061694991E-007   8.3244522386394237E-006
          75           5   9.5042196335271001E-007   8.3764373215444721E-006
          80           5   9.5795371635176707E-007   8.4078832784939550E-006
          85           5   9.5894847618183121E-007   8.4530960009487899E-006
          90           5   9.6648022918088827E-007   8.4686213597251481E-006
          95           5   9.6676444627519231E-007   8.4936191413476081E-006
           0           6   1.1697570689861436E-006   8.9412610648764712E-006
           5           6   1.1712542047348506E-006   8.9331875230413971E-006
          10           6   1.1783640729845501E-006   8.9082963228293011E-006
          15           6   1.1759038187619808E-006   8.8760510053020880E-006
          20           6   1.1767298246923019E-006   8.8315621482593087E-006
          25           6   1.1703882307756430E-006   8.7881080190754801E-006
          30           6   1.1658940479719604E-006   8.7405904736215234E-006
          35           6   1.1570833180485351E-006   8.7044726981844178E-006
          40           6   1.1503331620588142E-006   8.6722273806572048E-006
          45           6   1.1411671607675089E-006   8.6584250880150648E-006
          50           6   1.1361578344804002E-006   8.6529494680576136E-006
          55           6   1.1299405855424993E-006   8.6674845078960061E-006
          60           6   1.1294432056274673E-006   8.6892226747181667E-006
          65           6   1.1256418019911507E-006   8.7271123661025740E-006
          70           6   1.1301892755000154E-006   8.7661478076483945E-006
          75           6   1.1308998182357755E-006   8.8126705932722871E-006
          80           6   1.1410605793571449E-006   8.8542861931273364E-006
          85           6   1.1433343161115772E-006   8.8936591424726430E-006
          90           6   1.1556977597138030E-006   8.9203222586320408E-006
          95           6   1.1585399306568434E-006   8.9386187340778633E-006
           0           7   1.3235068596628707E-006   9.2847418642350021E-006
           5           7   1.3312684288280252E-006   9.2720719990779799E-006
          10           7   1.3380052621414507E-006   9.2478069646517724E-006
          15           7   1.3406165066953690E-006   9.2108454197159517E-006
          20           7   1.3385914598984527E-006   9.1667073931489540E-006
          25           7   1.3354473082927143E-006   9.1193497198105433E-006
          30           7   1.3251799657609808E-006   9.0728535795392418E-006
          35           7   1.3175593949199538E-006   9.0340801506272328E-006
          40           7   1.3029577417000837E-006   9.0040730427176641E-006
          45           7   1.2945022831445385E-006   8.9889162779854814E-006
          50           7   1.2816769867640687E-006   8.9868334995912846E-006
          55           7   1.2768097690241120E-006   9.0011731401773432E-006
          60           7   1.2695622331193590E-006   9.0271434771693748E-006
          65           7   1.2683898376053548E-006   9.0649621142802062E-006
          70           7   1.2685319461525069E-006   9.1081764352907157E-006
          75           7   1.2735767995764036E-006   9.1538865376605827E-006
          80           7   1.2819612038583728E-006   9.1991259054680086E-006
          85           7   1.2902034995931899E-006   9.2363050541166558E-006
          90           7   1.3022116718275356E-006   9.2655483285852824E-006
          95           7   1.3117329444867210E-006   9.2804564033599490E-006
           0           8   1.4268491943525419E-006   9.5143626310800755E-006
           5           8   1.4416778881809478E-006   9.5047791859315112E-006
          10           8   1.4491252642301333E-006   9.4798391359063316E-006
          15           8   1.4553336313838372E-006   9.4439212006136586E-006
          20           8   1.4553336313838372E-006   9.3997876149387594E-006
          25           8   1.4501821965495765E-006   9.3503782494508414E-006
          30           8   1.4426859706873074E-006   9.3048235783044220E-006
          35           8   1.4280487903306494E-006   9.2612495450339338E-006
          40           8   1.4157919281387876E-006   9.2328011902509388E-006
          45           8   1.3982059954287251E-006   9.2124707862240029E-006
          50           8   1.3870504744772916E-006   9.2120266970141529E-006
          55           8   1.3736922710450017E-006   9.2223473302510683E-006
          60           8   1.3672973864231608E-006   9.2497565162830142E-006
          65           8   1.3616130445370800E-006   9.2859941958067793E-006
          70           8   1.3614709359899280E-006   9.3298435643873745E-006
          75           8   1.3672263321495848E-006   9.3768104392211171E-006
          80           8   1.3743317595071858E-006   9.4221608293310055E-006
          85           8   1.3877610172130517E-006   9.4627594648954982E-006
          90           8   1.3988454838909092E-006   9.4916074999673583E-006
          95           8   1.4156853467284236E-006   9.5107388631276990E-006
           0           9   1.4825085603575872E-006   9.6289287654371947E-006
           5           9   1.5005241493781796E-006   9.6184304965163392E-006
          10           9   1.5100276584689709E-006   9.5915897446730014E-006
          15           9   1.5177192835835740E-006   9.5549346212919772E-006
          20           9   1.5186607527084561E-006   9.5094598862033308E-006
          25           9   1.5123191587917972E-006   9.4602370381835499E-006
          30           9   1.5042189716041321E-006   9.4141228146327194E-006
          35           9   1.4862067132526136E-006   9.3717300586604324E-006
          40           9   1.4724932384524436E-006   9.3436725023821054E-006
          45           9   1.4505729950542445E-006   9.3251451005471608E-006
          50           9   1.4372858458955307E-006   9.3256335986779959E-006
          55           9   1.4206236187419563E-006   9.3376417709123416E-006
          60           9   1.4124879044175032E-006   9.3664276334948227E-006
          65           9   1.4055956398806302E-006   9.4038377085325919E-006
          70           9   1.4054535313334782E-006   9.4480245849126732E-006
          75           9   1.4116352531345910E-006   9.4955510121508269E-006
          80           9   1.4197354403222562E-006   9.5406882394399872E-006
          85           9   1.4355805433297064E-006   9.5810914757521459E-006
          90           9   1.4494361266770284E-006   9.6089713963465329E-006
          95           9   1.4690471061840071E-006   9.6272678717923554E-006
           0          10   0.0000000000000000        0.0000000000000000     
           5          10   0.0000000000000000        0.0000000000000000     
          10          10   0.0000000000000000        0.0000000000000000     
          15          10   0.0000000000000000        0.0000000000000000     
          20          10   0.0000000000000000        0.0000000000000000     
          25          10   0.0000000000000000        0.0000000000000000     
          30          10   0.0000000000000000        0.0000000000000000     
          35          10   0.0000000000000000        0.0000000000000000     
          40          10   0.0000000000000000        0.0000000000000000     
          45          10   0.0000000000000000        0.0000000000000000     
          50          10   0.0000000000000000        0.0000000000000000     
          55          10   0.0000000000000000        0.0000000000000000     
          60          10   0.0000000000000000        0.0000000000000000     
          65          10   0.0000000000000000        0.0000000000000000     
          70          10   0.0000000000000000        0.0000000000000000     
          75          10   0.0000000000000000        0.0000000000000000     
          80          10   0.0000000000000000        0.0000000000000000     
          85          10   0.0000000000000000        0.0000000000000000     
          90          10   0.0000000000000000        0.0000000000000000     
          95          10   0.0000000000000000        0.0000000000000000     
           0          11   0.0000000000000000        0.0000000000000000     
           5          11   0.0000000000000000        0.0000000000000000     
          10          11   0.0000000000000000        0.0000000000000000     
          15          11   0.0000000000000000        0.0000000000000000     
          20          11   0.0000000000000000        0.0000000000000000     
          25          11   0.0000000000000000        0.0000000000000000     
          30          11   0.0000000000000000        0.0000000000000000     
          35          11   0.0000000000000000        0.0000000000000000     
          40          11   0.0000000000000000        0.0000000000000000     
          45          11   0.0000000000000000        0.0000000000000000     
          50          11   0.0000000000000000        0.0000000000000000     
          55          11   0.0000000000000000        0.0000000000000000     
          60          11   0.0000000000000000        0.0000000000000000     
          65          11   0.0000000000000000        0.0000000000000000     
          70          11   0.0000000000000000        0.0000000000000000     
          75          11   0.0000000000000000        0.0000000000000000     
          80          11   0.0000000000000000        0.0000000000000000     
          85          11   0.0000000000000000        0.0000000000000000     
          90          11   0.0000000000000000        0.0000000000000000     
          95          11   0.0000000000000000        0.0000000000000000     
           0          12   0.0000000000000000        0.0000000000000000     
           5          12   0.0000000000000000        0.0000000000000000     
          10          12   0.0000000000000000        0.0000000000000000     
          15          12   0.0000000000000000        0.0000000000000000     
          20          12   0.0000000000000000        0.0000000000000000     
          25          12   0.0000000000000000        0.0000000000000000     
          30          12   0.0000000000000000        0.0000000000000000     
          35          12   0.0000000000000000        0.0000000000000000     
          40          12   0.0000000000000000        0.0000000000000000     
          45          12   0.0000000000000000        0.0000000000000000     
          50          12   0.0000000000000000        0.0000000000000000     
          55          12   0.0000000000000000        0.0000000000000000     
          60          12   0.0000000000000000        0.0000000000000000     
          65          12   0.0000000000000000        0.0000000000000000     
          70          12   0.0000000000000000        0.0000000000000000     
          75          12   0.0000000000000000        0.0000000000000000     
          80          12   0.0000000000000000        0.0000000000000000     
          85          12   0.0000000000000000        0.0000000000000000     
          90          12   0.0000000000000000        0.0000000000000000     
          95          12   0.0000000000000000        0.0000000000000000     
           0          13   0.0000000000000000        0.0000000000000000     
           5          13   0.0000000000000000        0.0000000000000000     
          10          13   0.0000000000000000        0.0000000000000000     
          15          13   0.0000000000000000        0.0000000000000000     
          20          13   0.0000000000000000        0.0000000000000000     
          25          13   0.0000000000000000        0.0000000000000000     
          30          13   0.0000000000000000        0.0000000000000000     
          35          13   0.0000000000000000        0.0000000000000000     
          40          13   0.0000000000000000        0.0000000000000000     
          45          13   0.0000000000000000        0.0000000000000000     
          50          13   0.0000000000000000        0.0000000000000000     
          55          13   0.0000000000000000        0.0000000000000000     
          60          13   0.0000000000000000        0.0000000000000000     
          65          13   0.0000000000000000        0.0000000000000000     
          70          13   0.0000000000000000        0.0000000000000000     
          75          13   0.0000000000000000        0.0000000000000000     
          80          13   0.0000000000000000        0.0000000000000000     
          85          13   0.0000000000000000        0.0000000000000000     
          90          13   0.0000000000000000        0.0000000000000000     
          95          13   0.0000000000000000        0.0000000000000000     
           0          14   0.0000000000000000        0.0000000000000000     
           5          14   0.0000000000000000        0.0000000000000000     
          10          14   0.0000000000000000        0.0000000000000000     
          15          14   0.0000000000000000        0.0000000000000000     
          20          14   0.0000000000000000        0.0000000000000000     
          25          14   0.0000000000000000        0.0000000000000000     
          30          14   0.0000000000000000        0.0000000000000000     
          35          14   0.0000000000000000        0.0000000000000000     
          40          14   0.0000000000000000        0.0000000000000000     
          45          14   0.0000000000000000        0.0000000000000000     
          50          14   0.0000000000000000        0.0000000000000000     
          55          14   0.0000000000000000        0.0000000000000000     
          60          14   0.0000000000000000        0.0000000000000000     
          65          14   0.0000000000000000        0.0000000000000000     
          70          14   0.0000000000000000        0.0000000000000000     
          75          14   0.0000000000000000        0.0000000000000000     
          80          14   0.0000000000000000        0.0000000000000000     
          85          14   0.0000000000000000        0.0000000000000000     
          90          14   0.0000000000000000        0.0000000000000000     
          95          14   0.0000000000000000        0.0000000000000000     
           0          15   0.0000000000000000        0.0000000000000000     
           5          15   0.0000000000000000        0.0000000000000000     
          10          15   0.0000000000000000        0.0000000000000000     
          15          15   0.0000000000000000        0.0000000000000000     
          20          15   0.0000000000000000        0.0000000000000000     
          25          15   0.0000000000000000        0.0000000000000000     
          30          15   0.0000000000000000        0.0000000000000000     
          35          15   0.0000000000000000        0.0000000000000000     
          40          15   0.0000000000000000        0.0000000000000000     
          45          15   0.0000000000000000        0.0000000000000000     
          50          15   0.0000000000000000        0.0000000000000000     
          55          15   0.0000000000000000        0.0000000000000000     
          60          15   0.0000000000000000        0.0000000000000000     
          65          15   0.0000000000000000        0.0000000000000000     
          70          15   0.0000000000000000        0.0000000000000000     
          75          15   0.0000000000000000        0.0000000000000000     
          80          15   0.0000000000000000        0.0000000000000000     
          85          15   0.0000000000000000        0.0000000000000000     
          90          15   0.0000000000000000        0.0000000000000000     
          95          15   0.0000000000000000        0.0000000000000000     
           0          16   0.0000000000000000        0.0000000000000000     
           5          16   0.0000000000000000        0.0000000000000000     
          10          16   0.0000000000000000        0.0000000000000000     
          15          16   0.0000000000000000        0.0000000000000000     
          20          16   0.0000000000000000        0.0000000000000000     
          25          16   0.0000000000000000        0.0000000000000000     
          30          16   0.0000000000000000        0.0000000000000000     
          35          16   0.0000000000000000        0.0000000000000000     
          40          16   0.0000000000000000        0.0000000000000000     
          45          16   0.0000000000000000        0.0000000000000000     
          50          16   0.0000000000000000        0.0000000000000000     
          55          16   0.0000000000000000        0.0000000000000000     
          60          16   0.0000000000000000        0.0000000000000000     
          65          16   0.0000000000000000        0.0000000000000000     
          70          16   0.0000000000000000        0.0000000000000000     
          75          16   0.0000000000000000        0.0000000000000000     
          80          16   0.0000000000000000        0.0000000000000000     
          85          16   0.0000000000000000        0.0000000000000000     
          90          16   0.0000000000000000        0.0000000000000000     
          95          16   0.0000000000000000        0.0000000000000000     
