           0           0   0.0000000000000000        0.0000000000000000     
           5           0   0.0000000000000000        0.0000000000000000     
          10           0   0.0000000000000000        0.0000000000000000     
          15           0   0.0000000000000000        0.0000000000000000     
          20           0   0.0000000000000000        0.0000000000000000     
          25           0   0.0000000000000000        0.0000000000000000     
          30           0   0.0000000000000000        0.0000000000000000     
          35           0   0.0000000000000000        0.0000000000000000     
          40           0   0.0000000000000000        0.0000000000000000     
          45           0   0.0000000000000000        0.0000000000000000     
          50           0   0.0000000000000000        0.0000000000000000     
          55           0   0.0000000000000000        0.0000000000000000     
          60           0   0.0000000000000000        0.0000000000000000     
          65           0   0.0000000000000000        0.0000000000000000     
          70           0   0.0000000000000000        0.0000000000000000     
          75           0   0.0000000000000000        0.0000000000000000     
          80           0   0.0000000000000000        0.0000000000000000     
          85           0   0.0000000000000000        0.0000000000000000     
          90           0   0.0000000000000000        0.0000000000000000     
          95           0   0.0000000000000000        0.0000000000000000     
           0           1 -0.49924646398136208      -0.13244286242830583     
           5           1 -0.38198680176737554        3.0581162013820773E-003
          10           1 -0.34289609190274462      -0.12891454624242016     
          15           1 -0.28962265067988824       0.16255559651678908     
          20           1 -0.29762113408438040        8.0452832662558649E-003
          25           1 -0.28237150900167762       0.11603400486226434     
          30           1 -0.22672619223840229       -4.1211600514401425E-002
          35           1 -0.63933969531859702       0.19923563916890430     
          40           1 -0.76134860403698212      -0.21751484591159276     
          45           1 -0.59705567196033371       0.32250661767929678     
          50           1 -0.47958468080366856      -0.13642012821502014     
          55           1 -0.49143784362826182       0.23353900208467060     
          60           1 -0.33353053591866910       -3.2093175936775964E-002
          65           1 -0.36763137529760570       0.17732012146609577     
          70           1 -0.26830019031365282       -3.9500697214256419E-002
          75           1 -0.69765530881227278       0.38738714399522145     
          80           1 -0.47923945878380891      -0.10355650112425785     
          85           1 -0.46960877021717806       0.28246496516781683     
          90           1 -0.48412951336729293      -0.16484404689598442     
          95           1 -0.54070038665088305       0.26071122651516454     
           0           2  -1.1325143578722052       -5.2233040848115309E-002
           5           2  -1.1090574143945986       0.12388080157244019     
          10           2  -1.2256543617095161        8.7166962019491478E-002
          15           2  -1.5013331600854940       0.42732150711044525     
          20           2  -1.4057271595468990       0.33303251156580060     
          25           2  -1.4390031921607260       0.42133760243423524     
          30           2  -1.3902569596524472       0.29284347027980218     
          35           2  -1.4153214407031101       0.40702831622496660     
          40           2  -1.3490226241685832       -9.2690095034875242E-002
          45           2  -1.2740242994979667       0.38736958388962961     
          50           2  -1.3688890516405650       -6.5951408383391197E-002
          55           2  -1.1941972929463418       0.28229220601305727     
          60           2  -1.0772142551473962        1.2295038758214361E-002
          65           2  -1.3420887707127349       0.20866689449672293     
          70           2  -1.1769060648703089        3.8799367496622494E-003
          75           2  -1.3429909365214598       0.43224338311942390     
          80           2  -1.4186525744008804       -2.1086841506257059E-002
          85           2  -1.2883045167200180       0.36739922142370318     
          90           2  -1.1708092362994194      -0.11406053408880013     
          95           2  -1.1636165157113965       0.33529981678048770     
           0           3  -1.1785499641860098       -9.3325966437074470E-002
           5           3  -1.0785704004900865       -6.3282919986473729E-002
          10           3  -1.1070819031111512       0.14346756075145350     
          15           3  -1.4167067090475882       0.16886213720423981     
          20           3  -1.4287842923010885       0.47085185251871664     
          25           3  -1.5191125286229124       0.33570982225006318     
          30           3  -1.4691371474739867       0.36822274041226066     
          35           3  -1.4769158826055673       0.13062231944971359     
          40           3  -1.1833189077492534       0.20633904423306149     
          45           3  -1.1846763750256173       -6.5533736306466750E-002
          50           3  -1.1714512767113661        3.5785602587878884E-002
          55           3  -1.1378520530413994        3.6461212671312637E-003
          60           3  -1.1387912122984289        1.8082909147842940E-003
          65           3  -1.1221142698758513       -7.1837198241109235E-002
          70           3  -1.1503982810978641        4.8053981482887309E-003
          75           3  -1.2038488110022172      -0.15372325819162924     
          80           3  -1.2624485280099407        5.7884473823044402E-002
          85           3  -1.2217963588767589      -0.11080712713829044     
          90           3  -1.2001309016085315      -0.11344757521847271     
          95           3  -1.1970624537127605      -0.17829449562523081     
           0           4  -1.2010292444913917       -7.4561686433938235E-002
           5           4  -2.1727296625595471      -0.14943736668104890     
          10           4  -2.2200689782270189       0.13875110299377269     
          15           4  -1.2917492774811024       0.15827916756361304     
          20           4  -1.2305494103159731       0.32926437360636385     
          25           4  -1.1848093926225545       0.22918682487382824     
          30           4  -1.1932460386532284       0.21831512637682238     
          35           4  -1.2077255519926666       0.10959168044166745     
          40           4  -1.1916929115685093      -0.10291718797628135     
          45           4  -1.1634694072171214       -7.1683811699863043E-002
          50           4  -1.1160077116656453      -0.12373699182166575     
          55           4  -1.1190766398527785       -1.1584756647309291E-002
          60           4  -1.1148449961595475        6.1768499217684791E-002
          65           4  -1.0764569955057368       -8.6630064464188195E-002
          70           4  -1.1158616747053429       -9.2495128889424905E-003
          75           4  -1.1953468430903058      -0.14193880309321116     
          80           4  -1.1869740347236757      -0.12158334374401392     
          85           4  -1.2180502584158148       -8.7418178362774768E-002
          90           4  -1.1989641388510108      -0.12607934857022940     
          95           4  -1.1986068096092595      -0.18944845325385984     
           0           5  -2.4359755824950033      -0.14358143205495111     
           5           5  -1.0761445712770268      -0.12159753614238156     
          10           5  -1.0657446499351408       -9.9895534688698717E-003
          15           5  -2.2545902574133692       0.27490716571154650     
          20           5  -2.2276480135019483       0.32051070167238294     
          25           5  -2.2201648031128229       0.44397231929060865     
          30           5  -2.1230734477839519       0.23620962040116211     
          35           5  -2.1055467077957246       0.68921147030387431     
          40           5  -2.0641387601827432      -0.64384688770235954     
          45           5  -2.1173227620252533       -6.7308516302766463E-002
          50           5  -2.0955404054134874      -0.31088182936844788     
          55           5  -2.1557112439651860        3.9303330456874619E-003
          60           5  -2.1253706270130124       -5.6899716049940707E-005
          65           5  -2.0309020844422321      -0.15139961960120019     
          70           5  -2.0967380956449233      -0.30934526144221763     
          75           5  -2.2922323765328656      -0.11095245481929084     
          80           5  -2.3610478890390141      -0.27132009587038652     
          85           5  -2.3974844641827531      -0.13725262986596931     
          90           5  -2.3725444749089775      -0.19452146429621564     
          95           5  -2.3903629674038029      -0.34030486589120557     
           0           6  -1.2435260052727493       -9.8775889019186991E-002
           5           6  -1.0531526631352151      -0.10767692688595787     
          10           6 -0.98614675186681211        2.3218842266636841E-002
          15           6  -1.0240338281164441        4.5521249965041477E-002
          20           6  -1.0150214239601496       0.17092334863910708     
          25           6  -1.0436061492846704       0.15881852490906567     
          30           6 -0.99540920887264406       0.10778963683844012     
          35           6 -0.92342083274132847       0.19105627723892127     
          40           6 -0.95873035249383065      -0.25529491608722310     
          45           6 -0.93514274421835353      -0.31472844664204302     
          50           6 -0.98278335673995798      -0.12159069576522796     
          55           6  -1.0498840447326074      -0.18403685849044393     
          60           6  -1.0134586058185846        1.3929745090734968E-002
          65           6 -0.95215854045704873      -0.13319535474121125     
          70           6 -0.96446467374278200      -0.11749514859715759     
          75           6  -1.1977391013573424       -1.5130776134242296E-002
          80           6  -1.1696039744180098      -0.15059364548264398     
          85           6  -1.1756786354766291       -6.4803313293282372E-002
          90           6  -1.1835024834994101       -8.1302508059266643E-002
          95           6  -1.2048010628973316      -0.17531597944042687     
           0           7  -1.0692720136468159      -0.21183940907221199     
           5           7  -1.0384553861308987      -0.11616947218406892     
          10           7 -0.97433280180858617        4.6229193761959664E-003
          15           7 -0.98461011370787332        1.1173074465631316E-002
          20           7 -0.96490635320023443       0.17757716711308547     
          25           7 -0.97697895757420383       0.13779760874577107     
          30           7 -0.92232748100329331        6.4980735667852230E-002
          35           7 -0.87874020785250195       0.15737486520617239     
          40           7 -0.94674124603955079      -0.23309578210284343     
          45           7 -0.86401751957509987      -0.31823529122565475     
          50           7 -0.94414069792492228      -0.15083810496641092     
          55           7  -1.0331621926695789      -0.21032681717159107     
          60           7 -0.95758547683288953       -4.9107048161189937E-003
          65           7 -0.94094494514251892      -0.15472340099353943     
          70           7 -0.98186391269905471      -0.13228554315514174     
          75           7  -1.1779074345952267        1.4689286809144164E-003
          80           7  -1.1667427821748788      -0.15346528977389085     
          85           7  -1.1727084007873145       -6.0564731358958568E-002
          90           7  -1.1686458218918006      -0.10571370937295654     
          95           7  -1.2574121174679931      -0.16912896143583822     
           0           8  -1.0152404360506961      -0.28604603824256003     
           5           8  -1.0113331934569203      -0.15296542951404035     
          10           8 -0.94422157700613241      -0.11259437738608824     
          15           8 -0.93527696924944337        6.2272345617842007E-002
          20           8 -0.91458538777899889        4.3379488889883078E-002
          25           8 -0.92494331058290413       0.21108671783842681     
          30           8 -0.85816908669045233        6.7277594428816201E-002
          35           8 -0.82233605251502695       0.16884614366219353     
          40           8 -0.84030617070851576      -0.35158969890147773     
          45           8 -0.78727843973780409      -0.27161542361042734     
          50           8 -0.91527858593565270      -0.13917406260333109     
          55           8  -1.0032123277881055      -0.16565496727238838     
          60           8 -0.89392273384447662       -8.5296460721195899E-002
          65           8 -0.90807167815398770      -0.14173108690229697     
          70           8  -1.0409742444750236      -0.16354894039949386     
          75           8  -1.1720246729396422       -2.7927403145611152E-003
          80           8  -1.1805616512106099      -0.15513056681903947     
          85           8  -1.1471299621490516       -8.6923462792043438E-002
          90           8  -1.1297946515043122       -9.6168155145903711E-002
          95           8  -1.0898707699169563      -0.20745037378588904     
           0           9  -1.0277139452202766      -0.27817857247924849     
           5           9 -0.99432417629330416      -0.15201408076315204     
          10           9 -0.89668449013480256       -9.1205223835544302E-002
          15           9 -0.88290983125460798        2.2661597611772777E-002
          20           9 -0.88882299985826307        1.9614308799376090E-002
          25           9 -0.88296634347173608       0.19179762818843926     
          30           9 -0.82249790358090991        8.5062594878948516E-002
          35           9 -0.77112918720700918       0.14598507621421675     
          40           9 -0.74047835507684567      -0.42082464084103322     
          45           9 -0.77445054593283658      -0.25743410759559993     
          50           9 -0.96763373715447187      -0.10653422076067898     
          55           9  -1.0101599207956724      -0.16447333043956291     
          60           9 -0.86745047447323032       -9.4562491002037063E-002
          65           9 -0.90762463095472867      -0.15754828821101796     
          70           9 -0.85360554379576570      -0.26868566600946053     
          75           9  -1.1563419820248555       -2.7078180204753721E-002
          80           9  -1.1386275855329586      -0.15897367565465004     
          85           9  -1.1081159164660903      -0.10363230545706870     
          90           9  -1.1356114201532819       -9.1863039495265753E-002
          95           9  -1.0743347240804724      -0.22056808967718666     
           0          10   0.0000000000000000        0.0000000000000000     
           5          10   0.0000000000000000        0.0000000000000000     
          10          10   0.0000000000000000        0.0000000000000000     
          15          10   0.0000000000000000        0.0000000000000000     
          20          10   0.0000000000000000        0.0000000000000000     
          25          10   0.0000000000000000        0.0000000000000000     
          30          10   0.0000000000000000        0.0000000000000000     
          35          10   0.0000000000000000        0.0000000000000000     
          40          10   0.0000000000000000        0.0000000000000000     
          45          10   0.0000000000000000        0.0000000000000000     
          50          10   0.0000000000000000        0.0000000000000000     
          55          10   0.0000000000000000        0.0000000000000000     
          60          10   0.0000000000000000        0.0000000000000000     
          65          10   0.0000000000000000        0.0000000000000000     
          70          10   0.0000000000000000        0.0000000000000000     
          75          10   0.0000000000000000        0.0000000000000000     
          80          10   0.0000000000000000        0.0000000000000000     
          85          10   0.0000000000000000        0.0000000000000000     
          90          10   0.0000000000000000        0.0000000000000000     
          95          10   0.0000000000000000        0.0000000000000000     
           0          11   0.0000000000000000        0.0000000000000000     
           5          11   0.0000000000000000        0.0000000000000000     
          10          11   0.0000000000000000        0.0000000000000000     
          15          11   0.0000000000000000        0.0000000000000000     
          20          11   0.0000000000000000        0.0000000000000000     
          25          11   0.0000000000000000        0.0000000000000000     
          30          11   0.0000000000000000        0.0000000000000000     
          35          11   0.0000000000000000        0.0000000000000000     
          40          11   0.0000000000000000        0.0000000000000000     
          45          11   0.0000000000000000        0.0000000000000000     
          50          11   0.0000000000000000        0.0000000000000000     
          55          11   0.0000000000000000        0.0000000000000000     
          60          11   0.0000000000000000        0.0000000000000000     
          65          11   0.0000000000000000        0.0000000000000000     
          70          11   0.0000000000000000        0.0000000000000000     
          75          11   0.0000000000000000        0.0000000000000000     
          80          11   0.0000000000000000        0.0000000000000000     
          85          11   0.0000000000000000        0.0000000000000000     
          90          11   0.0000000000000000        0.0000000000000000     
          95          11   0.0000000000000000        0.0000000000000000     
           0          12   0.0000000000000000        0.0000000000000000     
           5          12   0.0000000000000000        0.0000000000000000     
          10          12   0.0000000000000000        0.0000000000000000     
          15          12   0.0000000000000000        0.0000000000000000     
          20          12   0.0000000000000000        0.0000000000000000     
          25          12   0.0000000000000000        0.0000000000000000     
          30          12   0.0000000000000000        0.0000000000000000     
          35          12   0.0000000000000000        0.0000000000000000     
          40          12   0.0000000000000000        0.0000000000000000     
          45          12   0.0000000000000000        0.0000000000000000     
          50          12   0.0000000000000000        0.0000000000000000     
          55          12   0.0000000000000000        0.0000000000000000     
          60          12   0.0000000000000000        0.0000000000000000     
          65          12   0.0000000000000000        0.0000000000000000     
          70          12   0.0000000000000000        0.0000000000000000     
          75          12   0.0000000000000000        0.0000000000000000     
          80          12   0.0000000000000000        0.0000000000000000     
          85          12   0.0000000000000000        0.0000000000000000     
          90          12   0.0000000000000000        0.0000000000000000     
          95          12   0.0000000000000000        0.0000000000000000     
           0          13   0.0000000000000000        0.0000000000000000     
           5          13   0.0000000000000000        0.0000000000000000     
          10          13   0.0000000000000000        0.0000000000000000     
          15          13   0.0000000000000000        0.0000000000000000     
          20          13   0.0000000000000000        0.0000000000000000     
          25          13   0.0000000000000000        0.0000000000000000     
          30          13   0.0000000000000000        0.0000000000000000     
          35          13   0.0000000000000000        0.0000000000000000     
          40          13   0.0000000000000000        0.0000000000000000     
          45          13   0.0000000000000000        0.0000000000000000     
          50          13   0.0000000000000000        0.0000000000000000     
          55          13   0.0000000000000000        0.0000000000000000     
          60          13   0.0000000000000000        0.0000000000000000     
          65          13   0.0000000000000000        0.0000000000000000     
          70          13   0.0000000000000000        0.0000000000000000     
          75          13   0.0000000000000000        0.0000000000000000     
          80          13   0.0000000000000000        0.0000000000000000     
          85          13   0.0000000000000000        0.0000000000000000     
          90          13   0.0000000000000000        0.0000000000000000     
          95          13   0.0000000000000000        0.0000000000000000     
           0          14   0.0000000000000000        0.0000000000000000     
           5          14   0.0000000000000000        0.0000000000000000     
          10          14   0.0000000000000000        0.0000000000000000     
          15          14   0.0000000000000000        0.0000000000000000     
          20          14   0.0000000000000000        0.0000000000000000     
          25          14   0.0000000000000000        0.0000000000000000     
          30          14   0.0000000000000000        0.0000000000000000     
          35          14   0.0000000000000000        0.0000000000000000     
          40          14   0.0000000000000000        0.0000000000000000     
          45          14   0.0000000000000000        0.0000000000000000     
          50          14   0.0000000000000000        0.0000000000000000     
          55          14   0.0000000000000000        0.0000000000000000     
          60          14   0.0000000000000000        0.0000000000000000     
          65          14   0.0000000000000000        0.0000000000000000     
          70          14   0.0000000000000000        0.0000000000000000     
          75          14   0.0000000000000000        0.0000000000000000     
          80          14   0.0000000000000000        0.0000000000000000     
          85          14   0.0000000000000000        0.0000000000000000     
          90          14   0.0000000000000000        0.0000000000000000     
          95          14   0.0000000000000000        0.0000000000000000     
           0          15   0.0000000000000000        0.0000000000000000     
           5          15   0.0000000000000000        0.0000000000000000     
          10          15   0.0000000000000000        0.0000000000000000     
          15          15   0.0000000000000000        0.0000000000000000     
          20          15   0.0000000000000000        0.0000000000000000     
          25          15   0.0000000000000000        0.0000000000000000     
          30          15   0.0000000000000000        0.0000000000000000     
          35          15   0.0000000000000000        0.0000000000000000     
          40          15   0.0000000000000000        0.0000000000000000     
          45          15   0.0000000000000000        0.0000000000000000     
          50          15   0.0000000000000000        0.0000000000000000     
          55          15   0.0000000000000000        0.0000000000000000     
          60          15   0.0000000000000000        0.0000000000000000     
          65          15   0.0000000000000000        0.0000000000000000     
          70          15   0.0000000000000000        0.0000000000000000     
          75          15   0.0000000000000000        0.0000000000000000     
          80          15   0.0000000000000000        0.0000000000000000     
          85          15   0.0000000000000000        0.0000000000000000     
          90          15   0.0000000000000000        0.0000000000000000     
          95          15   0.0000000000000000        0.0000000000000000     
           0          16   0.0000000000000000        0.0000000000000000     
           5          16   0.0000000000000000        0.0000000000000000     
          10          16   0.0000000000000000        0.0000000000000000     
          15          16   0.0000000000000000        0.0000000000000000     
          20          16   0.0000000000000000        0.0000000000000000     
          25          16   0.0000000000000000        0.0000000000000000     
          30          16   0.0000000000000000        0.0000000000000000     
          35          16   0.0000000000000000        0.0000000000000000     
          40          16   0.0000000000000000        0.0000000000000000     
          45          16   0.0000000000000000        0.0000000000000000     
          50          16   0.0000000000000000        0.0000000000000000     
          55          16   0.0000000000000000        0.0000000000000000     
          60          16   0.0000000000000000        0.0000000000000000     
          65          16   0.0000000000000000        0.0000000000000000     
          70          16   0.0000000000000000        0.0000000000000000     
          75          16   0.0000000000000000        0.0000000000000000     
          80          16   0.0000000000000000        0.0000000000000000     
          85          16   0.0000000000000000        0.0000000000000000     
          90          16   0.0000000000000000        0.0000000000000000     
          95          16   0.0000000000000000        0.0000000000000000     
