           0           0   0.0000000000000000        0.0000000000000000     
           5           0   0.0000000000000000        0.0000000000000000     
          10           0   0.0000000000000000        0.0000000000000000     
          15           0   0.0000000000000000        0.0000000000000000     
          20           0   0.0000000000000000        0.0000000000000000     
          25           0   0.0000000000000000        0.0000000000000000     
          30           0   0.0000000000000000        0.0000000000000000     
          35           0   0.0000000000000000        0.0000000000000000     
          40           0   0.0000000000000000        0.0000000000000000     
          45           0   0.0000000000000000        0.0000000000000000     
          50           0   0.0000000000000000        0.0000000000000000     
          55           0   0.0000000000000000        0.0000000000000000     
          60           0   0.0000000000000000        0.0000000000000000     
          65           0   0.0000000000000000        0.0000000000000000     
          70           0   0.0000000000000000        0.0000000000000000     
          75           0   0.0000000000000000        0.0000000000000000     
          80           0   0.0000000000000000        0.0000000000000000     
          85           0   0.0000000000000000        0.0000000000000000     
          90           0   0.0000000000000000        0.0000000000000000     
          95           0   0.0000000000000000        0.0000000000000000     
           0           1 -0.40344502658912207      -0.16738209159372630     
           5           1 -0.17241503383225165       0.18029359449944771     
          10           1 -0.47370656782952381      -0.17387288670844825     
          15           1 -0.55672543110674155       0.15739428647298936     
          20           1 -0.62820595083223907      -0.18797945450454989     
          25           1 -0.57772467538796946       -2.3598777093569723E-002
          30           1 -0.34251659670303525       -5.7844440521925833E-002
          35           1 -0.32631899752999516       -1.3022585758637462E-002
          40           1 -0.30499117077198434       -1.0070305008769154E-002
          45           1 -0.30761949574298342        8.1391385211571077E-002
          50           1 -0.33779601718464392       -6.0692180056109990E-002
          55           1 -0.37926775920738010       -4.4869509322476020E-002
          60           1 -0.29967265348318506       -2.9245126459409576E-002
          65           1 -0.33965744719921531        2.5306087244603148E-002
          70           1 -0.29831229916510438      -0.15490139055329699     
          75           1 -0.34952970409563022       0.10458045006211947     
          80           1 -0.34103988156175546      -0.24438356120093374     
          85           1 -0.29824692639124351       0.14414638980775329     
          90           1 -0.30994770675363270       -1.2449527605484789E-002
          95           1 -0.29504033044247535       0.12253113783944336     
           0           2  -1.0230153572382550       0.12621431751513867     
           5           2  -1.0393804021058273       0.30062514948969721     
          10           2  -1.2657822724992940        3.9016978061745533E-002
          15           2  -1.1730609169280370        1.8993202890449368E-002
          20           2  -1.5295530936754176       -2.7879513115891541E-002
          25           2  -1.2923315501467414      -0.16880545002040392     
          30           2  -1.1117160950924188        5.8495624655208189E-002
          35           2  -1.1638378185807596        7.7109390685947687E-002
          40           2  -1.2186459441565489        8.7779042026170373E-002
          45           2  -1.2772862742238544       0.21941696486393880     
          50           2  -1.3482166443168353       0.10229108097892237     
          55           2  -1.2660620524584942       0.18222746497542630     
          60           2  -1.1776628003090650       0.12673244861760580     
          65           2  -1.2122384571711109       0.15288555772041690     
          70           2  -1.2127939060491144       0.10282854681076259     
          75           2  -1.1304613357765447       0.17388147393493369     
          80           2  -1.0834040159579672        8.3609911161186545E-002
          85           2  -1.0952273055409023       0.24601231576104610     
          90           2  -1.0287127180674815       0.11973338416071400     
          95           2  -1.0653697303553145       0.19918858841672105     
           0           3  -1.0056478896488390       0.16004046216044898     
           5           3 -0.97950337548446953       0.35031939607410578     
          10           3  -1.1862570448961662       0.16744125112655439     
          15           3  -1.2725917055522729        1.7744258482554898E-002
          20           3  -1.1524224863279642        9.1643200834656824E-002
          25           3  -1.3785082905037882        8.0168390399482092E-002
          30           3  -1.1995545077425618       0.26567364025842366     
          35           3  -1.2535477281971907       -8.0121047019154901E-003
          40           3  -1.2198368772331492       0.21838801611551162     
          45           3  -1.2209937409934923       0.24351156447055544     
          50           3  -1.0903764684400130       0.10777621478608168     
          55           3  -1.0865705107221402       0.27112029644227320     
          60           3  -1.1907780800513024       0.31027607055644779     
          65           3  -1.2041517945249325       0.11780535889904797     
          70           3  -1.1668698267186528       0.11441341893903001     
          75           3  -1.1537663731076009       0.14291412744338317     
          80           3  -1.1266609816829032       0.20834522513224485     
          85           3  -1.1173612309534064       0.22758749143481083     
          90           3  -1.0868659751395171       0.27753759259452337     
          95           3  -1.0848201802815538       0.18044742602363328     
           0           4  -1.0213750343962547       0.18352143875688398     
           5           4 -0.99205882952091429       0.38424103992795722     
          10           4  -2.1138998586156532       0.31365794594062635     
          15           4  -1.8085563853809106      -0.33906663391647385     
          20           4 -0.88821991200305206       -8.2640861420735234E-002
          25           4  -1.4016819718065676        3.8846581182916395E-002
          30           4  -1.1219650720661889        9.5140279570138375E-002
          35           4  -1.2139378937447987      -0.13782743700119227     
          40           4  -1.2333774034800626       0.22172561491284881     
          45           4  -1.2503009518027852       0.14110462185357164     
          50           4  -1.0380430266465623        5.0341296091716004E-002
          55           4  -1.1231279282597484       0.25518405439850511     
          60           4  -1.1960023226365024       0.22153764262622389     
          65           4  -1.2258160105460547       0.11858892676297472     
          70           4  -1.2324727586587869       0.17595072788978428     
          75           4  -1.1992161959284431       0.17230552203706395     
          80           4  -1.2354211005316529       0.23458624947458873     
          85           4  -1.1651666086009982       0.21564357692849256     
          90           4  -1.0999182143223152       0.26175040019893459     
          95           4  -1.0710814127179447       0.16381182498914626     
           0           5  -2.1628985864143022       0.34155354457165998     
           5           5  -2.0083447278596012       0.83854536464311735     
          10           5 -0.88054157862949012       0.14428499679919327     
          15           5 -0.74216686038575119      -0.26153899706837791     
          20           5  -1.3206576868896036      -0.54786437869047688     
          25           5  -1.5075905418093782      -0.24420594146867813     
          30           5  -1.3844298463361326      -0.35382042411935544     
          35           5  -1.8596430465933622      -0.25888723795830515     
          40           5  -2.2488519325847278       -6.3025616592327083E-003
          45           5  -2.0905845162033643       0.55056495000815886     
          50           5  -2.1974886056241871       0.30222972857263386     
          55           5  -2.4521250792020055       0.51545602855807005     
          60           5  -2.4325287491677727       0.58407069650989740     
          65           5  -2.3291743044495661       -3.6142429875596349E-002
          70           5  -2.5298331480883007       0.30388060070496437     
          75           5  -2.5068567541097764       0.35261535537678412     
          80           5  -2.5713057777920767       0.45436324384251492     
          85           5  -2.4125652900153227       0.37535837059010646     
          90           5  -2.2252377709008897       0.48290896559777252     
          95           5  -2.1312135494611084       0.34403375070102271     
           0           6 -0.86603003317836658        2.2838994198082219E-002
           5           6 -0.85602233741877143       0.27965006788033264     
          10           6 -0.75176751687777710       0.16542305451228145     
          15           6 -0.63709282365209674      -0.51849168484885411     
          20           6 -0.48638333639772213      -0.21854368632112653     
          25           6 -0.63232994573780843      -0.29585277210308902     
          30           6 -0.53109451958022191      -0.24830589208324483     
          35           6 -0.50545843048865891      -0.23860403385089768     
          40           6 -0.76814371045230700      -0.13108536798256409     
          45           6 -0.74791010082009279      -0.21329007333648065     
          50           6 -0.71889858222817793       -3.5968672618125197E-002
          55           6 -0.66622948235561807      -0.46259080025201627     
          60           6 -0.73070330817159856       0.13995646213516011     
          65           6 -0.86377293179396020      -0.15294462720305546     
          70           6 -0.95821722439382029       -5.5469157520526835E-002
          75           6 -0.95899843309155131       -3.6648563876973128E-002
          80           6 -0.93082525438603625        2.7659432442206366E-002
          85           6 -0.86458586935123094       -1.6408085845576181E-002
          90           6 -0.88737242563752261        8.4755602856034784E-002
          95           6 -0.83735186393596450        3.1574260797029297E-002
           0           7 -0.76538942313686409       -5.4197456904603314E-002
           5           7 -0.75420894236621905       0.22218992183908881     
          10           7 -0.68183941621668964       0.12552568374069040     
          15           7 -0.55685271876271258      -0.48402873658481838     
          20           7 -0.47527057754237489      -0.23817683126647893     
          25           7 -0.59183782681770936      -0.29595266607174153     
          30           7 -0.55931592212843384      -0.21870897179532278     
          35           7 -0.54977156899838064      -0.37024960515275041     
          40           7 -0.76554694167896287       -8.3977332705487129E-002
          45           7 -0.62887755660767652      -0.27826518710138970     
          50           7 -0.57427470657955837       -9.0775695849032445E-004
          55           7 -0.42142393812838463      -0.45955051584556372     
          60           7 -0.37847708131977242      -0.15575315184701566     
          65           7 -0.74609108779100097      -0.52495538483299242     
          70           7 -0.59756200279537097      -0.24588592536733955     
          75           7 -0.71322916745941711      -0.14765185473386566     
          80           7 -0.71471039774451128       -9.4487534272325036E-002
          85           7 -0.69613610399699155       -7.5523640452601626E-002
          90           7 -0.74652018547283205        1.1186068040736075E-002
          95           7 -0.71954792886685937       -1.4196144859646154E-002
           0           8 -0.71987645736681927      -0.11476879441474352     
           5           8 -0.74073883725933598       0.17233963763629845     
          10           8 -0.59884832259271548        6.7312197646884897E-002
          15           8 -0.55163738656993644      -0.44379810979044976     
          20           8 -0.48404483125707998      -0.40740644061010300     
          25           8 -0.57474878410346264      -0.22240145616692075     
          30           8 -0.53312338659239344      -0.20909687603598570     
          35           8 -0.44883414403784627      -0.37185666466044154     
          40           8 -0.73841552506337393      -0.15747546161293258     
          45           8 -0.65548752218091977        1.8943172044316725E-002
          50           8 -0.55463333730187969      -0.33111428729526438     
          55           8 -0.34488592433490339        5.6274164714764652E-002
          60           8 -0.34179559968094964       0.18704301057326234     
          65           8 -0.49725427714975012      -0.32470877707524437     
          70           8 -0.68714222969390448      -0.18420988316059095     
          75           8 -0.73690850129537466      -0.16584581209677651     
          80           8 -0.68265367318076642      -0.11958387528210324     
          85           8 -0.67560994608584224       -4.2944038582959365E-002
          90           8 -0.68727738870677513      -0.11901651348011910     
          95           8 -0.65666259764896040       -5.6822681351320625E-002
           0           9 -0.66754740913443911      -0.13857958131247017     
           5           9 -0.69373333625666334       0.16269129739399091     
          10           9 -0.55711139101077833        5.4005530705225624E-002
          15           9 -0.54704238436009689      -0.45719428981350063     
          20           9 -0.51046601360127397      -0.39308190848075242     
          25           9 -0.61057206481862636      -0.19629489864669836     
          30           9 -0.51864907934628945      -0.18944459880820830     
          35           9 -0.50056621194727313      -0.33287321357988731     
          40           9 -0.85390447878808118      -0.29863766855875440     
          45           9 -0.65545139758427240        9.1784337170608410E-002
          50           9 -0.56729092644758339      -0.25145354312527957     
          55           9 -0.44792625999434676       -6.5567869231841769E-002
          60           9 -0.61548601479444187       0.35356529334507059     
          65           9 -0.54078770745036309      -0.29194081858641141     
          70           9 -0.65058871477674529       -9.9957087762447827E-002
          75           9 -0.64066592898370800      -0.15580218044597416     
          80           9 -0.67969974111292686       -8.4458073557058810E-002
          85           9 -0.69318171469490153        3.2452268428073694E-003
          90           9 -0.65850384523002958       -8.5789609789443944E-002
          95           9 -0.67192303063734471       -4.9305071554428537E-002
           0          10   0.0000000000000000        0.0000000000000000     
           5          10   0.0000000000000000        0.0000000000000000     
          10          10   0.0000000000000000        0.0000000000000000     
          15          10   0.0000000000000000        0.0000000000000000     
          20          10   0.0000000000000000        0.0000000000000000     
          25          10   0.0000000000000000        0.0000000000000000     
          30          10   0.0000000000000000        0.0000000000000000     
          35          10   0.0000000000000000        0.0000000000000000     
          40          10   0.0000000000000000        0.0000000000000000     
          45          10   0.0000000000000000        0.0000000000000000     
          50          10   0.0000000000000000        0.0000000000000000     
          55          10   0.0000000000000000        0.0000000000000000     
          60          10   0.0000000000000000        0.0000000000000000     
          65          10   0.0000000000000000        0.0000000000000000     
          70          10   0.0000000000000000        0.0000000000000000     
          75          10   0.0000000000000000        0.0000000000000000     
          80          10   0.0000000000000000        0.0000000000000000     
          85          10   0.0000000000000000        0.0000000000000000     
          90          10   0.0000000000000000        0.0000000000000000     
          95          10   0.0000000000000000        0.0000000000000000     
           0          11   0.0000000000000000        0.0000000000000000     
           5          11   0.0000000000000000        0.0000000000000000     
          10          11   0.0000000000000000        0.0000000000000000     
          15          11   0.0000000000000000        0.0000000000000000     
          20          11   0.0000000000000000        0.0000000000000000     
          25          11   0.0000000000000000        0.0000000000000000     
          30          11   0.0000000000000000        0.0000000000000000     
          35          11   0.0000000000000000        0.0000000000000000     
          40          11   0.0000000000000000        0.0000000000000000     
          45          11   0.0000000000000000        0.0000000000000000     
          50          11   0.0000000000000000        0.0000000000000000     
          55          11   0.0000000000000000        0.0000000000000000     
          60          11   0.0000000000000000        0.0000000000000000     
          65          11   0.0000000000000000        0.0000000000000000     
          70          11   0.0000000000000000        0.0000000000000000     
          75          11   0.0000000000000000        0.0000000000000000     
          80          11   0.0000000000000000        0.0000000000000000     
          85          11   0.0000000000000000        0.0000000000000000     
          90          11   0.0000000000000000        0.0000000000000000     
          95          11   0.0000000000000000        0.0000000000000000     
           0          12   0.0000000000000000        0.0000000000000000     
           5          12   0.0000000000000000        0.0000000000000000     
          10          12   0.0000000000000000        0.0000000000000000     
          15          12   0.0000000000000000        0.0000000000000000     
          20          12   0.0000000000000000        0.0000000000000000     
          25          12   0.0000000000000000        0.0000000000000000     
          30          12   0.0000000000000000        0.0000000000000000     
          35          12   0.0000000000000000        0.0000000000000000     
          40          12   0.0000000000000000        0.0000000000000000     
          45          12   0.0000000000000000        0.0000000000000000     
          50          12   0.0000000000000000        0.0000000000000000     
          55          12   0.0000000000000000        0.0000000000000000     
          60          12   0.0000000000000000        0.0000000000000000     
          65          12   0.0000000000000000        0.0000000000000000     
          70          12   0.0000000000000000        0.0000000000000000     
          75          12   0.0000000000000000        0.0000000000000000     
          80          12   0.0000000000000000        0.0000000000000000     
          85          12   0.0000000000000000        0.0000000000000000     
          90          12   0.0000000000000000        0.0000000000000000     
          95          12   0.0000000000000000        0.0000000000000000     
           0          13   0.0000000000000000        0.0000000000000000     
           5          13   0.0000000000000000        0.0000000000000000     
          10          13   0.0000000000000000        0.0000000000000000     
          15          13   0.0000000000000000        0.0000000000000000     
          20          13   0.0000000000000000        0.0000000000000000     
          25          13   0.0000000000000000        0.0000000000000000     
          30          13   0.0000000000000000        0.0000000000000000     
          35          13   0.0000000000000000        0.0000000000000000     
          40          13   0.0000000000000000        0.0000000000000000     
          45          13   0.0000000000000000        0.0000000000000000     
          50          13   0.0000000000000000        0.0000000000000000     
          55          13   0.0000000000000000        0.0000000000000000     
          60          13   0.0000000000000000        0.0000000000000000     
          65          13   0.0000000000000000        0.0000000000000000     
          70          13   0.0000000000000000        0.0000000000000000     
          75          13   0.0000000000000000        0.0000000000000000     
          80          13   0.0000000000000000        0.0000000000000000     
          85          13   0.0000000000000000        0.0000000000000000     
          90          13   0.0000000000000000        0.0000000000000000     
          95          13   0.0000000000000000        0.0000000000000000     
           0          14   0.0000000000000000        0.0000000000000000     
           5          14   0.0000000000000000        0.0000000000000000     
          10          14   0.0000000000000000        0.0000000000000000     
          15          14   0.0000000000000000        0.0000000000000000     
          20          14   0.0000000000000000        0.0000000000000000     
          25          14   0.0000000000000000        0.0000000000000000     
          30          14   0.0000000000000000        0.0000000000000000     
          35          14   0.0000000000000000        0.0000000000000000     
          40          14   0.0000000000000000        0.0000000000000000     
          45          14   0.0000000000000000        0.0000000000000000     
          50          14   0.0000000000000000        0.0000000000000000     
          55          14   0.0000000000000000        0.0000000000000000     
          60          14   0.0000000000000000        0.0000000000000000     
          65          14   0.0000000000000000        0.0000000000000000     
          70          14   0.0000000000000000        0.0000000000000000     
          75          14   0.0000000000000000        0.0000000000000000     
          80          14   0.0000000000000000        0.0000000000000000     
          85          14   0.0000000000000000        0.0000000000000000     
          90          14   0.0000000000000000        0.0000000000000000     
          95          14   0.0000000000000000        0.0000000000000000     
           0          15   0.0000000000000000        0.0000000000000000     
           5          15   0.0000000000000000        0.0000000000000000     
          10          15   0.0000000000000000        0.0000000000000000     
          15          15   0.0000000000000000        0.0000000000000000     
          20          15   0.0000000000000000        0.0000000000000000     
          25          15   0.0000000000000000        0.0000000000000000     
          30          15   0.0000000000000000        0.0000000000000000     
          35          15   0.0000000000000000        0.0000000000000000     
          40          15   0.0000000000000000        0.0000000000000000     
          45          15   0.0000000000000000        0.0000000000000000     
          50          15   0.0000000000000000        0.0000000000000000     
          55          15   0.0000000000000000        0.0000000000000000     
          60          15   0.0000000000000000        0.0000000000000000     
          65          15   0.0000000000000000        0.0000000000000000     
          70          15   0.0000000000000000        0.0000000000000000     
          75          15   0.0000000000000000        0.0000000000000000     
          80          15   0.0000000000000000        0.0000000000000000     
          85          15   0.0000000000000000        0.0000000000000000     
          90          15   0.0000000000000000        0.0000000000000000     
          95          15   0.0000000000000000        0.0000000000000000     
           0          16   0.0000000000000000        0.0000000000000000     
           5          16   0.0000000000000000        0.0000000000000000     
          10          16   0.0000000000000000        0.0000000000000000     
          15          16   0.0000000000000000        0.0000000000000000     
          20          16   0.0000000000000000        0.0000000000000000     
          25          16   0.0000000000000000        0.0000000000000000     
          30          16   0.0000000000000000        0.0000000000000000     
          35          16   0.0000000000000000        0.0000000000000000     
          40          16   0.0000000000000000        0.0000000000000000     
          45          16   0.0000000000000000        0.0000000000000000     
          50          16   0.0000000000000000        0.0000000000000000     
          55          16   0.0000000000000000        0.0000000000000000     
          60          16   0.0000000000000000        0.0000000000000000     
          65          16   0.0000000000000000        0.0000000000000000     
          70          16   0.0000000000000000        0.0000000000000000     
          75          16   0.0000000000000000        0.0000000000000000     
          80          16   0.0000000000000000        0.0000000000000000     
          85          16   0.0000000000000000        0.0000000000000000     
          90          16   0.0000000000000000        0.0000000000000000     
          95          16   0.0000000000000000        0.0000000000000000     
