           0           0   0.0000000000000000        0.0000000000000000     
           5           0   0.0000000000000000        0.0000000000000000     
          10           0   0.0000000000000000        0.0000000000000000     
          15           0   0.0000000000000000        0.0000000000000000     
          20           0   0.0000000000000000        0.0000000000000000     
          25           0   0.0000000000000000        0.0000000000000000     
          30           0   0.0000000000000000        0.0000000000000000     
          35           0   0.0000000000000000        0.0000000000000000     
          40           0   0.0000000000000000        0.0000000000000000     
          45           0   0.0000000000000000        0.0000000000000000     
          50           0   0.0000000000000000        0.0000000000000000     
          55           0   0.0000000000000000        0.0000000000000000     
          60           0   0.0000000000000000        0.0000000000000000     
          65           0   0.0000000000000000        0.0000000000000000     
          70           0   0.0000000000000000        0.0000000000000000     
          75           0   0.0000000000000000        0.0000000000000000     
          80           0   0.0000000000000000        0.0000000000000000     
          85           0   0.0000000000000000        0.0000000000000000     
          90           0   0.0000000000000000        0.0000000000000000     
          95           0   0.0000000000000000        0.0000000000000000     
           0           1 -0.75809877125965208      -0.19251649322926667     
           5           1 -0.59836639845212147       0.38904615809798315     
          10           1 -0.41207547387678289      -0.10259120571065594     
          15           1 -0.80728501079541104       0.22220699072539318     
          20           1 -0.48139711623207404      -0.15895969635693064     
          25           1 -0.66849528831625094       0.33998139252422455     
          30           1 -0.69892279759287135      -0.17991785996485099     
          35           1 -0.63423104119664231       0.20860339250972082     
          40           1 -0.51566125385704709      -0.17121511242557119     
          45           1 -0.72576719510664134       0.34866206829686774     
          50           1 -0.65446330800966734      -0.26425953586928230     
          55           1 -0.72489483223137086       0.43724893038721291     
          60           1 -0.67571555955936446      -0.13355336573761534     
          65           1 -0.60010130297882824       0.47893781198848906     
          70           1 -0.60982310287727159      -0.15471648869835875     
          75           1 -0.85434964006481096       0.38342004716307443     
          80           1 -0.77514090662589297      -0.11609886672592218     
          85           1 -0.57359958574920711       0.28160883159489281     
          90           1 -0.52554387444558870      -0.15025120499445599     
          95           1 -0.69533200310445409       0.40314818020914522     
           0           2  -1.2874459572537189       -7.0272403884796830E-002
           5           2  -1.1132611857389563       0.40145176616546152     
          10           2  -1.0381000202919211       0.14398091802370061     
          15           2 -0.97685909698164153       0.30788611004028965     
          20           2  -1.1166483756497314       0.11085122520348989     
          25           2  -1.1589828461744389       0.46885235972737860     
          30           2 -0.97351550634172668      -0.18801333614426596     
          35           2 -0.98246007798508117       0.31075422346926729     
          40           2  -1.1123954768166300        9.4142396389607086E-003
          45           2 -0.99467122954166598       0.45151364939322036     
          50           2 -0.99928433954232787       -4.0025586169889493E-002
          55           2  -1.0315705357299976       0.35137187990974539     
          60           2  -1.1632843565578810        8.4267037689933488E-002
          65           2 -0.98735183449605302       0.65039993101478899     
          70           2  -1.1105051028437174        3.1489819753982573E-002
          75           2 -0.98604656685097325       0.40012006336409556     
          80           2  -1.1788285866032311        1.1800077439616530E-002
          85           2 -0.98876500182143445       0.24909839585474103     
          90           2 -0.84771577000708476       -2.7149638957002509E-002
          95           2 -0.98167692151207575       0.52377062773389937     
           0           3  -1.1763576626491745        9.3003968459903774E-003
           5           3  -1.2098010861860686        9.5675402378425645E-003
          10           3  -1.0781159411621388        2.3372108379771106E-002
          15           3  -1.0493791987276069       0.20757299259654971     
          20           3  -1.1327444020814426       -4.1617199708632313E-002
          25           3  -1.1339701072721198       0.10604189630392113     
          30           3  -1.1506127887450646      -0.14375352379802919     
          35           3  -1.0369824491007762        3.3231387703835935E-002
          40           3 -0.97758548641024845      -0.22241202903394708     
          45           3  -1.0821694712248586       0.13160127061428994     
          50           3  -1.1066216864819012       -8.7680381188892653E-002
          55           3  -1.1270726705703282       -1.6002710381268770E-002
          60           3  -1.1086165711304830        6.4074920884671371E-002
          65           3 -0.97734990198716787       -1.1202793097631059E-002
          70           3  -1.0335795304428075       0.15738313727364783     
          75           3  -1.0944090129783035      -0.15682537988448431     
          80           3  -1.1077356981559205       0.12711175329416236     
          85           3  -1.0622406269789053       -1.2117925218824155E-002
          90           3  -1.0808606063505977       -6.8475303582893332E-003
          95           3  -1.1213736585347078        8.7050944830302512E-003
           0           4  -1.1378941224854389       -6.7133347019243672E-002
           5           4  -1.1715967449799081       -2.1003953789566765E-002
          10           4  -1.0055545304066271       0.21483115154374843     
          15           4  -1.0860327233519484       0.28516118875554497     
          20           4  -1.2004641171969865        2.2340101719642291E-002
          25           4  -2.2655424377759914       0.21382841719930212     
          30           4  -1.1364520480761087       -5.4273971978879842E-002
          35           4  -2.2444438265267763       -1.3802826570596949E-003
          40           4  -1.0745243951859607      -0.21034915092865702     
          45           4  -2.2411064175642537       0.17771559413848337     
          50           4  -2.2802937764510034      -0.23222938581035635     
          55           4  -2.3038451393375681       -5.6776706292005485E-002
          60           4  -1.0003763186361425       0.10237627743325817     
          65           4  -2.2652725932204021      -0.11811469057931845     
          70           4  -2.2713837845600438        9.0712695626216089E-002
          75           4  -2.2407059503137816      -0.30096890637043572     
          80           4  -1.0596728449030479       -5.0153346911052665E-002
          85           4  -1.0626682771430751        1.0881794056949445E-002
          90           4  -1.1080826914167119        1.1562041222212827E-002
          95           4  -1.1012832900547664        2.0188259064468639E-004
           0           5  -2.2421282723786295       0.11658045776741233     
           5           5  -2.2820379474230990       -4.3797610045359647E-002
          10           5  -2.1596920639588291       0.14671733193249992     
          15           5  -2.3081643608424685       0.51549172383147379     
          20           5  -2.4192121023780544        4.9193289797244688E-003
          25           5  -1.1675916545073051       0.14023053479750303     
          30           5  -2.3587466127672485      -0.29051912977529071     
          35           5  -1.2266871720711947       -3.6675324950330435E-002
          40           5  -2.3842884841229761       0.18241064702273491     
          45           5  -1.1375510441169467        9.4594376531809132E-002
          50           5  -1.1658379901646754       -5.6282544615982033E-002
          55           5  -1.1569228330898795       -8.3878440264584242E-002
          60           5  -2.1192571524153436       0.20088491718084356     
          65           5  -1.1830148176272814       -4.1440791562763479E-002
          70           5  -1.1671782792177510        9.5942748110644516E-002
          75           5  -1.1429543854291069      -0.14710159364828002     
          80           5  -2.2166506573739753      -0.11000688058704355     
          85           5  -2.2287464346959496       -9.3546705670632946E-003
          90           5  -2.3134085282094929       0.26335029762236672     
          95           5  -2.2853700111369335      -0.15968974459212859     
           0           6  -1.1493477849566780        7.0173734814105160E-002
           5           6  -1.1564669186414633       -6.8088929694454237E-003
          10           6  -1.1290144112408029        3.9371384970010581E-002
          15           6  -1.1393981620422267       0.19003442303766604     
          20           6  -1.1746333054851732        2.4577012154303191E-002
          25           6  -1.1872147488567464        3.3959497534041816E-002
          30           6  -1.1818087102000163      -0.17775406166098406     
          35           6  -1.2302656508822452       0.12059353087234825     
          40           6  -1.1697340888616736        5.2202056166628097E-002
          45           6  -1.1290697882060385       0.10496336106058379     
          50           6  -1.1453815551831781       -5.8239017404204674E-002
          55           6  -1.1930847766805641      -0.12705416485569998     
          60           6  -1.1928866059207621        5.4533884563667812E-003
          65           6  -1.2347322761740998       0.23112871192942919     
          70           6  -1.2092468865176897        6.0946243451986959E-002
          75           6  -1.2076245182157663       -9.6226297077173228E-002
          80           6  -1.1530818124327880       -4.8150504121657889E-002
          85           6  -1.1761111181129991        8.2703223052149610E-002
          90           6  -1.1688415404620400        7.4487758352503874E-002
          95           6  -1.1457518987612048       0.10967318607946197     
           0           7  -1.1525898783704136        6.5016029835440747E-002
           5           7  -1.1583468427822652        2.1490596613382706E-002
          10           7  -1.1384651368739895        4.1134800214948086E-002
          15           7  -1.1495381887360878       0.17151927814929024     
          20           7  -1.2177893776232906        4.2428847475406428E-002
          25           7  -1.1935989142131120       -1.3544573640444924E-003
          30           7  -1.2396295326055906      -0.16936544160017775     
          35           7  -1.2465723638044324       0.17495093373121051     
          40           7  -1.1918426181622976        3.6974282089374810E-002
          45           7  -1.1215011416254583       0.12715681624975161     
          50           7  -1.1659917212725190       -3.4945153180032662E-002
          55           7  -1.1912114647216754      -0.17205213701743105     
          60           7  -1.2782248381171257        5.1788206847369622E-002
          65           7  -1.2420572799243246       0.24405164872121077     
          70           7  -1.2534951832776642        5.4163053335720690E-002
          75           7  -1.2201366887865106       -7.0513082470746724E-002
          80           7  -1.1788352883002062       -5.4020602533455531E-002
          85           7  -1.1991984066384020        9.4783095785366811E-002
          90           7  -1.1868073156762193        8.4520496419493440E-002
          95           7  -1.1257021477462104       0.12557454935446799     
           0           8  -1.1763876431286624       -1.2303272267644161E-002
           5           8  -1.1569675671152524        4.2461091966927711E-002
          10           8  -1.1250083870706362        9.4124347871371583E-002
          15           8  -1.1738013218476340       0.15949479529986377     
          20           8  -1.2581689446555799        2.0920921297573614E-002
          25           8  -1.2100350967614304       -1.4460669426341610E-002
          30           8  -1.2010642334203681      -0.15518025485050657     
          35           8  -1.2396118380664234        3.8910763722199704E-002
          40           8  -1.1876583529968343       -1.8199595528400891E-002
          45           8  -1.1751167986062683        8.7360420160109697E-002
          50           8  -1.1783752093563749       -1.8294773020954835E-002
          55           8  -1.1763942441689323      -0.20034198563223526     
          60           8  -1.0273318255826780       -7.0488084995545819E-002
          65           8  -1.1044643868274306       0.23349993499621746     
          70           8  -1.2689892623285459       -1.7986887215215575E-002
          75           8  -1.2093477491958993       -1.8843811027124957E-002
          80           8  -1.1728677034739121       -7.5240057180181452E-002
          85           8  -1.1714995259382022        3.1705474210497187E-002
          90           8  -1.1695925969235077       0.12464699477021668     
          95           8  -1.1706619624618497       0.12327093595665417     
           0           9  -1.2235402228411019        4.2517138529873932E-002
           5           9  -1.1891418214160510        4.9288428396465633E-002
          10           9  -1.1621562988928247       0.13296330380718757     
          15           9  -1.1940650375841244       0.10767606201333990     
          20           9  -1.2066958193024391        2.3475060304534168E-002
          25           9  -1.1608905410120940       -3.7377719142028809E-002
          30           9  -1.2038398058855648       -8.3176587510891409E-002
          35           9  -1.1822404308503565        7.7241308460429536E-004
          40           9  -1.1207656002198974       -3.9608859685458242E-002
          45           9  -1.1582391403308634        7.1134984453991024E-002
          50           9  -1.2193180056385700       -6.1705911136300529E-003
          55           9  -1.0267076294212529      -0.21400600131116221     
          60           9  -1.0226953249770077       -6.1440454519612331E-002
          65           9  -1.0291113560612075       0.21885989941239359     
          70           9  -1.2365773905997912       -6.9706143861480996E-002
          75           9  -1.2064418550750133       -7.2534624386833002E-002
          80           9  -1.1863910176401760       -6.5405088820469359E-002
          85           9  -1.1843725420135343        2.6851158390073238E-002
          90           9  -1.2328142669559838       0.16034824802169112     
          95           9  -1.2432768661341242       0.19585881483763501     
           0          10   0.0000000000000000        0.0000000000000000     
           5          10   0.0000000000000000        0.0000000000000000     
          10          10   0.0000000000000000        0.0000000000000000     
          15          10   0.0000000000000000        0.0000000000000000     
          20          10   0.0000000000000000        0.0000000000000000     
          25          10   0.0000000000000000        0.0000000000000000     
          30          10   0.0000000000000000        0.0000000000000000     
          35          10   0.0000000000000000        0.0000000000000000     
          40          10   0.0000000000000000        0.0000000000000000     
          45          10   0.0000000000000000        0.0000000000000000     
          50          10   0.0000000000000000        0.0000000000000000     
          55          10   0.0000000000000000        0.0000000000000000     
          60          10   0.0000000000000000        0.0000000000000000     
          65          10   0.0000000000000000        0.0000000000000000     
          70          10   0.0000000000000000        0.0000000000000000     
          75          10   0.0000000000000000        0.0000000000000000     
          80          10   0.0000000000000000        0.0000000000000000     
          85          10   0.0000000000000000        0.0000000000000000     
          90          10   0.0000000000000000        0.0000000000000000     
          95          10   0.0000000000000000        0.0000000000000000     
           0          11   0.0000000000000000        0.0000000000000000     
           5          11   0.0000000000000000        0.0000000000000000     
          10          11   0.0000000000000000        0.0000000000000000     
          15          11   0.0000000000000000        0.0000000000000000     
          20          11   0.0000000000000000        0.0000000000000000     
          25          11   0.0000000000000000        0.0000000000000000     
          30          11   0.0000000000000000        0.0000000000000000     
          35          11   0.0000000000000000        0.0000000000000000     
          40          11   0.0000000000000000        0.0000000000000000     
          45          11   0.0000000000000000        0.0000000000000000     
          50          11   0.0000000000000000        0.0000000000000000     
          55          11   0.0000000000000000        0.0000000000000000     
          60          11   0.0000000000000000        0.0000000000000000     
          65          11   0.0000000000000000        0.0000000000000000     
          70          11   0.0000000000000000        0.0000000000000000     
          75          11   0.0000000000000000        0.0000000000000000     
          80          11   0.0000000000000000        0.0000000000000000     
          85          11   0.0000000000000000        0.0000000000000000     
          90          11   0.0000000000000000        0.0000000000000000     
          95          11   0.0000000000000000        0.0000000000000000     
           0          12   0.0000000000000000        0.0000000000000000     
           5          12   0.0000000000000000        0.0000000000000000     
          10          12   0.0000000000000000        0.0000000000000000     
          15          12   0.0000000000000000        0.0000000000000000     
          20          12   0.0000000000000000        0.0000000000000000     
          25          12   0.0000000000000000        0.0000000000000000     
          30          12   0.0000000000000000        0.0000000000000000     
          35          12   0.0000000000000000        0.0000000000000000     
          40          12   0.0000000000000000        0.0000000000000000     
          45          12   0.0000000000000000        0.0000000000000000     
          50          12   0.0000000000000000        0.0000000000000000     
          55          12   0.0000000000000000        0.0000000000000000     
          60          12   0.0000000000000000        0.0000000000000000     
          65          12   0.0000000000000000        0.0000000000000000     
          70          12   0.0000000000000000        0.0000000000000000     
          75          12   0.0000000000000000        0.0000000000000000     
          80          12   0.0000000000000000        0.0000000000000000     
          85          12   0.0000000000000000        0.0000000000000000     
          90          12   0.0000000000000000        0.0000000000000000     
          95          12   0.0000000000000000        0.0000000000000000     
           0          13   0.0000000000000000        0.0000000000000000     
           5          13   0.0000000000000000        0.0000000000000000     
          10          13   0.0000000000000000        0.0000000000000000     
          15          13   0.0000000000000000        0.0000000000000000     
          20          13   0.0000000000000000        0.0000000000000000     
          25          13   0.0000000000000000        0.0000000000000000     
          30          13   0.0000000000000000        0.0000000000000000     
          35          13   0.0000000000000000        0.0000000000000000     
          40          13   0.0000000000000000        0.0000000000000000     
          45          13   0.0000000000000000        0.0000000000000000     
          50          13   0.0000000000000000        0.0000000000000000     
          55          13   0.0000000000000000        0.0000000000000000     
          60          13   0.0000000000000000        0.0000000000000000     
          65          13   0.0000000000000000        0.0000000000000000     
          70          13   0.0000000000000000        0.0000000000000000     
          75          13   0.0000000000000000        0.0000000000000000     
          80          13   0.0000000000000000        0.0000000000000000     
          85          13   0.0000000000000000        0.0000000000000000     
          90          13   0.0000000000000000        0.0000000000000000     
          95          13   0.0000000000000000        0.0000000000000000     
           0          14   0.0000000000000000        0.0000000000000000     
           5          14   0.0000000000000000        0.0000000000000000     
          10          14   0.0000000000000000        0.0000000000000000     
          15          14   0.0000000000000000        0.0000000000000000     
          20          14   0.0000000000000000        0.0000000000000000     
          25          14   0.0000000000000000        0.0000000000000000     
          30          14   0.0000000000000000        0.0000000000000000     
          35          14   0.0000000000000000        0.0000000000000000     
          40          14   0.0000000000000000        0.0000000000000000     
          45          14   0.0000000000000000        0.0000000000000000     
          50          14   0.0000000000000000        0.0000000000000000     
          55          14   0.0000000000000000        0.0000000000000000     
          60          14   0.0000000000000000        0.0000000000000000     
          65          14   0.0000000000000000        0.0000000000000000     
          70          14   0.0000000000000000        0.0000000000000000     
          75          14   0.0000000000000000        0.0000000000000000     
          80          14   0.0000000000000000        0.0000000000000000     
          85          14   0.0000000000000000        0.0000000000000000     
          90          14   0.0000000000000000        0.0000000000000000     
          95          14   0.0000000000000000        0.0000000000000000     
           0          15   0.0000000000000000        0.0000000000000000     
           5          15   0.0000000000000000        0.0000000000000000     
          10          15   0.0000000000000000        0.0000000000000000     
          15          15   0.0000000000000000        0.0000000000000000     
          20          15   0.0000000000000000        0.0000000000000000     
          25          15   0.0000000000000000        0.0000000000000000     
          30          15   0.0000000000000000        0.0000000000000000     
          35          15   0.0000000000000000        0.0000000000000000     
          40          15   0.0000000000000000        0.0000000000000000     
          45          15   0.0000000000000000        0.0000000000000000     
          50          15   0.0000000000000000        0.0000000000000000     
          55          15   0.0000000000000000        0.0000000000000000     
          60          15   0.0000000000000000        0.0000000000000000     
          65          15   0.0000000000000000        0.0000000000000000     
          70          15   0.0000000000000000        0.0000000000000000     
          75          15   0.0000000000000000        0.0000000000000000     
          80          15   0.0000000000000000        0.0000000000000000     
          85          15   0.0000000000000000        0.0000000000000000     
          90          15   0.0000000000000000        0.0000000000000000     
          95          15   0.0000000000000000        0.0000000000000000     
           0          16   0.0000000000000000        0.0000000000000000     
           5          16   0.0000000000000000        0.0000000000000000     
          10          16   0.0000000000000000        0.0000000000000000     
          15          16   0.0000000000000000        0.0000000000000000     
          20          16   0.0000000000000000        0.0000000000000000     
          25          16   0.0000000000000000        0.0000000000000000     
          30          16   0.0000000000000000        0.0000000000000000     
          35          16   0.0000000000000000        0.0000000000000000     
          40          16   0.0000000000000000        0.0000000000000000     
          45          16   0.0000000000000000        0.0000000000000000     
          50          16   0.0000000000000000        0.0000000000000000     
          55          16   0.0000000000000000        0.0000000000000000     
          60          16   0.0000000000000000        0.0000000000000000     
          65          16   0.0000000000000000        0.0000000000000000     
          70          16   0.0000000000000000        0.0000000000000000     
          75          16   0.0000000000000000        0.0000000000000000     
          80          16   0.0000000000000000        0.0000000000000000     
          85          16   0.0000000000000000        0.0000000000000000     
          90          16   0.0000000000000000        0.0000000000000000     
          95          16   0.0000000000000000        0.0000000000000000     
