           0           0   0.0000000000000000        0.0000000000000000     
           5           0   0.0000000000000000        0.0000000000000000     
          10           0   0.0000000000000000        0.0000000000000000     
          15           0   0.0000000000000000        0.0000000000000000     
          20           0   0.0000000000000000        0.0000000000000000     
          25           0   0.0000000000000000        0.0000000000000000     
          30           0   0.0000000000000000        0.0000000000000000     
          35           0   0.0000000000000000        0.0000000000000000     
          40           0   0.0000000000000000        0.0000000000000000     
          45           0   0.0000000000000000        0.0000000000000000     
          50           0   0.0000000000000000        0.0000000000000000     
          55           0   0.0000000000000000        0.0000000000000000     
          60           0   0.0000000000000000        0.0000000000000000     
          65           0   0.0000000000000000        0.0000000000000000     
          70           0   0.0000000000000000        0.0000000000000000     
          75           0   0.0000000000000000        0.0000000000000000     
          80           0   0.0000000000000000        0.0000000000000000     
          85           0   0.0000000000000000        0.0000000000000000     
          90           0   0.0000000000000000        0.0000000000000000     
          95           0   0.0000000000000000        0.0000000000000000     
           0           1 -0.28761244394104324       -5.3955544542239053E-002
           5           1 -0.59822467383785494       0.30311412614003608     
          10           1 -0.66093370226560921      -0.19105549737274963     
          15           1 -0.51130500600571338       0.31817187368998745     
          20           1 -0.59239125670629278      -0.16766118345445946     
          25           1 -0.72005345964853973       0.37655470227715426     
          30           1 -0.57428837479278627      -0.12302088352345031     
          35           1 -0.78009825713820646       0.21998599476047431     
          40           1 -0.37419134329752524       -6.9995464282435194E-002
          45           1 -0.49040925766519194       0.27776727189454675     
          50           1 -0.59068167090003953        1.5945068221334679E-002
          55           1 -0.49138658528846690       0.19538519084871808     
          60           1 -0.26285194508091081       -2.1645772337874902E-002
          65           1 -0.44622137025385200       0.32049524008814778     
          70           1 -0.84523049423523844      -0.22222840007191103     
          75           1 -0.54036179896854719       0.29363649069691355     
          80           1 -0.45132479556286853      -0.21873534158056707     
          85           1 -0.43685816798699761       0.24772320624921740     
          90           1 -0.26963649091271691       -2.9559176345506089E-002
          95           1 -0.54181764980398839       0.42512998793653445     
           0           2 -0.70602656384366469       0.11727576997966338     
           5           2 -0.96815248571857637       0.34536618525704554     
          10           2 -0.79153899549488926      -0.10471505938802750     
          15           2 -0.55428267835111455       0.46679493893586610     
          20           2  -1.0775661779760526       -1.4765656406456884E-002
          25           2 -0.81042074507209350       0.35390571194726661     
          30           2 -0.82938924188979968       -2.4886671585733211E-002
          35           2  -1.0180739970522268       -2.3696972115683224E-002
          40           2 -0.85624547999429979       0.48005396762418329     
          45           2 -0.92430324929893004       0.17342574831991087     
          50           2 -0.84615730017389978       0.52935456129832303     
          55           2  -1.0387541059486693       0.14240024962308695     
          60           2 -0.72455436409768481       0.52841977862927436     
          65           2 -0.87498366774241276        5.7350357565155718E-002
          70           2 -0.45179943235496012       0.70190850282036976     
          75           2  -1.8873118346363071      -0.73897948511980616     
          80           2  -1.0791363457940406        9.9729723066488418E-002
          85           2 -0.69348444860395375       0.39353278948661696     
          90           2  -1.0054586051921888        8.6061044628493732E-002
          95           2 -0.74481244176638484       0.39155497989940002     
           0           3 -0.86178200746050981        5.7532110544489257E-002
           5           3 -0.85982912088944374        7.2891188600543444E-002
          10           3 -0.78422747498585466       -4.0659898425943197E-002
          15           3 -0.82780741083254838       -3.1998023386492491E-002
          20           3 -0.77980913896880111        5.1100785105617774E-002
          25           3 -0.84295082837471114       -8.1178196518205681E-002
          30           3 -0.86470676711414285       -3.1780232001565878E-003
          35           3  -1.2212942601763643        9.4064600200116644E-002
          40           3  -1.2402616704321190        5.5320324745533611E-002
          45           3  -1.2224650272685267       0.34926868046847304     
          50           3  -1.1549926406573263        5.7189167474991365E-002
          55           3  -1.1123512541644232       0.13000009184693795     
          60           3  -1.1548523544746558      -0.33096542565891340     
          65           3  -1.0392440233175648        6.4844426155286072E-002
          70           3  -1.0521824143694403        7.7731104892730940E-002
          75           3 -0.91086321717170904        5.1117496639996318E-002
          80           3  -1.0310126774726314       0.13815393481886318     
          85           3 -0.92242259178476615        7.1623952957455828E-002
          90           3 -0.97765754979661779        6.5186550533002929E-002
          95           3 -0.89869752862625774        6.8492589817559235E-002
           0           4 -0.89006796783142050        9.3718474243331684E-002
           5           4 -0.85219814557557783        6.2736292933962545E-002
          10           4 -0.75656610232677224       -3.9281319343942300E-002
          15           4 -0.78698198155535692       -3.2473280517919534E-002
          20           4 -0.80559568708338247       -1.2883081321746204E-002
          25           4 -0.78920114335190306       -3.5451567272914986E-002
          30           4  -1.8257557845835493       -2.1647428920523737E-002
          35           4  -2.5506691265775316       0.32513201368544742     
          40           4  -1.1874252829358056       0.10847127879021201     
          45           4  -1.1660535789914661       0.21850972814263514     
          50           4  -1.1634849106556544       0.19312978834840067     
          55           4  -1.0775596952683486       0.13762978595455166     
          60           4  -1.0253601535126222       0.24404823662393937     
          65           4  -1.0088474822822491       0.13374258661436045     
          70           4  -1.0310322457485199        9.2071557102890722E-002
          75           4 -0.98694672992394317        3.0820566845335406E-002
          80           4 -0.97938626460347677       0.14082711907725809     
          85           4 -0.96288443522496436        5.0947348428920236E-002
          90           4 -0.98486525615726350        7.1646784887136050E-002
          95           4 -0.91228549905508771        7.4773582485754275E-002
           0           5  -1.8556107620107398       0.29978379020967338     
           5           5  -1.7045123291614672       0.18539516037474613     
          10           5  -1.5723016578217397      -0.11772675300392166     
          15           5  -1.6271871494311085       -3.4731972791135490E-002
          20           5  -1.7100089484500813       -6.3522332434118312E-002
          25           5  -1.5243466963177355       -2.1560518290719699E-002
          30           5  -1.3177023309118852       0.22684729394040204     
          35           5  -1.1899556576366876        1.0525890909995894E-002
          40           5  -2.3727041175547470       0.28235714332858208     
          45           5  -2.2388670486606088       0.56294141856483293     
          50           5  -2.3174082390298167       0.47759729683516383     
          55           5  -2.2622343241351928       0.30200659474122205     
          60           5  -2.1599596742305494       0.37549082500643038     
          65           5  -2.1276084764565439        9.5904697983151266E-002
          70           5  -2.1005064396462103       0.10130645656136750     
          75           5  -1.9508318698058247       0.18703810422682210     
          80           5  -1.9491859839604331       0.25488923050875911     
          85           5  -2.0040893478068256        6.2326721108618699E-002
          90           5  -1.9514518560725946        8.6641677046195298E-002
          95           5  -1.8851826249743908       0.14413895988329983     
           0           6 -0.84417310974083115        4.1483763060234935E-002
           5           6 -0.79613671420730725       0.17618697181198684     
          10           6 -0.79610137412089443       -6.4427643056141903E-002
          15           6 -0.75867056962053425       -8.1812043388751476E-002
          20           6 -0.79996594578801705       -8.3719052401676208E-002
          25           6 -0.84292661140850100       -1.2547495140680098E-002
          30           6  -1.2874473666713016       0.39917441037928825     
          35           6  -1.2320770026263972        4.8617568682018941E-002
          40           6  -1.1698340598798040       0.13176541294068755     
          45           6  -1.1627112032286391       0.26934190432648109     
          50           6  -1.1602861899007166       0.21082573503861113     
          55           6  -1.1350596632553334       0.23711819307159487     
          60           6  -1.1161553412364356       0.18349152889562959     
          65           6  -1.0453343551120042       0.14975880468170999     
          70           6  -1.0350071730869104        7.2026222306398324E-002
          75           6 -0.99544854577970909       0.15991408662152651     
          80           6  -1.0424927515373383       0.11680075729714190     
          85           6  -1.0062891006867858        4.9256971919042769E-002
          90           6 -0.94930148108574031       -4.4670217818065794E-002
          95           6 -0.88003315717344321       -1.8008514790501806E-002
           0           7 -0.81302583417930396        3.9763496952893718E-002
           5           7 -0.74403675697443106       0.17455572243196826     
          10           7 -0.81430625078482421        1.2381631684377226E-002
          15           7 -0.83945860587242294      -0.10724948535045797     
          20           7 -0.79928224527847647       -6.2677674113054138E-002
          25           7 -0.91379914728406675        2.8693031079995990E-002
          30           7  -1.2309020809020410       0.21162564486587598     
          35           7  -1.2253003864159950        6.1371640551755036E-002
          40           7  -1.1612025893725786       0.12176518934037261     
          45           7  -1.2043900246894168       0.27052722504805615     
          50           7  -1.1736811709539552       0.25080784133102441     
          55           7  -1.1598490854680676       0.21827370817906200     
          60           7  -1.1376475442048672       0.22011498733043311     
          65           7  -1.0662156741148010       0.20758299604128894     
          70           7  -1.0587466803002599       0.10411926109288316     
          75           7  -1.0167647310055372       0.17020475314932781     
          80           7  -1.0522509553823056       0.12853498477127800     
          85           7 -0.97248282983741774        5.8834851581757164E-002
          90           7 -0.92832285034205597       -6.6604465551733938E-002
          95           7 -0.83575655054346498       -1.2087618528333621E-002
           0           8 -0.83476085043443504        4.7144196813064809E-002
           5           8 -0.73387689309978299       0.11510130774716743     
          10           8 -0.79049312679657646        6.1873602250628323E-002
          15           8 -0.78099618725957498       -1.4055835944049022E-002
          20           8 -0.92353192375327353       -7.1137202173332525E-003
          25           8 -0.95239856154449853        1.9495074567998927E-002
          30           8  -1.1624506348617558       0.13281080920357624     
          35           8  -1.2083431412435175        7.4591339203067264E-002
          40           8  -1.1639461927259731       0.11039114655275739     
          45           8  -1.2212941516764886       0.22658637496064671     
          50           8  -1.1896145951695303       0.27850106842031153     
          55           8  -1.1758243543269487       0.21846541507386519     
          60           8  -1.2377117012363215       0.13665341903390527     
          65           8  -1.1019513692644978       0.17869592333852324     
          70           8  -1.0949807090554486       0.15288633661292295     
          75           8  -1.0601762175355134       0.15845919237200690     
          80           8  -1.0950095742856547       -1.4711405516010245E-002
          85           8 -0.97986679818973244        1.6794936144037820E-002
          90           8 -0.92760998690266661       -1.7310947386661724E-002
          95           8 -0.85355543561149716       -2.5812409711889472E-002
           0           9 -0.93485470380738622       0.10062114643716313     
           5           9 -0.75947383705976534       0.11535416563290823     
          10           9 -0.88484664502175292        9.2163786424848126E-002
          15           9 -0.94581606759902570        5.3948699614281281E-002
          20           9 -0.77527636545227097      -0.27975466560192785     
          25           9  -1.1365313543265643       0.15589094722656682     
          30           9  -1.1937074842904849       0.11987174882044371     
          35           9  -1.1989855959626539        1.8812319977357106E-002
          40           9  -1.1293866196737667       0.18541643712843836     
          45           9  -1.2850773964245832       0.27996238595839884     
          50           9  -1.2226579886842615       0.30041939509395377     
          55           9  -1.2114706807508924       0.23641195269874515     
          60           9  -1.2444205820116849       0.13339606898199463     
          65           9  -1.1267257735170233       0.24810669348340753     
          70           9  -1.0872974710451899       0.10825739602537965     
          75           9  -1.0324428311747624       -2.4524873367681721E-002
          80           9 -0.73531619904088075      -0.21467791745166664     
          85           9 -0.88209070163713932        5.2964555230516908E-003
          90           9 -0.94179658361781549       -9.2731192857797851E-003
          95           9 -0.92103696765377663       -6.1784895155625463E-003
           0          10   0.0000000000000000        0.0000000000000000     
           5          10   0.0000000000000000        0.0000000000000000     
          10          10   0.0000000000000000        0.0000000000000000     
          15          10   0.0000000000000000        0.0000000000000000     
          20          10   0.0000000000000000        0.0000000000000000     
          25          10   0.0000000000000000        0.0000000000000000     
          30          10   0.0000000000000000        0.0000000000000000     
          35          10   0.0000000000000000        0.0000000000000000     
          40          10   0.0000000000000000        0.0000000000000000     
          45          10   0.0000000000000000        0.0000000000000000     
          50          10   0.0000000000000000        0.0000000000000000     
          55          10   0.0000000000000000        0.0000000000000000     
          60          10   0.0000000000000000        0.0000000000000000     
          65          10   0.0000000000000000        0.0000000000000000     
          70          10   0.0000000000000000        0.0000000000000000     
          75          10   0.0000000000000000        0.0000000000000000     
          80          10   0.0000000000000000        0.0000000000000000     
          85          10   0.0000000000000000        0.0000000000000000     
          90          10   0.0000000000000000        0.0000000000000000     
          95          10   0.0000000000000000        0.0000000000000000     
           0          11   0.0000000000000000        0.0000000000000000     
           5          11   0.0000000000000000        0.0000000000000000     
          10          11   0.0000000000000000        0.0000000000000000     
          15          11   0.0000000000000000        0.0000000000000000     
          20          11   0.0000000000000000        0.0000000000000000     
          25          11   0.0000000000000000        0.0000000000000000     
          30          11   0.0000000000000000        0.0000000000000000     
          35          11   0.0000000000000000        0.0000000000000000     
          40          11   0.0000000000000000        0.0000000000000000     
          45          11   0.0000000000000000        0.0000000000000000     
          50          11   0.0000000000000000        0.0000000000000000     
          55          11   0.0000000000000000        0.0000000000000000     
          60          11   0.0000000000000000        0.0000000000000000     
          65          11   0.0000000000000000        0.0000000000000000     
          70          11   0.0000000000000000        0.0000000000000000     
          75          11   0.0000000000000000        0.0000000000000000     
          80          11   0.0000000000000000        0.0000000000000000     
          85          11   0.0000000000000000        0.0000000000000000     
          90          11   0.0000000000000000        0.0000000000000000     
          95          11   0.0000000000000000        0.0000000000000000     
           0          12   0.0000000000000000        0.0000000000000000     
           5          12   0.0000000000000000        0.0000000000000000     
          10          12   0.0000000000000000        0.0000000000000000     
          15          12   0.0000000000000000        0.0000000000000000     
          20          12   0.0000000000000000        0.0000000000000000     
          25          12   0.0000000000000000        0.0000000000000000     
          30          12   0.0000000000000000        0.0000000000000000     
          35          12   0.0000000000000000        0.0000000000000000     
          40          12   0.0000000000000000        0.0000000000000000     
          45          12   0.0000000000000000        0.0000000000000000     
          50          12   0.0000000000000000        0.0000000000000000     
          55          12   0.0000000000000000        0.0000000000000000     
          60          12   0.0000000000000000        0.0000000000000000     
          65          12   0.0000000000000000        0.0000000000000000     
          70          12   0.0000000000000000        0.0000000000000000     
          75          12   0.0000000000000000        0.0000000000000000     
          80          12   0.0000000000000000        0.0000000000000000     
          85          12   0.0000000000000000        0.0000000000000000     
          90          12   0.0000000000000000        0.0000000000000000     
          95          12   0.0000000000000000        0.0000000000000000     
           0          13   0.0000000000000000        0.0000000000000000     
           5          13   0.0000000000000000        0.0000000000000000     
          10          13   0.0000000000000000        0.0000000000000000     
          15          13   0.0000000000000000        0.0000000000000000     
          20          13   0.0000000000000000        0.0000000000000000     
          25          13   0.0000000000000000        0.0000000000000000     
          30          13   0.0000000000000000        0.0000000000000000     
          35          13   0.0000000000000000        0.0000000000000000     
          40          13   0.0000000000000000        0.0000000000000000     
          45          13   0.0000000000000000        0.0000000000000000     
          50          13   0.0000000000000000        0.0000000000000000     
          55          13   0.0000000000000000        0.0000000000000000     
          60          13   0.0000000000000000        0.0000000000000000     
          65          13   0.0000000000000000        0.0000000000000000     
          70          13   0.0000000000000000        0.0000000000000000     
          75          13   0.0000000000000000        0.0000000000000000     
          80          13   0.0000000000000000        0.0000000000000000     
          85          13   0.0000000000000000        0.0000000000000000     
          90          13   0.0000000000000000        0.0000000000000000     
          95          13   0.0000000000000000        0.0000000000000000     
           0          14   0.0000000000000000        0.0000000000000000     
           5          14   0.0000000000000000        0.0000000000000000     
          10          14   0.0000000000000000        0.0000000000000000     
          15          14   0.0000000000000000        0.0000000000000000     
          20          14   0.0000000000000000        0.0000000000000000     
          25          14   0.0000000000000000        0.0000000000000000     
          30          14   0.0000000000000000        0.0000000000000000     
          35          14   0.0000000000000000        0.0000000000000000     
          40          14   0.0000000000000000        0.0000000000000000     
          45          14   0.0000000000000000        0.0000000000000000     
          50          14   0.0000000000000000        0.0000000000000000     
          55          14   0.0000000000000000        0.0000000000000000     
          60          14   0.0000000000000000        0.0000000000000000     
          65          14   0.0000000000000000        0.0000000000000000     
          70          14   0.0000000000000000        0.0000000000000000     
          75          14   0.0000000000000000        0.0000000000000000     
          80          14   0.0000000000000000        0.0000000000000000     
          85          14   0.0000000000000000        0.0000000000000000     
          90          14   0.0000000000000000        0.0000000000000000     
          95          14   0.0000000000000000        0.0000000000000000     
           0          15   0.0000000000000000        0.0000000000000000     
           5          15   0.0000000000000000        0.0000000000000000     
          10          15   0.0000000000000000        0.0000000000000000     
          15          15   0.0000000000000000        0.0000000000000000     
          20          15   0.0000000000000000        0.0000000000000000     
          25          15   0.0000000000000000        0.0000000000000000     
          30          15   0.0000000000000000        0.0000000000000000     
          35          15   0.0000000000000000        0.0000000000000000     
          40          15   0.0000000000000000        0.0000000000000000     
          45          15   0.0000000000000000        0.0000000000000000     
          50          15   0.0000000000000000        0.0000000000000000     
          55          15   0.0000000000000000        0.0000000000000000     
          60          15   0.0000000000000000        0.0000000000000000     
          65          15   0.0000000000000000        0.0000000000000000     
          70          15   0.0000000000000000        0.0000000000000000     
          75          15   0.0000000000000000        0.0000000000000000     
          80          15   0.0000000000000000        0.0000000000000000     
          85          15   0.0000000000000000        0.0000000000000000     
          90          15   0.0000000000000000        0.0000000000000000     
          95          15   0.0000000000000000        0.0000000000000000     
           0          16   0.0000000000000000        0.0000000000000000     
           5          16   0.0000000000000000        0.0000000000000000     
          10          16   0.0000000000000000        0.0000000000000000     
          15          16   0.0000000000000000        0.0000000000000000     
          20          16   0.0000000000000000        0.0000000000000000     
          25          16   0.0000000000000000        0.0000000000000000     
          30          16   0.0000000000000000        0.0000000000000000     
          35          16   0.0000000000000000        0.0000000000000000     
          40          16   0.0000000000000000        0.0000000000000000     
          45          16   0.0000000000000000        0.0000000000000000     
          50          16   0.0000000000000000        0.0000000000000000     
          55          16   0.0000000000000000        0.0000000000000000     
          60          16   0.0000000000000000        0.0000000000000000     
          65          16   0.0000000000000000        0.0000000000000000     
          70          16   0.0000000000000000        0.0000000000000000     
          75          16   0.0000000000000000        0.0000000000000000     
          80          16   0.0000000000000000        0.0000000000000000     
          85          16   0.0000000000000000        0.0000000000000000     
          90          16   0.0000000000000000        0.0000000000000000     
          95          16   0.0000000000000000        0.0000000000000000     
