           1           1   0.0000000000000000     
           2           1   0.0000000000000000     
           3           1   0.0000000000000000     
           4           1   0.0000000000000000     
           5           1   0.0000000000000000     
           6           1   0.0000000000000000     
           7           1   0.0000000000000000     
           8           1   0.0000000000000000     
           9           1   0.0000000000000000     
          10           1   0.0000000000000000     
          11           1   0.0000000000000000     
          12           1   0.0000000000000000     
          13           1   0.0000000000000000     
          14           1   0.0000000000000000     
          15           1   0.0000000000000000     
          16           1   0.0000000000000000     
          17           1   0.0000000000000000     
          18           1   0.0000000000000000     
          19           1   0.0000000000000000     
          20           1   0.0000000000000000     
          21           1   0.0000000000000000     
          22           1   0.0000000000000000     
          23           1   0.0000000000000000     
          24           1   0.0000000000000000     
          25           1   0.0000000000000000     
          26           1   0.0000000000000000     
          27           1   0.0000000000000000     
          28           1   0.0000000000000000     
          29           1   0.0000000000000000     
          30           1   0.0000000000000000     
          31           1   0.0000000000000000     
          32           1   0.0000000000000000     
          33           1   0.0000000000000000     
          34           1   0.0000000000000000     
          35           1   0.0000000000000000     
          36           1   0.0000000000000000     
          37           1   0.0000000000000000     
          38           1   0.0000000000000000     
          39           1   0.0000000000000000     
          40           1   0.0000000000000000     
          41           1   0.0000000000000000     
          42           1   0.0000000000000000     
          43           1   0.0000000000000000     
          44           1   0.0000000000000000     
          45           1   0.0000000000000000     
          46           1   0.0000000000000000     
          47           1   0.0000000000000000     
          48           1   0.0000000000000000     
          49           1   0.0000000000000000     
           1           2   0.0000000000000000     
           2           2   0.0000000000000000     
           3           2   0.0000000000000000     
           4           2   0.0000000000000000     
           5           2   0.0000000000000000     
           6           2   0.0000000000000000     
           7           2   0.0000000000000000     
           8           2   0.0000000000000000     
           9           2   0.0000000000000000     
          10           2   0.0000000000000000     
          11           2   0.0000000000000000     
          12           2   0.0000000000000000     
          13           2   0.0000000000000000     
          14           2   0.0000000000000000     
          15           2   0.0000000000000000     
          16           2   0.0000000000000000     
          17           2   0.0000000000000000     
          18           2   0.0000000000000000     
          19           2   0.0000000000000000     
          20           2   0.0000000000000000     
          21           2   0.0000000000000000     
          22           2   0.0000000000000000     
          23           2   0.0000000000000000     
          24           2   0.0000000000000000     
          25           2   0.0000000000000000     
          26           2   0.0000000000000000     
          27           2   0.0000000000000000     
          28           2   0.0000000000000000     
          29           2   0.0000000000000000     
          30           2   0.0000000000000000     
          31           2   0.0000000000000000     
          32           2   0.0000000000000000     
          33           2   0.0000000000000000     
          34           2   0.0000000000000000     
          35           2   0.0000000000000000     
          36           2   0.0000000000000000     
          37           2   0.0000000000000000     
          38           2   0.0000000000000000     
          39           2   0.0000000000000000     
          40           2   0.0000000000000000     
          41           2   0.0000000000000000     
          42           2   0.0000000000000000     
          43           2   0.0000000000000000     
          44           2   0.0000000000000000     
          45           2   0.0000000000000000     
          46           2   0.0000000000000000     
          47           2   0.0000000000000000     
          48           2   0.0000000000000000     
          49           2   0.0000000000000000     
           1           3   0.0000000000000000     
           2           3   0.0000000000000000     
           3           3  0.63013074797650692     
           4           3  0.63205621012018653     
           5           3  0.63885841044087655     
           6           3  0.66385620856837224     
           7           3  0.67044680961393688     
           8           3  0.67765948706370216     
           9           3  0.64614051207009515     
          10           3  0.64917460045961473     
          11           3  0.67161705707149788     
          12           3  0.67342811833442051     
          13           3  0.69451643632490556     
          14           3  0.66803238232610096     
          15           3  0.64347780864185444     
          16           3  0.64762703284024481     
          17           3  0.64885135094852620     
          18           3  0.65458938792155652     
          19           3  0.67543094890689659     
          20           3  0.66645542592787621     
          21           3  0.64219746780086451     
          22           3  0.63441073387982372     
          23           3  0.62075347559409855     
          24           3  0.65778279140019846     
          25           3  0.59968271088375558     
          26           3  0.59788672516292074     
          27           3  0.60344802866707947     
          28           3  0.61106554260902690     
          29           3  0.61135932384956360     
          30           3  0.63227338817449685     
          31           3  0.62712512965945599     
          32           3  0.62409036745034630     
          33           3  0.65570721114861108     
          34           3  0.62353009867988196     
          35           3  0.63274331566700348     
          36           3  0.63963437651672017     
          37           3  0.64041569460459236     
          38           3  0.63497431317375530     
          39           3  0.64131936577147752     
          40           3  0.64337862386721467     
          41           3  0.64001063101961386     
          42           3  0.66522798679608597     
          43           3  0.63996595405580892     
          44           3  0.63748379686482015     
          45           3  0.65975381542131939     
          46           3  0.63821319383040298     
          47           3   0.0000000000000000     
          48           3   0.0000000000000000     
          49           3   0.0000000000000000     
           1           4   0.0000000000000000     
           2           4   0.0000000000000000     
           3           4  0.59925631944708824     
           4           4  0.60071675391644364     
           5           4  0.60005660739527267     
           6           4  0.62796929978018590     
           7           4  0.65878087428397725     
           8           4  0.64119592484852972     
           9           4  0.64217038253992131     
          10           4  0.65081980654793681     
          11           4  0.64744991504550853     
          12           4  0.65030734951684177     
          13           4  0.64512958831089684     
          14           4  0.64424484240166302     
          15           4  0.64717723425008933     
          16           4  0.65041345802039818     
          17           4  0.67574835535942546     
          18           4  0.65645279063660689     
          19           4  0.64726618983837336     
          20           4  0.64266439043293300     
          21           4  0.64347477776673112     
          22           4  0.64080752358492510     
          23           4  0.62792722162486991     
          24           4  0.63657189193654018     
          25           4  0.60609119825535251     
          26           4  0.60034385902753429     
          27           4  0.60069059378204981     
          28           4  0.63863000558075511     
          29           4  0.61065474783445506     
          30           4  0.62942637649407496     
          31           4  0.62857144068456228     
          32           4  0.62530443527097512     
          33           4  0.62663778030196737     
          34           4  0.62031066115606293     
          35           4  0.62582680636674004     
          36           4  0.65361569842911049     
          37           4  0.63233664744171236     
          38           4  0.62544177672052881     
          39           4  0.63413738055743030     
          40           4  0.64134885816457332     
          41           4  0.64285378377645719     
          42           4  0.64823925283163264     
          43           4  0.64872993052500338     
          44           4  0.64544014817699868     
          45           4  0.64632293472677649     
          46           4  0.64809750091535367     
          47           4   0.0000000000000000     
          48           4   0.0000000000000000     
          49           4   0.0000000000000000     
           1           5   0.0000000000000000     
           2           5   0.0000000000000000     
           3           5  0.62390327819810387     
           4           5  0.62987102924448746     
           5           5  0.62622964237474854     
           6           5  0.62608449546770495     
           7           5  0.63192314732046828     
           8           5  0.63706934222511824     
           9           5  0.63863139057518248     
          10           5  0.65023928712279999     
          11           5  0.64777131802221999     
          12           5  0.65168433731762965     
          13           5  0.67315576236246044     
          14           5  0.64666048031774914     
          15           5  0.64513804306277556     
          16           5  0.64932888160039159     
          17           5  0.64610661877767628     
          18           5  0.65400995743159984     
          19           5  0.64789080358951012     
          20           5  0.64529663767009593     
          21           5  0.64485128773193534     
          22           5  0.64575336348312018     
          23           5  0.65741868634355327     
          24           5  0.63313628237986441     
          25           5  0.60472139419047777     
          26           5  0.60104954252347986     
          27           5  0.60358863805207408     
          28           5  0.61533481416242497     
          29           5  0.61540323267440233     
          30           5  0.63505516679343255     
          31           5  0.63303899116124984     
          32           5  0.65054608530056446     
          33           5  0.62691562921405231     
          34           5  0.62182539579821539     
          35           5  0.62453888501771282     
          36           5  0.62518636920649007     
          37           5  0.62492892351147500     
          38           5  0.62082244899452077     
          39           5  0.63202278567051928     
          40           5  0.64253219442273191     
          41           5  0.64508639179615301     
          42           5  0.67547123796975583     
          43           5  0.65429873934699334     
          44           5  0.64414496226424522     
          45           5  0.64389323021405831     
          46           5  0.64719939135112126     
          47           5   0.0000000000000000     
          48           5   0.0000000000000000     
          49           5   0.0000000000000000     
           1           6   0.0000000000000000     
           2           6   0.0000000000000000     
           3           6  0.62302425682883633     
           4           6  0.62894514606647434     
           5           6  0.62840610198467717     
           6           6  0.62772340740581412     
           7           6  0.65328955989354387     
           8           6  0.63859160986884544     
           9           6  0.63885969517317087     
          10           6  0.64904534534004266     
          11           6  0.64906214278353769     
          12           6  0.66089208713006986     
          13           6  0.65227860934690585     
          14           6  0.67281650509179525     
          15           6  0.66952249626228544     
          16           6  0.64461533964848250     
          17           6  0.68713036568789065     
          18           6  0.66439151637053617     
          19           6  0.66139394308037935     
          20           6  0.66183743598717371     
          21           6  0.66188679936709172     
          22           6  0.67487700789195049     
          23           6  0.68802830194975373     
          24           6  0.66389472629503354     
          25           6  0.66144968359677858     
          26           6  0.65855678742093426     
          27           6  0.67725619037830853     
          28           6  0.66336280357825816     
          29           6  0.66766405589896971     
          30           6  0.65763250967779907     
          31           6  0.65806892405806650     
          32           6  0.67808486163409676     
          33           6  0.65199511929814868     
          34           6  0.64427816200801358     
          35           6  0.64791701241112154     
          36           6  0.67423863611209978     
          37           6  0.64557532702242437     
          38           6  0.64549719345983780     
          39           6  0.65915678933109678     
          40           6  0.66833812749073751     
          41           6  0.69616008860761514     
          42           6  0.67186245346754370     
          43           6  0.67776147871745107     
          44           6  0.66299513354151673     
          45           6  0.65646521154082049     
          46           6  0.66198796875330002     
          47           6   0.0000000000000000     
          48           6   0.0000000000000000     
          49           6   0.0000000000000000     
           1           7   0.0000000000000000     
           2           7   0.0000000000000000     
           3           7  0.64393303207569286     
           4           7  0.65218778100401908     
           5           7  0.65440924980313420     
           6           7  0.65776945107252338     
           7           7  0.68194724905528759     
           8           7  0.66843042922067430     
           9           7  0.66727163098832432     
          10           7  0.66952973157352680     
          11           7  0.66820189408087360     
          12           7  0.70218509347192315     
          13           7  0.66532333907805408     
          14           7  0.64206501028145258     
          15           7  0.64843840741035863     
          16           7  0.67195920875588777     
          17           7  0.66224243500664071     
          18           7  0.64700583942012013     
          19           7  0.64059306224457691     
          20           7  0.63088075925131226     
          21           7  0.63094765116808660     
          22           7  0.63696188843449186     
          23           7  0.62857024603931866     
          24           7  0.63050512649675150     
          25           7  0.63622220334085344     
          26           7  0.65895667381922574     
          27           7  0.63946330516789784     
          28           7  0.65046722843881943     
          29           7  0.64999405465576099     
          30           7  0.63708139088797533     
          31           7  0.63934957717267915     
          32           7  0.63353003707138400     
          33           7  0.62591189583598783     
          34           7  0.62312248885475474     
          35           7  0.62587807624555869     
          36           7  0.64997188586849919     
          37           7  0.62040998019327098     
          38           7  0.61774186447510648     
          39           7  0.62822263387357702     
          40           7  0.63970892957224545     
          41           7  0.63855422627391945     
          42           7  0.64607671871792860     
          43           7  0.65329641676294925     
          44           7  0.63900545663865871     
          45           7  0.63447464719627078     
          46           7  0.66527069992301979     
          47           7   0.0000000000000000     
          48           7   0.0000000000000000     
          49           7   0.0000000000000000     
           1           8   0.0000000000000000     
           2           8   0.0000000000000000     
           3           8  0.61860779392172494     
           4           8  0.62273079513858443     
           5           8  0.62748400132573279     
           6           8  0.63366559808918865     
           7           8  0.63233377758621145     
           8           8  0.64210013146749834     
           9           8  0.64345797780377212     
          10           8  0.64207159094500144     
          11           8  0.64182803342488071     
          12           8  0.67638557596588100     
          13           8  0.63938514755909792     
          14           8  0.64330696333049353     
          15           8  0.65007990159873463     
          16           8  0.65076899423633716     
          17           8  0.64064591952039396     
          18           8  0.64950137698956956     
          19           8  0.64361783911711812     
          20           8  0.63387031236058600     
          21           8  0.65851439501823572     
          22           8  0.64039918930600470     
          23           8  0.63351990948093839     
          24           8  0.63433847825294787     
          25           8  0.64133533818915445     
          26           8  0.63824929140430342     
          27           8  0.64001963042938681     
          28           8  0.64714396565596488     
          29           8  0.64621399457652262     
          30           8  0.63451401712793309     
          31           8  0.66058442020997377     
          32           8  0.63071831758357511     
          33           8  0.62600967687589792     
          34           8  0.62227646225389099     
          35           8  0.62515316715551728     
          36           8  0.62614701676075157     
          37           8  0.61956901621587079     
          38           8  0.62080814069332302     
          39           8  0.63418477123878725     
          40           8  0.67177592454172075     
          41           8  0.64057410724777519     
          42           8  0.64474845249307322     
          43           8  0.64832104459126239     
          44           8  0.63252755295730667     
          45           8  0.62896774882221218     
          46           8  0.63464551415799308     
          47           8   0.0000000000000000     
          48           8   0.0000000000000000     
          49           8   0.0000000000000000     
           1           9   0.0000000000000000     
           2           9   0.0000000000000000     
           3           9  0.62119417840740787     
           4           9  0.62564973179165129     
           5           9  0.63239665787553323     
           6           9  0.66403830258724650     
           7           9  0.63687454587095094     
           8           9  0.64174467530962498     
           9           9  0.63731460282633623     
          10           9  0.62903615062270279     
          11           9  0.63542968314086401     
          12           9  0.64531921455079078     
          13           9  0.63862236873502565     
          14           9  0.64180187412313860     
          15           9  0.64983212432812387     
          16           9  0.64470021658742660     
          17           9  0.65838749137677721     
          18           9  0.64330997699792236     
          19           9  0.63978933125807325     
          20           9  0.63582674266600658     
          21           9  0.63418446962894504     
          22           9  0.63947160115120694     
          23           9  0.63478004702299695     
          24           9  0.63959938339888323     
          25           9  0.66611945956281182     
          26           9  0.64149503178300915     
          27           9  0.64450148163815735     
          28           9  0.64592177904106496     
          29           9  0.63977193203935923     
          30           9  0.63328549823519664     
          31           9  0.63345942614004058     
          32           9  0.65666077028898762     
          33           9  0.62985781155009490     
          34           9  0.65316747886795612     
          35           9  0.67965923212810975     
          36           9  0.65879762445818779     
          37           9  0.65522867613464819     
          38           9  0.65718215524009205     
          39           9  0.67161637073135050     
          40           9  0.70292778705361358     
          41           9  0.66669587434335154     
          42           9  0.64050514340828180     
          43           9  0.63952059517753468     
          44           9  0.62950751983347020     
          45           9  0.62271444764087380     
          46           9  0.65492864375888094     
          47           9   0.0000000000000000     
          48           9   0.0000000000000000     
          49           9   0.0000000000000000     
           1          10   0.0000000000000000     
           2          10   0.0000000000000000     
           3          10  0.65588550765264897     
           4          10  0.66322734120753157     
           5          10  0.69156987329499719     
           6          10  0.67083322413311364     
           7          10  0.67075557161663368     
           8          10  0.64363338818974891     
           9          10  0.66453768889292109     
          10          10  0.65511961029150700     
          11          10  0.69600906552860931     
          12          10  0.65316476006960988     
          13          10  0.67737536961619116     
          14          10  0.67349239367432234     
          15          10  0.68144728679351996     
          16          10  0.69772345805912184     
          17          10  0.66056587874632067     
          18          10  0.66041535063536672     
          19          10  0.66021049517154784     
          20          10  0.65973876446530544     
          21          10  0.65999674153166876     
          22          10  0.66241503155366332     
          23          10  0.66112257370092009     
          24          10  0.66691725916276201     
          25          10  0.69173324978388273     
          26          10  0.66945294069754968     
          27          10  0.66538296508731842     
          28          10  0.67304733409701134     
          29          10  0.66961466543767867     
          30          10  0.66207718604438215     
          31          10  0.69179183244941711     
          32          10  0.63621190829406105     
          33          10  0.65437983743082428     
          34          10  0.62567199267010487     
          35          10  0.65484965587721211     
          36          10  0.63918621666091324     
          37          10  0.63847669099406590     
          38          10  0.64537802868392080     
          39          10  0.65706136807367344     
          40          10  0.66028412648018919     
          41          10  0.64440314332185034     
          42          10  0.66711804994160107     
          43          10  0.66383871387357696     
          44          10  0.65307274547214000     
          45          10  0.67146120953445287     
          46          10  0.65344930544498214     
          47          10   0.0000000000000000     
          48          10   0.0000000000000000     
          49          10   0.0000000000000000     
           1          11   0.0000000000000000     
           2          11   0.0000000000000000     
           3          11  0.61598161043832067     
           4          11  0.62042019454642527     
           5          11  0.62612309508103614     
           6          11  0.62376911641376276     
           7          11  0.62128720123842973     
           8          11  0.66612084755143708     
           9          11  0.63638696571946274     
          10          11  0.65427905471687797     
          11          11  0.63403134122656968     
          12          11  0.66717072730475646     
          13          11  0.64308369330487802     
          14          11  0.64556890184768079     
          15          11  0.65151287944583847     
          16          11  0.64541321770035653     
          17          11  0.63519526788486791     
          18          11  0.63580471573344144     
          19          11  0.63319677565493548     
          20          11  0.65632905831654031     
          21          11  0.62830913754586348     
          22          11  0.63424874687326083     
          23          11  0.63146074436801014     
          24          11  0.63787687663750459     
          25          11  0.63510283208522422     
          26          11  0.63725391231723472     
          27          11  0.63917600188658585     
          28          11  0.64198447062043051     
          29          11  0.63355862728232948     
          30          11  0.65778552128184309     
          31          11  0.63017989316395340     
          32          11  0.62687211056425218     
          33          11  0.62483221774581288     
          34          11  0.62917134439057920     
          35          11  0.63743539068277133     
          36          11  0.64580940865037650     
          37          11  0.64868910421830916     
          38          11  0.65220487269815020     
          39          11  0.65886796113166834     
          40          11  0.68216710911154743     
          41          11  0.64453776300577503     
          42          11  0.64266489156575568     
          43          11  0.64374917418542432     
          44          11  0.63628778452472667     
          45          11  0.63105170761024965     
          46          11  0.63983530534581268     
          47          11   0.0000000000000000     
          48          11   0.0000000000000000     
          49          11   0.0000000000000000     
           1          12   0.0000000000000000     
           2          12   0.0000000000000000     
           3          12  0.62778978294654741     
           4          12  0.62752367536202258     
           5          12  0.63326322574264049     
           6          12  0.64665796562015965     
           7          12  0.61897010556898124     
           8          12  0.63353582356759586     
           9          12  0.62821463345581618     
          10          12  0.62542312331873007     
          11          12  0.63601409217324778     
          12          12  0.64345569081318066     
          13          12  0.64970658366617839     
          14          12  0.64836295548792899     
          15          12  0.66841360415177420     
          16          12  0.63465778872064060     
          17          12  0.62891680261694205     
          18          12  0.62545888993181709     
          19          12  0.62762468931817295     
          20          12  0.62915625487125726     
          21          12  0.62952899682133179     
          22          12  0.63579786924401349     
          23          12  0.63588150483096628     
          24          12  0.64169926798299659     
          25          12  0.66452625533589038     
          26          12  0.64070692428756837     
          27          12  0.63669367805029775     
          28          12  0.63427454089830027     
          29          12  0.62650733854721818     
          30          12  0.62392207155084467     
          31          12  0.62282503682327950     
          32          12  0.61913671686162286     
          33          12  0.62292818399180161     
          34          12  0.62829646572592845     
          35          12  0.66041422072391009     
          36          12  0.64753867194954717     
          37          12  0.65291706157148088     
          38          12  0.65734219337652089     
          39          12  0.65944316468764075     
          40          12  0.65870053487772540     
          41          12  0.64343613414808221     
          42          12  0.64327238057564007     
          43          12  0.63846471959407203     
          44          12  0.63310219974237791     
          45          12  0.64830261242898624     
          46          12  0.63500104973928329     
          47          12   0.0000000000000000     
          48          12   0.0000000000000000     
          49          12   0.0000000000000000     
           1          13   0.0000000000000000     
           2          13   0.0000000000000000     
           3          13  0.60697423003120166     
           4          13  0.60614083539294072     
           5          13  0.60727850694683294     
           6          13  0.59812450599401934     
           7          13  0.59172989131257880     
           8          13  0.63225411448423263     
           9          13  0.62615461740735912     
          10          13  0.65252324058276356     
          11          13  0.63676826079107407     
          12          13  0.64217791244696554     
          13          13  0.64506523029259277     
          14          13  0.64047639141078461     
          15          13  0.63609603955804128     
          16          13  0.62596111697606793     
          17          13  0.62308827296453950     
          18          13  0.62043324107101938     
          19          13  0.62332325468159056     
          20          13  0.65235106862359671     
          21          13  0.63000813128499189     
          22          13  0.62949008437590281     
          23          13  0.63463050717950242     
          24          13  0.64505262746120473     
          25          13  0.64817308767030557     
          26          13  0.64580324927240973     
          27          13  0.64501378085092831     
          28          13  0.64110726022633335     
          29          13  0.63420268558215787     
          30          13  0.65189431826034883     
          31          13  0.62624664944722774     
          32          13  0.62698749146097810     
          33          13  0.62811667758261114     
          34          13  0.68455859769278249     
          35          13  0.66416146970705492     
          36          13  0.67642218052145109     
          37          13  0.67829921268302873     
          38          13  0.68430524073045185     
          39          13  0.70896852378291364     
          40          13  0.68040349679481227     
          41          13  0.66397106128125682     
          42          13  0.66358098903748630     
          43          13  0.63749743633569522     
          44          13  0.68468373893440826     
          45          13  0.65612564328072231     
          46          13  0.66489569222792166     
          47          13   0.0000000000000000     
          48          13   0.0000000000000000     
          49          13   0.0000000000000000     
           1          14   0.0000000000000000     
           2          14   0.0000000000000000     
           3          14  0.64071344982101530     
           4          14  0.63512225838017966     
           5          14  0.66638046180825450     
           6          14  0.62496775561270745     
           7          14  0.61634301727367624     
           8          14  0.66132787640910351     
           9          14  0.65849564691908191     
          10          14  0.68305372020646982     
          11          14  0.66025714597366902     
          12          14  0.66411659112763877     
          13          14  0.66816506030805012     
          14          14  0.66220624560051955     
          15          14  0.68038368895160106     
          16          14  0.64741644318466474     
          17          14  0.64757567524554105     
          18          14  0.64235339762471122     
          19          14  0.67001204534172831     
          20          14  0.64580860720328648     
          21          14  0.65448745239392148     
          22          14  0.65755489820522117     
          23          14  0.66539240886895434     
          24          14  0.69359508586789631     
          25          14  0.67729213338651295     
          26          14  0.67128915111376997     
          27          14  0.66769174195456060     
          28          14  0.66411153676025036     
          29          14  0.66514736978866817     
          30          14  0.68288002297959671     
          31          14  0.65701287316339341     
          32          14  0.65762841017847129     
          33          14  0.65776217455868091     
          34          14  0.63483608292570448     
          35          14  0.64209273084432472     
          36          14  0.65727078147358520     
          37          14  0.65988764796870392     
          38          14  0.66192347523256589     
          39          14  0.65933451478172866     
          40          14  0.67653203886037361     
          41          14  0.63840473910166640     
          42          14  0.63905637037610274     
          43          14  0.66087185210806354     
          44          14  0.62672984745244487     
          45          14  0.62426073810279181     
          46          14  0.63285163683360857     
          47          14   0.0000000000000000     
          48          14   0.0000000000000000     
          49          14   0.0000000000000000     
           1          15   0.0000000000000000     
           2          15   0.0000000000000000     
           3          15  0.59940973801508879     
           4          15  0.62486507446853956     
           5          15  0.59723314955954065     
           6          15  0.61717957783129995     
           7          15  0.59481314178140077     
           8          15  0.64472202409878687     
           9          15  0.63970041269295608     
          10          15  0.64355068046973085     
          11          15  0.63835417602518352     
          12          15  0.63228478259573162     
          13          15  0.63304945372580201     
          14          15  0.63047146787917185     
          15          15  0.65138756414745880     
          16          15  0.62245710809079802     
          17          15  0.62214026906949305     
          18          15  0.61541168307445493     
          19          15  0.61536768617605342     
          20          15  0.61313019115107248     
          21          15  0.61927781942288074     
          22          15  0.62501018837238875     
          23          15  0.66249587577763103     
          24          15  0.64564455904508855     
          25          15  0.65252184147077996     
          26          15  0.65320783688407980     
          27          15  0.65080696650197989     
          28          15  0.64121189387039224     
          29          15  0.63972555300980305     
          30          15  0.63768146998349196     
          31          15  0.62906522693789457     
          32          15  0.63036474394722708     
          33          15  0.63688696736579831     
          34          15  0.66818983091877038     
          35          15  0.64413412172907769     
          36          15  0.65623139605089631     
          37          15  0.65758020304881548     
          38          15  0.66024528432461793     
          39          15  0.65134302538837130     
          40          15  0.64570242675287870     
          41          15  0.63569938721735009     
          42          15  0.63305843450230592     
          43          15  0.62804531077054238     
          44          15  0.65159094740168111     
          45          15  0.62874816406426581     
          46          15  0.63767562602726979     
          47          15   0.0000000000000000     
          48          15   0.0000000000000000     
          49          15   0.0000000000000000     
           1          16   0.0000000000000000     
           2          16   0.0000000000000000     
           3          16  0.62556957504798461     
           4          16  0.62505403804586612     
           5          16  0.62341643873059638     
           6          16  0.62118312258954012     
           7          16  0.62342171504657407     
           8          16  0.64851964113325089     
           9          16  0.64068534803692001     
          10          16  0.66684061538494954     
          11          16  0.63583751985980763     
          12          16  0.63240441337020226     
          13          16  0.63440538040799144     
          14          16  0.63046095973455218     
          15          16  0.63046743839480723     
          16          16  0.62978260992140023     
          17          16  0.62777670745401715     
          18          16  0.61776767377561059     
          19          16  0.64592217705732469     
          20          16  0.61702160325887268     
          21          16  0.61901755804233194     
          22          16  0.61898930213480907     
          23          16  0.62886637014767233     
          24          16  0.63887901168672978     
          25          16  0.64941349273186144     
          26          16  0.65360059818107219     
          27          16  0.65492313217043452     
          28          16  0.64984111163001512     
          29          16  0.67073542753353455     
          30          16  0.64839656571232518     
          31          16  0.63953429271518536     
          32          16  0.64548163675777481     
          33          16  0.64811649579158115     
          34          16  0.64963937633061275     
          35          16  0.64792147821951929     
          36          16  0.65823328365918898     
          37          16  0.65511673471232057     
          38          16  0.65989514090732004     
          39          16  0.67863977026443867     
          40          16  0.64408999317042792     
          41          16  0.63338793158012474     
          42          16  0.63112811106445688     
          43          16  0.62357648626033069     
          44          16  0.62764347151205235     
          45          16  0.63215460331675721     
          46          16  0.63739428198147507     
          47          16   0.0000000000000000     
          48          16   0.0000000000000000     
          49          16   0.0000000000000000     
           1          17   0.0000000000000000     
           2          17   0.0000000000000000     
           3          17  0.61940171767893104     
           4          17  0.64746697271433040     
           5          17  0.61898236085341907     
           6          17  0.61648751165672488     
           7          17  0.61847494049133522     
           8          17  0.64397271853810878     
           9          17  0.63351975243710301     
          10          17  0.63358555001513195     
          11          17  0.62883219942790847     
          12          17  0.62683248149921511     
          13          17  0.63000920867327637     
          14          17  0.65437069096990741     
          15          17  0.63449892629857962     
          16          17  0.63985995910090998     
          17          17  0.63565017723805040     
          18          17  0.62487321616841152     
          19          17  0.65253916892707275     
          20          17  0.62267495797996086     
          21          17  0.64238676060320921     
          22          17  0.64286853240690234     
          23          17  0.63194894932550394     
          24          17  0.64177527917016053     
          25          17  0.64664151286999172     
          26          17  0.65115236490938033     
          27          17  0.65263420699392038     
          28          17  0.65070294605687418     
          29          17  0.64961748996129687     
          30          17  0.65453320039765095     
          31          17  0.65009899528778259     
          32          17  0.65889350519687484     
          33          17  0.68175397930588244     
          34          17  0.70584225671108769     
          35          17  0.67445129776091151     
          36          17  0.67163204402206622     
          37          17  0.67176552292688307     
          38          17  0.69388308708713453     
          39          17  0.66909303535802178     
          40          17  0.66418513517998612     
          41          17  0.66039377481210249     
          42          17  0.65048469825633848     
          43          17  0.64776319622470779     
          44          17  0.68306700881304983     
          45          17  0.66440802916820541     
          46          17  0.66717561597568231     
          47          17   0.0000000000000000     
          48          17   0.0000000000000000     
          49          17   0.0000000000000000     
           1          18   0.0000000000000000     
           2          18   0.0000000000000000     
           3          18  0.69980836757000320     
           4          18  0.67539278876544251     
           5          18  0.67515984569352194     
           6          18  0.66935660550121001     
           7          18  0.66543269470852406     
           8          18  0.66777515163087631     
           9          18  0.66101467698040384     
          10          18  0.68629663417782683     
          11          18  0.65155419045440355     
          12          18  0.64653871202058733     
          13          18  0.66743939184563805     
          14          18  0.61940253993964045     
          15          18  0.64940650942205624     
          16          18  0.66078106129654590     
          17          18  0.65851177399041494     
          18          18  0.68162789951434655     
          19          18  0.63885711237126053     
          20          18  0.66319990610390733     
          21          18  0.63578786547380062     
          22          18  0.66008945719454637     
          23          18  0.69749103732649942     
          24          18  0.67530888709233183     
          25          18  0.67014464694558740     
          26          18  0.67728386463927648     
          27          18  0.67726747480617966     
          28          18  0.67633278283868270     
          29          18  0.69388798957027376     
          30          18  0.68353300386480875     
          31          18  0.65192997546623155     
          32          18  0.65771914403605547     
          33          18  0.65404321218467665     
          34          18  0.63232136359534530     
          35          18  0.61845924904093641     
          36          18  0.64324289474495122     
          37          18  0.63778636914290587     
          38          18  0.64218912573810172     
          39          18  0.63454053131679888     
          40          18  0.63417988522509039     
          41          18  0.63132534639735605     
          42          18  0.62393343709192994     
          43          18  0.64190689094754294     
          44          18  0.62383136214022572     
          45          18  0.63178527774928339     
          46          18  0.63143972310651497     
          47          18   0.0000000000000000     
          48          18   0.0000000000000000     
          49          18   0.0000000000000000     
           1          19   0.0000000000000000     
           2          19   0.0000000000000000     
           3          19  0.64172772370197761     
           4          19  0.64444778058432362     
           5          19  0.63926159571314067     
           6          19  0.63945475788430328     
           7          19  0.64105848334865212     
           8          19  0.66902065406863720     
           9          19  0.63461943427616219     
          10          19  0.63489676558723085     
          11          19  0.63217029932078184     
          12          19  0.62969901650536675     
          13          19  0.62876827545718295     
          14          19  0.65229743189139799     
          15          19  0.63758927530215104     
          16          19  0.64085561174356920     
          17          19  0.63791702846413900     
          18          19  0.66438319485260078     
          19          19  0.64515728325793187     
          20          19  0.63963032378477591     
          21          19  0.63399407229617921     
          22          19  0.63090174761067797     
          23          19  0.63387765445650268     
          24          19  0.64466943212655647     
          25          19  0.64144632018920478     
          26          19  0.65136168670582661     
          27          19  0.65450755942308081     
          28          19  0.68185550320970423     
          29          19  0.64267061911591439     
          30          19  0.65209386747300357     
          31          19  0.62554630331200589     
          32          19  0.62915024716430579     
          33          19  0.62414231343602544     
          34          19  0.63097442405125892     
          35          19  0.62299430457409699     
          36          19  0.64308803368267176     
          37          19  0.64306104549376808     
          38          19  0.66942215490058643     
          39          19  0.63385520133105866     
          40          19  0.63320896633981938     
          41          19  0.63198101676569318     
          42          19  0.62827804129761000     
          43          19  0.62238239102994686     
          44          19  0.63248785434067434     
          45          19  0.63864604075310538     
          46          19  0.64081835056963998     
          47          19   0.0000000000000000     
          48          19   0.0000000000000000     
          49          19   0.0000000000000000     
           1          20   0.0000000000000000     
           2          20   0.0000000000000000     
           3          20  0.66786625078849282     
           4          20  0.64432283417791358     
           5          20  0.64022902492654588     
           6          20  0.63852543370356718     
           7          20  0.63527631112446326     
           8          20  0.63864733416898822     
           9          20  0.62779118063528316     
          10          20  0.63363852514953645     
          11          20  0.61014160859960032     
          12          20  0.60827375016112639     
          13          20  0.63032766978825872     
          14          20  0.60063220165999032     
          15          20  0.58225367006843187     
          16          20  0.61211096075831939     
          17          20  0.61398505675035009     
          18          20  0.59144367815895649     
          19          20  0.57609615866214103     
          20          20  0.57277368955862207     
          21          20  0.54206031691133738     
          22          20  0.53283026828253643     
          23          20  0.50948191745800764     
          24          20  0.51593577890016096     
          25          20  0.53815825773559278     
          26          20  0.57151197640518814     
          27          20  0.59925745040452805     
          28          20  0.63040623457267819     
          29          20  0.64584615296952552     
          30          20  0.65284681468092987     
          31          20  0.62726556153945545     
          32          20  0.65528425727829620     
          33          20  0.62259126116336416     
          34          20  0.65127976713281754     
          35          20  0.61942463165255801     
          36          20  0.63978100578010821     
          37          20  0.64126519908536128     
          38          20  0.61676518348166731     
          39          20  0.60947737773810906     
          40          20  0.60707865670689698     
          41          20  0.60548039513825425     
          42          20  0.60481845890335872     
          43          20  0.65067123169412810     
          44          20  0.63157845981082972     
          45          20  0.63875831367053526     
          46          20  0.63671681401508662     
          47          20   0.0000000000000000     
          48          20   0.0000000000000000     
          49          20   0.0000000000000000     
           1          21   0.0000000000000000     
           2          21   0.0000000000000000     
           3          21  0.51090859013623480     
           4          21  0.53693004539106048     
           5          21  0.53215367587605733     
           6          21  0.55514458449698600     
           7          21  0.55067575235560462     
           8          21  0.58035065138362496     
           9          21  0.52449477407222589     
          10          21  0.53319532213527809     
          11          21  0.48646281396904434     
          12          21  0.48449689086130732     
          13          21  0.47766962323961992     
          14          21  0.47389075116451485     
          15          21  0.45134539311466965     
          16          21  0.47944512638561970     
          17          21  0.50974929415742676     
          18          21  0.46465577135807118     
          19          21  0.44751658879108558     
          20          21  0.44688581980455472     
          21          21  0.41931768441905171     
          22          21  0.38728793361333230     
          23          21  0.38851536257467983     
          24          21  0.39191830648985571     
          25          21  0.41197308066866667     
          26          21  0.46801414143765174     
          27          21  0.49429315972396864     
          28          21  0.52170549001175792     
          29          21  0.53988960406242803     
          30          21  0.54565958498817480     
          31          21  0.51872827469819038     
          32          21  0.49277103033769498     
          33          21  0.48814857796834671     
          34          21  0.49354753505210391     
          35          21  0.48659082954404181     
          36          21  0.53453562679802391     
          37          21  0.56739735845705053     
          38          21  0.51060802044806053     
          39          21  0.50136810248524499     
          40          21  0.52883503915044539     
          41          21  0.55562111409280013     
          42          21  0.60577053517994528     
          43          21  0.62837607870449264     
          44          21  0.65204964401718579     
          45          21  0.66154891254511983     
          46          21  0.63667660117265901     
          47          21   0.0000000000000000     
          48          21   0.0000000000000000     
          49          21   0.0000000000000000     
           1          22   0.0000000000000000     
           2          22   0.0000000000000000     
           3          22   0.0000000000000000     
           4          22   0.0000000000000000     
           5          22   0.0000000000000000     
           6          22   0.0000000000000000     
           7          22   0.0000000000000000     
           8          22   0.0000000000000000     
           9          22   0.0000000000000000     
          10          22   0.0000000000000000     
          11          22   0.0000000000000000     
          12          22   0.0000000000000000     
          13          22   0.0000000000000000     
          14          22   0.0000000000000000     
          15          22   0.0000000000000000     
          16          22   0.0000000000000000     
          17          22   0.0000000000000000     
          18          22   0.0000000000000000     
          19          22   0.0000000000000000     
          20          22   0.0000000000000000     
          21          22   0.0000000000000000     
          22          22   0.0000000000000000     
          23          22   0.0000000000000000     
          24          22   0.0000000000000000     
          25          22   0.0000000000000000     
          26          22   0.0000000000000000     
          27          22   0.0000000000000000     
          28          22   0.0000000000000000     
          29          22   0.0000000000000000     
          30          22   0.0000000000000000     
          31          22   0.0000000000000000     
          32          22   0.0000000000000000     
          33          22   0.0000000000000000     
          34          22   0.0000000000000000     
          35          22   0.0000000000000000     
          36          22   0.0000000000000000     
          37          22   0.0000000000000000     
          38          22   0.0000000000000000     
          39          22   0.0000000000000000     
          40          22   0.0000000000000000     
          41          22   0.0000000000000000     
          42          22   0.0000000000000000     
          43          22   0.0000000000000000     
          44          22   0.0000000000000000     
          45          22   0.0000000000000000     
          46          22   0.0000000000000000     
          47          22   0.0000000000000000     
          48          22   0.0000000000000000     
          49          22   0.0000000000000000     
           1          23   0.0000000000000000     
           2          23   0.0000000000000000     
           3          23   0.0000000000000000     
           4          23   0.0000000000000000     
           5          23   0.0000000000000000     
           6          23   0.0000000000000000     
           7          23   0.0000000000000000     
           8          23   0.0000000000000000     
           9          23   0.0000000000000000     
          10          23   0.0000000000000000     
          11          23   0.0000000000000000     
          12          23   0.0000000000000000     
          13          23   0.0000000000000000     
          14          23   0.0000000000000000     
          15          23   0.0000000000000000     
          16          23   0.0000000000000000     
          17          23   0.0000000000000000     
          18          23   0.0000000000000000     
          19          23   0.0000000000000000     
          20          23   0.0000000000000000     
          21          23   0.0000000000000000     
          22          23   0.0000000000000000     
          23          23   0.0000000000000000     
          24          23   0.0000000000000000     
          25          23   0.0000000000000000     
          26          23   0.0000000000000000     
          27          23   0.0000000000000000     
          28          23   0.0000000000000000     
          29          23   0.0000000000000000     
          30          23   0.0000000000000000     
          31          23   0.0000000000000000     
          32          23   0.0000000000000000     
          33          23   0.0000000000000000     
          34          23   0.0000000000000000     
          35          23   0.0000000000000000     
          36          23   0.0000000000000000     
          37          23   0.0000000000000000     
          38          23   0.0000000000000000     
          39          23   0.0000000000000000     
          40          23   0.0000000000000000     
          41          23   0.0000000000000000     
          42          23   0.0000000000000000     
          43          23   0.0000000000000000     
          44          23   0.0000000000000000     
          45          23   0.0000000000000000     
          46          23   0.0000000000000000     
          47          23   0.0000000000000000     
          48          23   0.0000000000000000     
          49          23   0.0000000000000000     
           1          24   0.0000000000000000     
           2          24   0.0000000000000000     
           3          24   0.0000000000000000     
           4          24   0.0000000000000000     
           5          24   0.0000000000000000     
           6          24   0.0000000000000000     
           7          24   0.0000000000000000     
           8          24   0.0000000000000000     
           9          24   0.0000000000000000     
          10          24   0.0000000000000000     
          11          24   0.0000000000000000     
          12          24   0.0000000000000000     
          13          24   0.0000000000000000     
          14          24   0.0000000000000000     
          15          24   0.0000000000000000     
          16          24   0.0000000000000000     
          17          24   0.0000000000000000     
          18          24   0.0000000000000000     
          19          24   0.0000000000000000     
          20          24   0.0000000000000000     
          21          24   0.0000000000000000     
          22          24   0.0000000000000000     
          23          24   0.0000000000000000     
          24          24   0.0000000000000000     
          25          24   0.0000000000000000     
          26          24   0.0000000000000000     
          27          24   0.0000000000000000     
          28          24   0.0000000000000000     
          29          24   0.0000000000000000     
          30          24   0.0000000000000000     
          31          24   0.0000000000000000     
          32          24   0.0000000000000000     
          33          24   0.0000000000000000     
          34          24   0.0000000000000000     
          35          24   0.0000000000000000     
          36          24   0.0000000000000000     
          37          24   0.0000000000000000     
          38          24   0.0000000000000000     
          39          24   0.0000000000000000     
          40          24   0.0000000000000000     
          41          24   0.0000000000000000     
          42          24   0.0000000000000000     
          43          24   0.0000000000000000     
          44          24   0.0000000000000000     
          45          24   0.0000000000000000     
          46          24   0.0000000000000000     
          47          24   0.0000000000000000     
          48          24   0.0000000000000000     
          49          24   0.0000000000000000     
           1          25   0.0000000000000000     
           2          25   0.0000000000000000     
           3          25   0.0000000000000000     
           4          25   0.0000000000000000     
           5          25   0.0000000000000000     
           6          25   0.0000000000000000     
           7          25   0.0000000000000000     
           8          25   0.0000000000000000     
           9          25   0.0000000000000000     
          10          25   0.0000000000000000     
          11          25   0.0000000000000000     
          12          25   0.0000000000000000     
          13          25   0.0000000000000000     
          14          25   0.0000000000000000     
          15          25   0.0000000000000000     
          16          25   0.0000000000000000     
          17          25   0.0000000000000000     
          18          25   0.0000000000000000     
          19          25   0.0000000000000000     
          20          25   0.0000000000000000     
          21          25   0.0000000000000000     
          22          25   0.0000000000000000     
          23          25   0.0000000000000000     
          24          25   0.0000000000000000     
          25          25   0.0000000000000000     
          26          25   0.0000000000000000     
          27          25   0.0000000000000000     
          28          25   0.0000000000000000     
          29          25   0.0000000000000000     
          30          25   0.0000000000000000     
          31          25   0.0000000000000000     
          32          25   0.0000000000000000     
          33          25   0.0000000000000000     
          34          25   0.0000000000000000     
          35          25   0.0000000000000000     
          36          25   0.0000000000000000     
          37          25   0.0000000000000000     
          38          25   0.0000000000000000     
          39          25   0.0000000000000000     
          40          25   0.0000000000000000     
          41          25   0.0000000000000000     
          42          25   0.0000000000000000     
          43          25   0.0000000000000000     
          44          25   0.0000000000000000     
          45          25   0.0000000000000000     
          46          25   0.0000000000000000     
          47          25   0.0000000000000000     
          48          25   0.0000000000000000     
          49          25   0.0000000000000000     
           1          26   0.0000000000000000     
           2          26   0.0000000000000000     
           3          26   0.0000000000000000     
           4          26   0.0000000000000000     
           5          26   0.0000000000000000     
           6          26   0.0000000000000000     
           7          26   0.0000000000000000     
           8          26   0.0000000000000000     
           9          26   0.0000000000000000     
          10          26   0.0000000000000000     
          11          26   0.0000000000000000     
          12          26   0.0000000000000000     
          13          26   0.0000000000000000     
          14          26   0.0000000000000000     
          15          26   0.0000000000000000     
          16          26   0.0000000000000000     
          17          26   0.0000000000000000     
          18          26   0.0000000000000000     
          19          26   0.0000000000000000     
          20          26   0.0000000000000000     
          21          26   0.0000000000000000     
          22          26   0.0000000000000000     
          23          26   0.0000000000000000     
          24          26   0.0000000000000000     
          25          26   0.0000000000000000     
          26          26   0.0000000000000000     
          27          26   0.0000000000000000     
          28          26   0.0000000000000000     
          29          26   0.0000000000000000     
          30          26   0.0000000000000000     
          31          26   0.0000000000000000     
          32          26   0.0000000000000000     
          33          26   0.0000000000000000     
          34          26   0.0000000000000000     
          35          26   0.0000000000000000     
          36          26   0.0000000000000000     
          37          26   0.0000000000000000     
          38          26   0.0000000000000000     
          39          26   0.0000000000000000     
          40          26   0.0000000000000000     
          41          26   0.0000000000000000     
          42          26   0.0000000000000000     
          43          26   0.0000000000000000     
          44          26   0.0000000000000000     
          45          26   0.0000000000000000     
          46          26   0.0000000000000000     
          47          26   0.0000000000000000     
          48          26   0.0000000000000000     
          49          26   0.0000000000000000     
           1          27   0.0000000000000000     
           2          27   0.0000000000000000     
           3          27   0.0000000000000000     
           4          27   0.0000000000000000     
           5          27   0.0000000000000000     
           6          27   0.0000000000000000     
           7          27   0.0000000000000000     
           8          27   0.0000000000000000     
           9          27   0.0000000000000000     
          10          27   0.0000000000000000     
          11          27   0.0000000000000000     
          12          27   0.0000000000000000     
          13          27   0.0000000000000000     
          14          27   0.0000000000000000     
          15          27   0.0000000000000000     
          16          27   0.0000000000000000     
          17          27   0.0000000000000000     
          18          27   0.0000000000000000     
          19          27   0.0000000000000000     
          20          27   0.0000000000000000     
          21          27   0.0000000000000000     
          22          27   0.0000000000000000     
          23          27   0.0000000000000000     
          24          27   0.0000000000000000     
          25          27   0.0000000000000000     
          26          27   0.0000000000000000     
          27          27   0.0000000000000000     
          28          27   0.0000000000000000     
          29          27   0.0000000000000000     
          30          27   0.0000000000000000     
          31          27   0.0000000000000000     
          32          27   0.0000000000000000     
          33          27   0.0000000000000000     
          34          27   0.0000000000000000     
          35          27   0.0000000000000000     
          36          27   0.0000000000000000     
          37          27   0.0000000000000000     
          38          27   0.0000000000000000     
          39          27   0.0000000000000000     
          40          27   0.0000000000000000     
          41          27   0.0000000000000000     
          42          27   0.0000000000000000     
          43          27   0.0000000000000000     
          44          27   0.0000000000000000     
          45          27   0.0000000000000000     
          46          27   0.0000000000000000     
          47          27   0.0000000000000000     
          48          27   0.0000000000000000     
          49          27   0.0000000000000000     
           1          28   0.0000000000000000     
           2          28   0.0000000000000000     
           3          28   0.0000000000000000     
           4          28   0.0000000000000000     
           5          28   0.0000000000000000     
           6          28   0.0000000000000000     
           7          28   0.0000000000000000     
           8          28   0.0000000000000000     
           9          28   0.0000000000000000     
          10          28   0.0000000000000000     
          11          28   0.0000000000000000     
          12          28   0.0000000000000000     
          13          28   0.0000000000000000     
          14          28   0.0000000000000000     
          15          28   0.0000000000000000     
          16          28   0.0000000000000000     
          17          28   0.0000000000000000     
          18          28   0.0000000000000000     
          19          28   0.0000000000000000     
          20          28   0.0000000000000000     
          21          28   0.0000000000000000     
          22          28   0.0000000000000000     
          23          28   0.0000000000000000     
          24          28   0.0000000000000000     
          25          28   0.0000000000000000     
          26          28   0.0000000000000000     
          27          28   0.0000000000000000     
          28          28   0.0000000000000000     
          29          28   0.0000000000000000     
          30          28   0.0000000000000000     
          31          28   0.0000000000000000     
          32          28   0.0000000000000000     
          33          28   0.0000000000000000     
          34          28   0.0000000000000000     
          35          28   0.0000000000000000     
          36          28   0.0000000000000000     
          37          28   0.0000000000000000     
          38          28   0.0000000000000000     
          39          28   0.0000000000000000     
          40          28   0.0000000000000000     
          41          28   0.0000000000000000     
          42          28   0.0000000000000000     
          43          28   0.0000000000000000     
          44          28   0.0000000000000000     
          45          28   0.0000000000000000     
          46          28   0.0000000000000000     
          47          28   0.0000000000000000     
          48          28   0.0000000000000000     
          49          28   0.0000000000000000     
           1          29   0.0000000000000000     
           2          29   0.0000000000000000     
           3          29   0.0000000000000000     
           4          29   0.0000000000000000     
           5          29   0.0000000000000000     
           6          29   0.0000000000000000     
           7          29   0.0000000000000000     
           8          29   0.0000000000000000     
           9          29   0.0000000000000000     
          10          29   0.0000000000000000     
          11          29   0.0000000000000000     
          12          29   0.0000000000000000     
          13          29   0.0000000000000000     
          14          29   0.0000000000000000     
          15          29   0.0000000000000000     
          16          29   0.0000000000000000     
          17          29   0.0000000000000000     
          18          29   0.0000000000000000     
          19          29   0.0000000000000000     
          20          29   0.0000000000000000     
          21          29   0.0000000000000000     
          22          29   0.0000000000000000     
          23          29   0.0000000000000000     
          24          29   0.0000000000000000     
          25          29   0.0000000000000000     
          26          29   0.0000000000000000     
          27          29   0.0000000000000000     
          28          29   0.0000000000000000     
          29          29   0.0000000000000000     
          30          29   0.0000000000000000     
          31          29   0.0000000000000000     
          32          29   0.0000000000000000     
          33          29   0.0000000000000000     
          34          29   0.0000000000000000     
          35          29   0.0000000000000000     
          36          29   0.0000000000000000     
          37          29   0.0000000000000000     
          38          29   0.0000000000000000     
          39          29   0.0000000000000000     
          40          29   0.0000000000000000     
          41          29   0.0000000000000000     
          42          29   0.0000000000000000     
          43          29   0.0000000000000000     
          44          29   0.0000000000000000     
          45          29   0.0000000000000000     
          46          29   0.0000000000000000     
          47          29   0.0000000000000000     
          48          29   0.0000000000000000     
          49          29   0.0000000000000000     
           1          30   0.0000000000000000     
           2          30   0.0000000000000000     
           3          30   0.0000000000000000     
           4          30   0.0000000000000000     
           5          30   0.0000000000000000     
           6          30   0.0000000000000000     
           7          30   0.0000000000000000     
           8          30   0.0000000000000000     
           9          30   0.0000000000000000     
          10          30   0.0000000000000000     
          11          30   0.0000000000000000     
          12          30   0.0000000000000000     
          13          30   0.0000000000000000     
          14          30   0.0000000000000000     
          15          30   0.0000000000000000     
          16          30   0.0000000000000000     
          17          30   0.0000000000000000     
          18          30   0.0000000000000000     
          19          30   0.0000000000000000     
          20          30   0.0000000000000000     
          21          30   0.0000000000000000     
          22          30   0.0000000000000000     
          23          30   0.0000000000000000     
          24          30   0.0000000000000000     
          25          30   0.0000000000000000     
          26          30   0.0000000000000000     
          27          30   0.0000000000000000     
          28          30   0.0000000000000000     
          29          30   0.0000000000000000     
          30          30   0.0000000000000000     
          31          30   0.0000000000000000     
          32          30   0.0000000000000000     
          33          30   0.0000000000000000     
          34          30   0.0000000000000000     
          35          30   0.0000000000000000     
          36          30   0.0000000000000000     
          37          30   0.0000000000000000     
          38          30   0.0000000000000000     
          39          30   0.0000000000000000     
          40          30   0.0000000000000000     
          41          30   0.0000000000000000     
          42          30   0.0000000000000000     
          43          30   0.0000000000000000     
          44          30   0.0000000000000000     
          45          30   0.0000000000000000     
          46          30   0.0000000000000000     
          47          30   0.0000000000000000     
          48          30   0.0000000000000000     
          49          30   0.0000000000000000     
           1          31   0.0000000000000000     
           2          31   0.0000000000000000     
           3          31   0.0000000000000000     
           4          31   0.0000000000000000     
           5          31   0.0000000000000000     
           6          31   0.0000000000000000     
           7          31   0.0000000000000000     
           8          31   0.0000000000000000     
           9          31   0.0000000000000000     
          10          31   0.0000000000000000     
          11          31   0.0000000000000000     
          12          31   0.0000000000000000     
          13          31   0.0000000000000000     
          14          31   0.0000000000000000     
          15          31   0.0000000000000000     
          16          31   0.0000000000000000     
          17          31   0.0000000000000000     
          18          31   0.0000000000000000     
          19          31   0.0000000000000000     
          20          31   0.0000000000000000     
          21          31   0.0000000000000000     
          22          31   0.0000000000000000     
          23          31   0.0000000000000000     
          24          31   0.0000000000000000     
          25          31   0.0000000000000000     
          26          31   0.0000000000000000     
          27          31   0.0000000000000000     
          28          31   0.0000000000000000     
          29          31   0.0000000000000000     
          30          31   0.0000000000000000     
          31          31   0.0000000000000000     
          32          31   0.0000000000000000     
          33          31   0.0000000000000000     
          34          31   0.0000000000000000     
          35          31   0.0000000000000000     
          36          31   0.0000000000000000     
          37          31   0.0000000000000000     
          38          31   0.0000000000000000     
          39          31   0.0000000000000000     
          40          31   0.0000000000000000     
          41          31   0.0000000000000000     
          42          31   0.0000000000000000     
          43          31   0.0000000000000000     
          44          31   0.0000000000000000     
          45          31   0.0000000000000000     
          46          31   0.0000000000000000     
          47          31   0.0000000000000000     
          48          31   0.0000000000000000     
          49          31   0.0000000000000000     
