           1           1   0.0000000000000000     
           2           1   0.0000000000000000     
           3           1   0.0000000000000000     
           4           1   0.0000000000000000     
           5           1   0.0000000000000000     
           6           1   0.0000000000000000     
           7           1   0.0000000000000000     
           8           1   0.0000000000000000     
           9           1   0.0000000000000000     
          10           1   0.0000000000000000     
          11           1   0.0000000000000000     
          12           1   0.0000000000000000     
          13           1   0.0000000000000000     
          14           1   0.0000000000000000     
          15           1   0.0000000000000000     
          16           1   0.0000000000000000     
          17           1   0.0000000000000000     
          18           1   0.0000000000000000     
          19           1   0.0000000000000000     
          20           1   0.0000000000000000     
          21           1   0.0000000000000000     
          22           1   0.0000000000000000     
          23           1   0.0000000000000000     
          24           1   0.0000000000000000     
          25           1   0.0000000000000000     
          26           1   0.0000000000000000     
          27           1   0.0000000000000000     
          28           1   0.0000000000000000     
          29           1   0.0000000000000000     
          30           1   0.0000000000000000     
          31           1   0.0000000000000000     
          32           1   0.0000000000000000     
          33           1   0.0000000000000000     
          34           1   0.0000000000000000     
          35           1   0.0000000000000000     
          36           1   0.0000000000000000     
          37           1   0.0000000000000000     
          38           1   0.0000000000000000     
          39           1   0.0000000000000000     
          40           1   0.0000000000000000     
          41           1   0.0000000000000000     
          42           1   0.0000000000000000     
          43           1   0.0000000000000000     
          44           1   0.0000000000000000     
          45           1   0.0000000000000000     
          46           1   0.0000000000000000     
          47           1   0.0000000000000000     
          48           1   0.0000000000000000     
          49           1   0.0000000000000000     
           1           2   0.0000000000000000     
           2           2   0.0000000000000000     
           3           2   0.0000000000000000     
           4           2   0.0000000000000000     
           5           2   0.0000000000000000     
           6           2   0.0000000000000000     
           7           2   0.0000000000000000     
           8           2   0.0000000000000000     
           9           2   0.0000000000000000     
          10           2   0.0000000000000000     
          11           2   0.0000000000000000     
          12           2   0.0000000000000000     
          13           2   0.0000000000000000     
          14           2   0.0000000000000000     
          15           2   0.0000000000000000     
          16           2   0.0000000000000000     
          17           2   0.0000000000000000     
          18           2   0.0000000000000000     
          19           2   0.0000000000000000     
          20           2   0.0000000000000000     
          21           2   0.0000000000000000     
          22           2   0.0000000000000000     
          23           2   0.0000000000000000     
          24           2   0.0000000000000000     
          25           2   0.0000000000000000     
          26           2   0.0000000000000000     
          27           2   0.0000000000000000     
          28           2   0.0000000000000000     
          29           2   0.0000000000000000     
          30           2   0.0000000000000000     
          31           2   0.0000000000000000     
          32           2   0.0000000000000000     
          33           2   0.0000000000000000     
          34           2   0.0000000000000000     
          35           2   0.0000000000000000     
          36           2   0.0000000000000000     
          37           2   0.0000000000000000     
          38           2   0.0000000000000000     
          39           2   0.0000000000000000     
          40           2   0.0000000000000000     
          41           2   0.0000000000000000     
          42           2   0.0000000000000000     
          43           2   0.0000000000000000     
          44           2   0.0000000000000000     
          45           2   0.0000000000000000     
          46           2   0.0000000000000000     
          47           2   0.0000000000000000     
          48           2   0.0000000000000000     
          49           2   0.0000000000000000     
           1           3   0.0000000000000000     
           2           3   0.0000000000000000     
           3           3  0.64805106652172650     
           4           3  0.64795100773047531     
           5           3  0.61641773809096878     
           6           3  0.64628955638432217     
           7           3  0.62570732348931635     
           8           3  0.63028566946671827     
           9           3  0.62884022867266431     
          10           3  0.65130659399350632     
          11           3  0.65750584062005102     
          12           3  0.65173048766245945     
          13           3  0.64907250381111736     
          14           3  0.64214164812229835     
          15           3  0.66797619474452541     
          16           3  0.63408597152573321     
          17           3  0.63636324845876602     
          18           3  0.63271693233408544     
          19           3  0.62832272263759348     
          20           3  0.62322459208818426     
          21           3  0.64593599606166252     
          22           3  0.64782489145579669     
          23           3  0.61964772571977644     
          24           3  0.64921971590172201     
          25           3  0.68546299700380720     
          26           3  0.63666131155604544     
          27           3  0.66031209775343958     
          28           3  0.64236229742046469     
          29           3  0.64560278651226388     
          30           3  0.64050303653763307     
          31           3  0.66729412171524849     
          32           3  0.64278866528911027     
          33           3  0.66546842944162254     
          34           3  0.66924954923086122     
          35           3  0.63732442573541748     
          36           3  0.66834012331176762     
          37           3  0.63858363693644937     
          38           3  0.64053249328568373     
          39           3  0.63718669281711371     
          40           3  0.61428360823218220     
          41           3  0.61058020309259220     
          42           3  0.62796111803873655     
          43           3  0.59806607834439274     
          44           3  0.57432136778687626     
          45           3  0.61994813223464063     
          46           3  0.62359042841493662     
          47           3   0.0000000000000000     
          48           3   0.0000000000000000     
          49           3   0.0000000000000000     
           1           4   0.0000000000000000     
           2           4   0.0000000000000000     
           3           4  0.63963290378721849     
           4           4  0.64378835041986016     
           5           4  0.64350989886197985     
           6           4  0.64772990768780703     
           7           4  0.65141331344564490     
           8           4  0.65575586139100561     
           9           4  0.65223452486005329     
          10           4  0.67383345813561424     
          11           4  0.65549780184461348     
          12           4  0.65006762889584524     
          13           4  0.64633884184552348     
          14           4  0.64223690215740936     
          15           4  0.64349399980819533     
          16           4  0.63616800153244324     
          17           4  0.63955898914660902     
          18           4  0.64110584564677475     
          19           4  0.63763270018005758     
          20           4  0.65502492518606459     
          21           4  0.62640535913646578     
          22           4  0.62262938388632716     
          23           4  0.61778142528757374     
          24           4  0.61488548693341127     
          25           4  0.62563833435299010     
          26           4  0.62773756146111548     
          27           4  0.62737911180815376     
          28           4  0.63390438906765512     
          29           4  0.64393969797161799     
          30           4  0.64236464492229917     
          31           4  0.66978940055172342     
          32           4  0.65297693075326291     
          33           4  0.65038261919019313     
          34           4  0.64747348854107467     
          35           4  0.64649348587884115     
          36           4  0.64732012136487527     
          37           4  0.64475128519898506     
          38           4  0.64182249242619294     
          39           4  0.64176553577923046     
          40           4  0.63964420712010528     
          41           4  0.65878306918669916     
          42           4  0.62345421667009693     
          43           4  0.62298187622789614     
          44           4  0.62303020518754992     
          45           4  0.62022253960898299     
          46           4  0.62483443744570111     
          47           4   0.0000000000000000     
          48           4   0.0000000000000000     
          49           4   0.0000000000000000     
           1           5   0.0000000000000000     
           2           5   0.0000000000000000     
           3           5  0.64085343381211191     
           4           5  0.64457121072617229     
           5           5  0.64222252767620636     
           6           5  0.66975472042841477     
           7           5  0.64812847539325336     
           8           5  0.67353473512302875     
           9           5  0.67291855808303758     
          10           5  0.67420478709391862     
          11           5  0.68084482687719383     
          12           5  0.64655329539148709     
          13           5  0.64301136018378380     
          14           5  0.63808003559908233     
          15           5  0.63592578498289809     
          16           5  0.65475273280283008     
          17           5  0.64433691115049929     
          18           5  0.64660321744043880     
          19           5  0.64485528083025256     
          20           5  0.63549938010936691     
          21           5  0.63399954501425537     
          22           5  0.62621867369097772     
          23           5  0.62174263639610372     
          24           5  0.61624179089988729     
          25           5  0.65214964735286107     
          26           5  0.61974813179855803     
          27           5  0.61777078249568418     
          28           5  0.62627503845001387     
          29           5  0.64236092584757354     
          30           5  0.64168979607157217     
          31           5  0.64397394890170911     
          32           5  0.65483406105129516     
          33           5  0.64532446018106915     
          34           5  0.64005763265338456     
          35           5  0.64029548346679532     
          36           5  0.64542694291205993     
          37           5  0.66217321634644855     
          38           5  0.64172006246047053     
          39           5  0.63671192441006463     
          40           5  0.63561221414588498     
          41           5  0.62967119617374734     
          42           5  0.62300011961900048     
          43           5  0.62406452658225575     
          44           5  0.62876681968466330     
          45           5  0.62674412651284173     
          46           5  0.65607239891995306     
          47           5   0.0000000000000000     
          48           5   0.0000000000000000     
          49           5   0.0000000000000000     
           1           6   0.0000000000000000     
           2           6   0.0000000000000000     
           3           6  0.67158771272907059     
           4           6  0.67376952607851726     
           5           6  0.66972656612368298     
           6           6  0.66341824528629945     
           7           6  0.66288105132906772     
           8           6  0.64027411477764196     
           9           6  0.63517901923714259     
          10           6  0.66673135072786249     
          11           6  0.65314198858063233     
          12           6  0.67710447392976825     
          13           6  0.66880175678512577     
          14           6  0.66648622859479478     
          15           6  0.68947510071722495     
          16           6  0.65617116370530337     
          17           6  0.66938753736575263     
          18           6  0.66554247521091969     
          19           6  0.66930546480359765     
          20           6  0.68014012477956687     
          21           6  0.65921283071156145     
          22           6  0.65070071364036497     
          23           6  0.64780626502544580     
          24           6  0.63909086630581691     
          25           6  0.67359235496485648     
          26           6  0.64146679274568108     
          27           6  0.64001157648049123     
          28           6  0.65072321746871653     
          29           6  0.67424126319635769     
          30           6  0.69726615350367771     
          31           6  0.67181590615685094     
          32           6  0.68273795870446730     
          33           6  0.67321962910213706     
          34           6  0.65786986293956418     
          35           6  0.66001686176949892     
          36           6  0.69078305366866344     
          37           6  0.65594042064909774     
          38           6  0.65715544710834406     
          39           6  0.66498469246405156     
          40           6  0.66283657281673758     
          41           6  0.68289730661610082     
          42           6  0.65514358493541791     
          43           6  0.65230929134389004     
          44           6  0.65761973692433584     
          45           6  0.68062254090909668     
          46           6  0.65483833821533666     
          47           6   0.0000000000000000     
          48           6   0.0000000000000000     
          49           6   0.0000000000000000     
           1           7   0.0000000000000000     
           2           7   0.0000000000000000     
           3           7  0.63678257666326266     
           4           7  0.64203195097036769     
           5           7  0.66440167578122900     
           6           7  0.64151000602321362     
           7           7  0.64176678783607954     
           8           7  0.64562992702746580     
           9           7  0.67071622896587157     
          10           7  0.64437911507817236     
          11           7  0.64972318504732496     
          12           7  0.64771467444511688     
          13           7  0.64065105943129530     
          14           7  0.64229022134011249     
          15           7  0.64161703679665427     
          16           7  0.63980444397453917     
          17           7  0.65122968490406452     
          18           7  0.65035554280667185     
          19           7  0.64673190658918145     
          20           7  0.66008294378443566     
          21           7  0.63704306979100866     
          22           7  0.62244589793313410     
          23           7  0.61911646282528565     
          24           7  0.61195854941553229     
          25           7  0.62372419748616958     
          26           7  0.61173443237611613     
          27           7  0.61420582694082182     
          28           7  0.62008694171822210     
          29           7  0.63674975550904811     
          30           7  0.65964706056106426     
          31           7  0.64213705017002287     
          32           7  0.65143728505170273     
          33           7  0.64737456179708719     
          34           7  0.63603066064239122     
          35           7  0.63864770533534054     
          36           7  0.63877050095811216     
          37           7  0.63041266559550246     
          38           7  0.63529190921575873     
          39           7  0.63785781154875709     
          40           7  0.63076155751292895     
          41           7  0.65750261054758696     
          42           7  0.62791370479202202     
          43           7  0.62284383505185470     
          44           7  0.62921053227564105     
          45           7  0.63667001849029747     
          46           7  0.63357574936056782     
          47           7   0.0000000000000000     
          48           7   0.0000000000000000     
          49           7   0.0000000000000000     
           1           8   0.0000000000000000     
           2           8   0.0000000000000000     
           3           8  0.63723411114698314     
           4           8  0.63950111653153729     
           5           8  0.66579838544691738     
           6           8  0.64160333124909608     
           7           8  0.64304991621145380     
           8           8  0.64543215443306756     
           9           8  0.64378692601646592     
          10           8  0.64176052971760122     
          11           8  0.64444749296296222     
          12           8  0.64322376815234927     
          13           8  0.63818686374834599     
          14           8  0.64366814201319733     
          15           8  0.67017433049215880     
          16           8  0.63909516460740501     
          17           8  0.64525355063806367     
          18           8  0.64539511534755467     
          19           8  0.64274274520030594     
          20           8  0.63314284041515945     
          21           8  0.63525199303284763     
          22           8  0.62458254474012853     
          23           8  0.62093643833072476     
          24           8  0.61293140604778673     
          25           8  0.64595267014942903     
          26           8  0.61261459598264045     
          27           8  0.61623234934252125     
          28           8  0.62438218892769670     
          29           8  0.64019482998218447     
          30           8  0.63984746025889572     
          31           8  0.64314472543606871     
          32           8  0.64946379692543543     
          33           8  0.64228827767996965     
          34           8  0.63166312676472525     
          35           8  0.65992355711941697     
          36           8  0.63746940586366796     
          37           8  0.63080747637229428     
          38           8  0.63514306733071635     
          39           8  0.63911254819007279     
          40           8  0.63046459645159425     
          41           8  0.62864153350939000     
          42           8  0.62592247322385453     
          43           8  0.62413621874657821     
          44           8  0.62538054102166263     
          45           8  0.65925589962864317     
          46           8  0.63319088858691164     
          47           8   0.0000000000000000     
          48           8   0.0000000000000000     
          49           8   0.0000000000000000     
           1           9   0.0000000000000000     
           2           9   0.0000000000000000     
           3           9  0.64298473235272569     
           4           9  0.64370299769642769     
           5           9  0.64494728199651319     
           6           9  0.63985327013004945     
           7           9  0.63821555046038680     
           8           9  0.64125042255203968     
           9           9  0.66611057523278250     
          10           9  0.66771878045980704     
          11           9  0.66874169709550302     
          12           9  0.66816728650429680     
          13           9  0.66233025854915284     
          14           9  0.66767941060468194     
          15           9  0.64430391721979308     
          16           9  0.63941936394269894     
          17           9  0.64811521022179830     
          18           9  0.64321468167389617     
          19           9  0.64032986523897273     
          20           9  0.65415910912234942     
          21           9  0.63557047413616141     
          22           9  0.64983249352142280     
          23           9  0.62095152676019238     
          24           9  0.61791321961547574     
          25           9  0.62592838951822083     
          26           9  0.62046503980397161     
          27           9  0.65288135012946613     
          28           9  0.63543314817048346     
          29           9  0.67356416311497425     
          30           9  0.64410193181196429     
          31           9  0.63986792863202735     
          32           9  0.64235770085863164     
          33           9  0.63652938270196480     
          34           9  0.62810318858067971     
          35           9  0.63145692351239735     
          36           9  0.63748836940440679     
          37           9  0.63241476707616218     
          38           9  0.63711838880068250     
          39           9  0.64008850419851571     
          40           9  0.65750621983572521     
          41           9  0.62989800656035977     
          42           9  0.63028321238059193     
          43           9  0.63027956680483110     
          44           9  0.63200268133945181     
          45           9  0.63802171602653013     
          46           9  0.63625703501209108     
          47           9   0.0000000000000000     
          48           9   0.0000000000000000     
          49           9   0.0000000000000000     
           1          10   0.0000000000000000     
           2          10   0.0000000000000000     
           3          10  0.67884114944900809     
           4          10  0.67136830685608018     
           5          10  0.69944666364537256     
           6          10  0.66284309429280530     
           7          10  0.66058588520708206     
           8          10  0.66258769878005574     
           9          10  0.66332278867045091     
          10          10  0.64246968847988639     
          11          10  0.64426522786406648     
          12          10  0.64540513352359863     
          13          10  0.64038515833604248     
          14          10  0.67125322271385479     
          15          10  0.67417211334699090     
          16          10  0.66366380988676676     
          17          10  0.67151759080197637     
          18          10  0.67259953667131822     
          19          10  0.69301376360099787     
          20          10  0.65720434589541632     
          21          10  0.66076037525317899     
          22          10  0.61879698996189247     
          23          10  0.64091923816241947     
          24          10  0.66602319888083727     
          25          10  0.65261811480743193     
          26          10  0.65591016960754134     
          27          10  0.63647965150409058     
          28          10  0.67203073217965958     
          29          10  0.70688386109598755     
          30          10  0.67333987038848231     
          31          10  0.66976507273431130     
          32          10  0.66467488703724775     
          33          10  0.65879709780732243     
          34          10  0.64848611789596300     
          35          10  0.67637190473378928     
          36          10  0.65565279144478683     
          37          10  0.65755900061635852     
          38          10  0.66067753219342296     
          39          10  0.66922495459143749     
          40          10  0.68692930921576112     
          41          10  0.66445709174300649     
          42          10  0.66387748458005413     
          43          10  0.66143571284179059     
          44          10  0.68499703648448396     
          45          10  0.66794613231769462     
          46          10  0.66524754173996870     
          47          10   0.0000000000000000     
          48          10   0.0000000000000000     
          49          10   0.0000000000000000     
           1          11   0.0000000000000000     
           2          11   0.0000000000000000     
           3          11  0.64443629898933674     
           4          11  0.64485866488802290     
           5          11  0.66613771977070668     
           6          11  0.63502743201125322     
           7          11  0.63597525030515689     
           8          11  0.63629205880147055     
           9          11  0.63827766298539834     
          10          11  0.63937425134286996     
          11          11  0.63780091251824944     
          12          11  0.63594807958222965     
          13          11  0.65414438821491983     
          14          11  0.63226526402946026     
          15          11  0.63720539725835323     
          16          11  0.63587939606969468     
          17          11  0.64292090197155660     
          18          11  0.64315475675762590     
          19          11  0.63859740322618674     
          20          11  0.62817707258786126     
          21          11  0.62655845971189483     
          22          11  0.61569582254852218     
          23          11  0.61316103322652571     
          24          11  0.64489758919795115     
          25          11  0.62914198025119317     
          26          11  0.63840955225086016     
          27          11  0.64333859159495244     
          28          11  0.65048489879094606     
          29          11  0.65060387030213451     
          30          11  0.64123700059261546     
          31          11  0.63381388003896855     
          32          11  0.63735780239808615     
          33          11  0.63373674155876480     
          34          11  0.65355457369838332     
          35          11  0.63599029268763896     
          36          11  0.64153128803292103     
          37          11  0.64202233635305428     
          38          11  0.64366135268334590     
          39          11  0.65170280806386927     
          40          11  0.64520251010937624     
          41          11  0.64543712947110277     
          42          11  0.64679830579825415     
          43          11  0.64602173738005630     
          44          11  0.66637748028787025     
          45          11  0.65110182876734390     
          46          11  0.64259941711683877     
          47          11   0.0000000000000000     
          48          11   0.0000000000000000     
          49          11   0.0000000000000000     
           1          12   0.0000000000000000     
           2          12   0.0000000000000000     
           3          12  0.64473285264723434     
           4          12  0.64597389933858385     
           5          12  0.63514435660525403     
           6          12  0.62931749647398827     
           7          12  0.62526214246496736     
           8          12  0.62838177254715399     
           9          12  0.65079192419535981     
          10          12  0.63058391477495512     
          11          12  0.63083587414728637     
          12          12  0.63278561034463432     
          13          12  0.62971792265420912     
          14          12  0.63558556096933549     
          15          12  0.64129721378795834     
          16          12  0.63486596993618405     
          17          12  0.63681162517591161     
          18          12  0.66049348791136642     
          19          12  0.63240788504915779     
          20          12  0.62275369898587885     
          21          12  0.62531529793881035     
          22          12  0.61848406186703020     
          23          12  0.62019799522272945     
          24          12  0.62676122348008068     
          25          12  0.63728194654372494     
          26          12  0.64670383082932614     
          27          12  0.65070590848955634     
          28          12  0.65686349283695267     
          29          12  0.68078756137568242     
          30          12  0.64403075917945685     
          31          12  0.63695563077719353     
          32          12  0.63811701890551431     
          33          12  0.63017596500356132     
          34          12  0.62310497076993110     
          35          12  0.63304000271799088     
          36          12  0.63335584505251974     
          37          12  0.63692663808122585     
          38          12  0.63684565932308446     
          39          12  0.67565948741871118     
          40          12  0.64390455040768091     
          41          12  0.64749608024845207     
          42          12  0.65351901207262908     
          43          12  0.65414264304869407     
          44          12  0.64818140644999356     
          45          12  0.65014015567285122     
          46          12  0.63876862291615955     
          47          12   0.0000000000000000     
          48          12   0.0000000000000000     
          49          12   0.0000000000000000     
           1          13   0.0000000000000000     
           2          13   0.0000000000000000     
           3          13  0.66230621599703510     
           4          13  0.64076888374657170     
           5          13  0.62697743637841752     
           6          13  0.62164608581430847     
           7          13  0.61839361259689229     
           8          13  0.62243445663054842     
           9          13  0.61780181580784466     
          10          13  0.62912186982204599     
          11          13  0.65250396806262312     
          12          13  0.65877706070863440     
          13          13  0.68601523214101223     
          14          13  0.66930942555293393     
          15          13  0.67000257162900434     
          16          13  0.66647735961224608     
          17          13  0.66883763220203130     
          18          13  0.64368762987885964     
          19          13  0.66140751817142374     
          20          13  0.62979777085033495     
          21          13  0.65341503274696167     
          22          13  0.64954127022561681     
          23          13  0.67383721582708467     
          24          13  0.65817851119827453     
          25          13  0.66782974239432291     
          26          13  0.67357357178873389     
          27          13  0.67633889565570626     
          28          13  0.70666962134210143     
          29          13  0.64859347692291469     
          30          13  0.63942542737162711     
          31          13  0.63627891820720184     
          32          13  0.63388937517724764     
          33          13  0.65329691543424051     
          34          13  0.62656894248721484     
          35          13  0.63425897318136915     
          36          13  0.63384777025654371     
          37          13  0.63718716069326553     
          38          13  0.63819061355197026     
          39          13  0.64908864793413845     
          40          13  0.64418883137978566     
          41          13  0.65108891681173164     
          42          13  0.66116840348948758     
          43          13  0.66175389491466885     
          44          13  0.65422741024075126     
          45          13  0.65223375119879956     
          46          13  0.64091054773112777     
          47          13   0.0000000000000000     
          48          13   0.0000000000000000     
          49          13   0.0000000000000000     
           1          14   0.0000000000000000     
           2          14   0.0000000000000000     
           3          14  0.68678700268963722     
           4          14  0.66232290375298597     
           5          14  0.64549531689642770     
           6          14  0.64303601419540579     
           7          14  0.63995074037322275     
           8          14  0.64443585781094337     
           9          14  0.66510843616224724     
          10          14  0.65360211227569143     
          11          14  0.63267113628311811     
          12          14  0.65930542419302063     
          13          14  0.63580190907820455     
          14          14  0.64566932538239952     
          15          14  0.64352297818659587     
          16          14  0.63619371328229535     
          17          14  0.63688635395180848     
          18          14  0.69033631670797879     
          19          14  0.63663070255708099     
          20          14  0.65820905827405074     
          21          14  0.63212536544822018     
          22          14  0.63422078625934708     
          23          14  0.65830697767386115     
          24          14  0.63814438760974568     
          25          14  0.64773811016353611     
          26          14  0.65516200707440897     
          27          14  0.65620929583451282     
          28          14  0.65653295649854915     
          29          14  0.67740494609790347     
          30          14  0.66436258663376979     
          31          14  0.65914260213127007     
          32          14  0.65754855721620997     
          33          14  0.67456769347558032     
          34          14  0.64532470601450376     
          35          14  0.65317176052490822     
          36          14  0.65370684043150662     
          37          14  0.66505761778777206     
          38          14  0.68682074313727404     
          39          14  0.67515936199550008     
          40          14  0.67227917417397287     
          41          14  0.68188578092992402     
          42          14  0.68977920721302277     
          43          14  0.71633144502027291     
          44          14  0.68221436369348021     
          45          14  0.67993956922838938     
          46          14  0.66377307065432989     
          47          14   0.0000000000000000     
          48          14   0.0000000000000000     
          49          14   0.0000000000000000     
           1          15   0.0000000000000000     
           2          15   0.0000000000000000     
           3          15  0.62828036557697142     
           4          15  0.63061132914886875     
           5          15  0.61819305023756432     
           6          15  0.62070633559915867     
           7          15  0.61155148412896310     
           8          15  0.63858811841358887     
           9          15  0.61374590284648756     
          10          15  0.62538101552855929     
          11          15  0.62793292179927418     
          12          15  0.63343158572581781     
          13          15  0.64080125277693378     
          14          15  0.64871803724011323     
          15          15  0.64610859921560160     
          16          15  0.63851352353362389     
          17          15  0.66210967600699799     
          18          15  0.63757660367850544     
          19          15  0.63705748148627550     
          20          15  0.63305639147710602     
          21          15  0.63400769006657187     
          22          15  0.64249762468908833     
          23          15  0.64536562852360146     
          24          15  0.64370486148509554     
          25          15  0.64997225717372220     
          26          15  0.65174387500101905     
          27          15  0.65277910712357534     
          28          15  0.67618028082316639     
          29          15  0.64302895623398548     
          30          15  0.63425012165021466     
          31          15  0.63168517831130799     
          32          15  0.62515527489515421     
          33          15  0.62257574475670197     
          34          15  0.62410825263655123     
          35          15  0.62871365270879664     
          36          15  0.63447271898054236     
          37          15  0.64198642077268719     
          38          15  0.66608356114681011     
          39          15  0.64516767708421674     
          40          15  0.64603087857392538     
          41          15  0.64997993332376214     
          42          15  0.64835015379302396     
          43          15  0.65225923720248846     
          44          15  0.64501682443669084     
          45          15  0.64054253185675325     
          46          15  0.63731683639224201     
          47          15   0.0000000000000000     
          48          15   0.0000000000000000     
          49          15   0.0000000000000000     
           1          16   0.0000000000000000     
           2          16   0.0000000000000000     
           3          16  0.62619049542737792     
           4          16  0.65358354912795402     
           5          16  0.62286129734565021     
           6          16  0.63079835220563651     
           7          16  0.61816284190279791     
           8          16  0.61681766788314585     
           9          16  0.61784174904891009     
          10          16  0.62844072522066574     
          11          16  0.62826396812302188     
          12          16  0.65944961312894224     
          13          16  0.64253097307119578     
          14          16  0.65221366958976501     
          15          16  0.64710706350354008     
          16          16  0.64020343070435204     
          17          16  0.64017206865572396     
          18          16  0.64451733011759405     
          19          16  0.63799858024423772     
          20          16  0.63136947866537363     
          21          16  0.63688457928718512     
          22          16  0.64682666462940352     
          23          16  0.67090511666323926     
          24          16  0.64582766630855826     
          25          16  0.65400371057149753     
          26          16  0.65139399745491811     
          27          16  0.64982805893020079     
          28          16  0.64483258585163195     
          29          16  0.64458318452819519     
          30          16  0.63473996546208744     
          31          16  0.63284897964919307     
          32          16  0.62478040110250344     
          33          16  0.64964356206331386     
          34          16  0.62854802500729179     
          35          16  0.63299074796312671     
          36          16  0.63655005793117658     
          37          16  0.63963274819756955     
          38          16  0.63604970198320265     
          39          16  0.63682531267963671     
          40          16  0.64046927408574883     
          41          16  0.64414807923411455     
          42          16  0.64617350958321629     
          43          16  0.67759971081981407     
          44          16  0.64651900779243598     
          45          16  0.64073660692443302     
          46          16  0.63796612707246403     
          47          16   0.0000000000000000     
          48          16   0.0000000000000000     
          49          16   0.0000000000000000     
           1          17   0.0000000000000000     
           2          17   0.0000000000000000     
           3          17  0.62724725765791656     
           4          17  0.65617028104023001     
           5          17  0.66009944478088700     
           6          17  0.66319269579681406     
           7          17  0.65456458627725000     
           8          17  0.67153176341765786     
           9          17  0.64964222898631097     
          10          17  0.62958609368039853     
          11          17  0.67494333434377729     
          12          17  0.65884697330090758     
          13          17  0.66791031718451466     
          14          17  0.67624087343748385     
          15          17  0.67100786166214943     
          16          17  0.66658816401578358     
          17          17  0.69211842838550564     
          18          17  0.67047316341706420     
          19          17  0.66680889304951863     
          20          17  0.66238125590750840     
          21          17  0.66863799928642698     
          22          17  0.67693627147525004     
          23          17  0.67841914054460728     
          24          17  0.66513627992992364     
          25          17  0.67197781336308515     
          26          17  0.66091709079270256     
          27          17  0.66544834692009525     
          28          17  0.68317396048590884     
          29          17  0.66302701250715790     
          30          17  0.65895019204994354     
          31          17  0.65430312957889269     
          32          17  0.64471359934539807     
          33          17  0.67901428185463975     
          34          17  0.66195749168158791     
          35          17  0.66061189292037215     
          36          17  0.64276400983289406     
          37          17  0.64296891148142732     
          38          17  0.66312527202349303     
          39          17  0.63234682979158863     
          40          17  0.63572773586955755     
          41          17  0.64003939585404968     
          42          17  0.64149161102564833     
          43          17  0.64515954344051663     
          44          17  0.64327447259360371     
          45          17  0.63807864231999001     
          46          17  0.63610704670331486     
          47          17   0.0000000000000000     
          48          17   0.0000000000000000     
          49          17   0.0000000000000000     
           1          18   0.0000000000000000     
           2          18   0.0000000000000000     
           3          18  0.67096484350318342     
           4          18  0.62688380853247638     
           5          18  0.62988967924615391     
           6          18  0.63929500267557449     
           7          18  0.63396662258014924     
           8          18  0.66389996949558827     
           9          18  0.63616651465719476     
          10          18  0.67061054516166163     
          11          18  0.64168009411121452     
          12          18  0.64349664854630961     
          13          18  0.64844435061094252     
          14          18  0.65209793116618986     
          15          18  0.64714523637054422     
          16          18  0.64201578906645795     
          17          18  0.66858278861525855     
          18          18  0.64226224665050524     
          19          18  0.64330773264824037     
          20          18  0.64116671726152896     
          21          18  0.64784128601634838     
          22          18  0.68259515670134874     
          23          18  0.65484189698855033     
          24          18  0.64382620989637118     
          25          18  0.64300720453850058     
          26          18  0.63240162293370650     
          27          18  0.66341162023946509     
          28          18  0.62895102840127803     
          29          18  0.63389489126424658     
          30          18  0.62988176363519710     
          31          18  0.62953253014043142     
          32          18  0.61976395954199937     
          33          18  0.62461019751326075     
          34          18  0.62919864108772361     
          35          18  0.63033550075313483     
          36          18  0.66674311752710103     
          37          18  0.66974079305837020     
          38          18  0.68708891191790056     
          39          18  0.66161836317388834     
          40          18  0.66830122117585455     
          41          18  0.66347555760932564     
          42          18  0.66390662121044519     
          43          18  0.69716917354737173     
          44          18  0.67316149240134193     
          45          18  0.66752275526162730     
          46          18  0.66530871484738574     
          47          18   0.0000000000000000     
          48          18   0.0000000000000000     
          49          18   0.0000000000000000     
           1          19   0.0000000000000000     
           2          19   0.0000000000000000     
           3          19  0.62520890631424875     
           4          19  0.63473634880302721     
           5          19  0.63840327986296574     
           6          19  0.64451385905670200     
           7          19  0.64111166704839917     
           8          19  0.64794526315513712     
           9          19  0.64283012329805644     
          10          19  0.64582106398757466     
          11          19  0.64108231720312669     
          12          19  0.66747224715086206     
          13          19  0.64489616717505960     
          14          19  0.64883948181546025     
          15          19  0.64651567996241943     
          16          19  0.64446035767117682     
          17          19  0.64685011722301178     
          18          19  0.64570167169814285     
          19          19  0.64827805199134148     
          20          19  0.64447310953095838     
          21          19  0.64779902731474315     
          22          19  0.67928562496343425     
          23          19  0.64900118746472124     
          24          19  0.64213291312353193     
          25          19  0.64030166939557387     
          26          19  0.63376012327954490     
          27          19  0.63744103055512646     
          28          19  0.62966076925906522     
          29          19  0.62904828812211799     
          30          19  0.62780288265020512     
          31          19  0.62728246097283658     
          32          19  0.64953965250044510     
          33          19  0.62945797094366163     
          34          19  0.63752144042188319     
          35          19  0.63884142851197123     
          36          19  0.64519769507491864     
          37          19  0.64106615321018712     
          38          19  0.64357000188732016     
          39          19  0.64128611277299574     
          40          19  0.64027835884301798     
          41          19  0.63905873604982266     
          42          19  0.63952618590331978     
          43          19  0.66798070275593513     
          44          19  0.63790604535678286     
          45          19  0.63762090764472079     
          46          19  0.63890411642120049     
          47          19   0.0000000000000000     
          48          19   0.0000000000000000     
          49          19   0.0000000000000000     
           1          20   0.0000000000000000     
           2          20   0.0000000000000000     
           3          20  0.57977635518847648     
           4          20  0.58798227221886712     
           5          20  0.58978020771268769     
           6          20  0.64705438115394442     
           7          20  0.59648443924985384     
           8          20  0.60367353987709260     
           9          20  0.57249296841157238     
          10          20  0.54662633097972235     
          11          20  0.51462136029788719     
          12          20  0.51292784685771764     
          13          20  0.51345173432677826     
          14          20  0.54303661708927675     
          15          20  0.54256879864905749     
          16          20  0.59606011080892651     
          17          20  0.59868128408150956     
          18          20  0.62433815679522908     
          19          20  0.62484950907787806     
          20          20  0.64793459416606158     
          21          20  0.64303702403956864     
          22          20  0.61940390635513431     
          23          20  0.61562145352155628     
          24          20  0.58706344153451395     
          25          20  0.58427191549477686     
          26          20  0.58299091346925402     
          27          20  0.63514561958020455     
          28          20  0.57793451108266058     
          29          20  0.59917630412432421     
          30          20  0.59943395676058553     
          31          20  0.59988836182564176     
          32          20  0.59847376222449744     
          33          20  0.62708973213140118     
          34          20  0.63641996394105871     
          35          20  0.64097023778606910     
          36          20  0.64176755614009251     
          37          20  0.66153608700552380     
          38          20  0.64503843702505914     
          39          20  0.64579929135499703     
          40          20  0.63580479540586143     
          41          20  0.63827084887435304     
          42          20  0.64120818874608865     
          43          20  0.64173866527565138     
          44          20  0.63344335690432041     
          45          20  0.63749713690315901     
          46          20  0.63628463142806158     
          47          20   0.0000000000000000     
          48          20   0.0000000000000000     
          49          20   0.0000000000000000     
           1          21   0.0000000000000000     
           2          21   0.0000000000000000     
           3          21  0.45412397818813266     
           4          21  0.45786377603000977     
           5          21  0.48052740022865076     
           6          21  0.48709633131406938     
           7          21  0.46544116537628943     
           8          21  0.47471199698539890     
           9          21  0.44652241836709372     
          10          21  0.42032489392948807     
          11          21  0.39032354537987246     
          12          21  0.41081588193060226     
          13          21  0.38974686002347592     
          14          21  0.41599655755622766     
          15          21  0.41638362158213132     
          16          21  0.46963248441805877     
          17          21  0.52059138452034925     
          18          21  0.54195624431963896     
          19          21  0.54577778089476914     
          20          21  0.57689088007733980     
          21          21  0.56517466453791176     
          22          21  0.51855895590578516     
          23          21  0.51097451859358778     
          24          21  0.48555598122542604     
          25          21  0.45296487042533151     
          26          21  0.50815981929862075     
          27          21  0.50953553505980864     
          28          21  0.47580970941108131     
          29          21  0.47027960434331950     
          30          21  0.52222005617561906     
          31          21  0.55035617964844996     
          32          21  0.60318180770764285     
          33          21  0.62588264519660086     
          34          21  0.65961659827020014     
          35          21  0.64152019480824218     
          36          21  0.64065895198040312     
          37          21  0.55963535345460114     
          38          21  0.54159046182437087     
          39          21  0.51725120382626277     
          40          21  0.50853439354845376     
          41          21  0.51114537205066657     
          42          21  0.53666683782998048     
          43          21  0.51215177822827851     
          44          21  0.52684809967952939     
          45          21  0.55287273944748450     
          46          21  0.55290378222148051     
          47          21   0.0000000000000000     
          48          21   0.0000000000000000     
          49          21   0.0000000000000000     
           1          22   0.0000000000000000     
           2          22   0.0000000000000000     
           3          22   0.0000000000000000     
           4          22   0.0000000000000000     
           5          22   0.0000000000000000     
           6          22   0.0000000000000000     
           7          22   0.0000000000000000     
           8          22   0.0000000000000000     
           9          22   0.0000000000000000     
          10          22   0.0000000000000000     
          11          22   0.0000000000000000     
          12          22   0.0000000000000000     
          13          22   0.0000000000000000     
          14          22   0.0000000000000000     
          15          22   0.0000000000000000     
          16          22   0.0000000000000000     
          17          22   0.0000000000000000     
          18          22   0.0000000000000000     
          19          22   0.0000000000000000     
          20          22   0.0000000000000000     
          21          22   0.0000000000000000     
          22          22   0.0000000000000000     
          23          22   0.0000000000000000     
          24          22   0.0000000000000000     
          25          22   0.0000000000000000     
          26          22   0.0000000000000000     
          27          22   0.0000000000000000     
          28          22   0.0000000000000000     
          29          22   0.0000000000000000     
          30          22   0.0000000000000000     
          31          22   0.0000000000000000     
          32          22   0.0000000000000000     
          33          22   0.0000000000000000     
          34          22   0.0000000000000000     
          35          22   0.0000000000000000     
          36          22   0.0000000000000000     
          37          22   0.0000000000000000     
          38          22   0.0000000000000000     
          39          22   0.0000000000000000     
          40          22   0.0000000000000000     
          41          22   0.0000000000000000     
          42          22   0.0000000000000000     
          43          22   0.0000000000000000     
          44          22   0.0000000000000000     
          45          22   0.0000000000000000     
          46          22   0.0000000000000000     
          47          22   0.0000000000000000     
          48          22   0.0000000000000000     
          49          22   0.0000000000000000     
           1          23   0.0000000000000000     
           2          23   0.0000000000000000     
           3          23   0.0000000000000000     
           4          23   0.0000000000000000     
           5          23   0.0000000000000000     
           6          23   0.0000000000000000     
           7          23   0.0000000000000000     
           8          23   0.0000000000000000     
           9          23   0.0000000000000000     
          10          23   0.0000000000000000     
          11          23   0.0000000000000000     
          12          23   0.0000000000000000     
          13          23   0.0000000000000000     
          14          23   0.0000000000000000     
          15          23   0.0000000000000000     
          16          23   0.0000000000000000     
          17          23   0.0000000000000000     
          18          23   0.0000000000000000     
          19          23   0.0000000000000000     
          20          23   0.0000000000000000     
          21          23   0.0000000000000000     
          22          23   0.0000000000000000     
          23          23   0.0000000000000000     
          24          23   0.0000000000000000     
          25          23   0.0000000000000000     
          26          23   0.0000000000000000     
          27          23   0.0000000000000000     
          28          23   0.0000000000000000     
          29          23   0.0000000000000000     
          30          23   0.0000000000000000     
          31          23   0.0000000000000000     
          32          23   0.0000000000000000     
          33          23   0.0000000000000000     
          34          23   0.0000000000000000     
          35          23   0.0000000000000000     
          36          23   0.0000000000000000     
          37          23   0.0000000000000000     
          38          23   0.0000000000000000     
          39          23   0.0000000000000000     
          40          23   0.0000000000000000     
          41          23   0.0000000000000000     
          42          23   0.0000000000000000     
          43          23   0.0000000000000000     
          44          23   0.0000000000000000     
          45          23   0.0000000000000000     
          46          23   0.0000000000000000     
          47          23   0.0000000000000000     
          48          23   0.0000000000000000     
          49          23   0.0000000000000000     
           1          24   0.0000000000000000     
           2          24   0.0000000000000000     
           3          24   0.0000000000000000     
           4          24   0.0000000000000000     
           5          24   0.0000000000000000     
           6          24   0.0000000000000000     
           7          24   0.0000000000000000     
           8          24   0.0000000000000000     
           9          24   0.0000000000000000     
          10          24   0.0000000000000000     
          11          24   0.0000000000000000     
          12          24   0.0000000000000000     
          13          24   0.0000000000000000     
          14          24   0.0000000000000000     
          15          24   0.0000000000000000     
          16          24   0.0000000000000000     
          17          24   0.0000000000000000     
          18          24   0.0000000000000000     
          19          24   0.0000000000000000     
          20          24   0.0000000000000000     
          21          24   0.0000000000000000     
          22          24   0.0000000000000000     
          23          24   0.0000000000000000     
          24          24   0.0000000000000000     
          25          24   0.0000000000000000     
          26          24   0.0000000000000000     
          27          24   0.0000000000000000     
          28          24   0.0000000000000000     
          29          24   0.0000000000000000     
          30          24   0.0000000000000000     
          31          24   0.0000000000000000     
          32          24   0.0000000000000000     
          33          24   0.0000000000000000     
          34          24   0.0000000000000000     
          35          24   0.0000000000000000     
          36          24   0.0000000000000000     
          37          24   0.0000000000000000     
          38          24   0.0000000000000000     
          39          24   0.0000000000000000     
          40          24   0.0000000000000000     
          41          24   0.0000000000000000     
          42          24   0.0000000000000000     
          43          24   0.0000000000000000     
          44          24   0.0000000000000000     
          45          24   0.0000000000000000     
          46          24   0.0000000000000000     
          47          24   0.0000000000000000     
          48          24   0.0000000000000000     
          49          24   0.0000000000000000     
           1          25   0.0000000000000000     
           2          25   0.0000000000000000     
           3          25   0.0000000000000000     
           4          25   0.0000000000000000     
           5          25   0.0000000000000000     
           6          25   0.0000000000000000     
           7          25   0.0000000000000000     
           8          25   0.0000000000000000     
           9          25   0.0000000000000000     
          10          25   0.0000000000000000     
          11          25   0.0000000000000000     
          12          25   0.0000000000000000     
          13          25   0.0000000000000000     
          14          25   0.0000000000000000     
          15          25   0.0000000000000000     
          16          25   0.0000000000000000     
          17          25   0.0000000000000000     
          18          25   0.0000000000000000     
          19          25   0.0000000000000000     
          20          25   0.0000000000000000     
          21          25   0.0000000000000000     
          22          25   0.0000000000000000     
          23          25   0.0000000000000000     
          24          25   0.0000000000000000     
          25          25   0.0000000000000000     
          26          25   0.0000000000000000     
          27          25   0.0000000000000000     
          28          25   0.0000000000000000     
          29          25   0.0000000000000000     
          30          25   0.0000000000000000     
          31          25   0.0000000000000000     
          32          25   0.0000000000000000     
          33          25   0.0000000000000000     
          34          25   0.0000000000000000     
          35          25   0.0000000000000000     
          36          25   0.0000000000000000     
          37          25   0.0000000000000000     
          38          25   0.0000000000000000     
          39          25   0.0000000000000000     
          40          25   0.0000000000000000     
          41          25   0.0000000000000000     
          42          25   0.0000000000000000     
          43          25   0.0000000000000000     
          44          25   0.0000000000000000     
          45          25   0.0000000000000000     
          46          25   0.0000000000000000     
          47          25   0.0000000000000000     
          48          25   0.0000000000000000     
          49          25   0.0000000000000000     
           1          26   0.0000000000000000     
           2          26   0.0000000000000000     
           3          26   0.0000000000000000     
           4          26   0.0000000000000000     
           5          26   0.0000000000000000     
           6          26   0.0000000000000000     
           7          26   0.0000000000000000     
           8          26   0.0000000000000000     
           9          26   0.0000000000000000     
          10          26   0.0000000000000000     
          11          26   0.0000000000000000     
          12          26   0.0000000000000000     
          13          26   0.0000000000000000     
          14          26   0.0000000000000000     
          15          26   0.0000000000000000     
          16          26   0.0000000000000000     
          17          26   0.0000000000000000     
          18          26   0.0000000000000000     
          19          26   0.0000000000000000     
          20          26   0.0000000000000000     
          21          26   0.0000000000000000     
          22          26   0.0000000000000000     
          23          26   0.0000000000000000     
          24          26   0.0000000000000000     
          25          26   0.0000000000000000     
          26          26   0.0000000000000000     
          27          26   0.0000000000000000     
          28          26   0.0000000000000000     
          29          26   0.0000000000000000     
          30          26   0.0000000000000000     
          31          26   0.0000000000000000     
          32          26   0.0000000000000000     
          33          26   0.0000000000000000     
          34          26   0.0000000000000000     
          35          26   0.0000000000000000     
          36          26   0.0000000000000000     
          37          26   0.0000000000000000     
          38          26   0.0000000000000000     
          39          26   0.0000000000000000     
          40          26   0.0000000000000000     
          41          26   0.0000000000000000     
          42          26   0.0000000000000000     
          43          26   0.0000000000000000     
          44          26   0.0000000000000000     
          45          26   0.0000000000000000     
          46          26   0.0000000000000000     
          47          26   0.0000000000000000     
          48          26   0.0000000000000000     
          49          26   0.0000000000000000     
           1          27   0.0000000000000000     
           2          27   0.0000000000000000     
           3          27   0.0000000000000000     
           4          27   0.0000000000000000     
           5          27   0.0000000000000000     
           6          27   0.0000000000000000     
           7          27   0.0000000000000000     
           8          27   0.0000000000000000     
           9          27   0.0000000000000000     
          10          27   0.0000000000000000     
          11          27   0.0000000000000000     
          12          27   0.0000000000000000     
          13          27   0.0000000000000000     
          14          27   0.0000000000000000     
          15          27   0.0000000000000000     
          16          27   0.0000000000000000     
          17          27   0.0000000000000000     
          18          27   0.0000000000000000     
          19          27   0.0000000000000000     
          20          27   0.0000000000000000     
          21          27   0.0000000000000000     
          22          27   0.0000000000000000     
          23          27   0.0000000000000000     
          24          27   0.0000000000000000     
          25          27   0.0000000000000000     
          26          27   0.0000000000000000     
          27          27   0.0000000000000000     
          28          27   0.0000000000000000     
          29          27   0.0000000000000000     
          30          27   0.0000000000000000     
          31          27   0.0000000000000000     
          32          27   0.0000000000000000     
          33          27   0.0000000000000000     
          34          27   0.0000000000000000     
          35          27   0.0000000000000000     
          36          27   0.0000000000000000     
          37          27   0.0000000000000000     
          38          27   0.0000000000000000     
          39          27   0.0000000000000000     
          40          27   0.0000000000000000     
          41          27   0.0000000000000000     
          42          27   0.0000000000000000     
          43          27   0.0000000000000000     
          44          27   0.0000000000000000     
          45          27   0.0000000000000000     
          46          27   0.0000000000000000     
          47          27   0.0000000000000000     
          48          27   0.0000000000000000     
          49          27   0.0000000000000000     
           1          28   0.0000000000000000     
           2          28   0.0000000000000000     
           3          28   0.0000000000000000     
           4          28   0.0000000000000000     
           5          28   0.0000000000000000     
           6          28   0.0000000000000000     
           7          28   0.0000000000000000     
           8          28   0.0000000000000000     
           9          28   0.0000000000000000     
          10          28   0.0000000000000000     
          11          28   0.0000000000000000     
          12          28   0.0000000000000000     
          13          28   0.0000000000000000     
          14          28   0.0000000000000000     
          15          28   0.0000000000000000     
          16          28   0.0000000000000000     
          17          28   0.0000000000000000     
          18          28   0.0000000000000000     
          19          28   0.0000000000000000     
          20          28   0.0000000000000000     
          21          28   0.0000000000000000     
          22          28   0.0000000000000000     
          23          28   0.0000000000000000     
          24          28   0.0000000000000000     
          25          28   0.0000000000000000     
          26          28   0.0000000000000000     
          27          28   0.0000000000000000     
          28          28   0.0000000000000000     
          29          28   0.0000000000000000     
          30          28   0.0000000000000000     
          31          28   0.0000000000000000     
          32          28   0.0000000000000000     
          33          28   0.0000000000000000     
          34          28   0.0000000000000000     
          35          28   0.0000000000000000     
          36          28   0.0000000000000000     
          37          28   0.0000000000000000     
          38          28   0.0000000000000000     
          39          28   0.0000000000000000     
          40          28   0.0000000000000000     
          41          28   0.0000000000000000     
          42          28   0.0000000000000000     
          43          28   0.0000000000000000     
          44          28   0.0000000000000000     
          45          28   0.0000000000000000     
          46          28   0.0000000000000000     
          47          28   0.0000000000000000     
          48          28   0.0000000000000000     
          49          28   0.0000000000000000     
           1          29   0.0000000000000000     
           2          29   0.0000000000000000     
           3          29   0.0000000000000000     
           4          29   0.0000000000000000     
           5          29   0.0000000000000000     
           6          29   0.0000000000000000     
           7          29   0.0000000000000000     
           8          29   0.0000000000000000     
           9          29   0.0000000000000000     
          10          29   0.0000000000000000     
          11          29   0.0000000000000000     
          12          29   0.0000000000000000     
          13          29   0.0000000000000000     
          14          29   0.0000000000000000     
          15          29   0.0000000000000000     
          16          29   0.0000000000000000     
          17          29   0.0000000000000000     
          18          29   0.0000000000000000     
          19          29   0.0000000000000000     
          20          29   0.0000000000000000     
          21          29   0.0000000000000000     
          22          29   0.0000000000000000     
          23          29   0.0000000000000000     
          24          29   0.0000000000000000     
          25          29   0.0000000000000000     
          26          29   0.0000000000000000     
          27          29   0.0000000000000000     
          28          29   0.0000000000000000     
          29          29   0.0000000000000000     
          30          29   0.0000000000000000     
          31          29   0.0000000000000000     
          32          29   0.0000000000000000     
          33          29   0.0000000000000000     
          34          29   0.0000000000000000     
          35          29   0.0000000000000000     
          36          29   0.0000000000000000     
          37          29   0.0000000000000000     
          38          29   0.0000000000000000     
          39          29   0.0000000000000000     
          40          29   0.0000000000000000     
          41          29   0.0000000000000000     
          42          29   0.0000000000000000     
          43          29   0.0000000000000000     
          44          29   0.0000000000000000     
          45          29   0.0000000000000000     
          46          29   0.0000000000000000     
          47          29   0.0000000000000000     
          48          29   0.0000000000000000     
          49          29   0.0000000000000000     
           1          30   0.0000000000000000     
           2          30   0.0000000000000000     
           3          30   0.0000000000000000     
           4          30   0.0000000000000000     
           5          30   0.0000000000000000     
           6          30   0.0000000000000000     
           7          30   0.0000000000000000     
           8          30   0.0000000000000000     
           9          30   0.0000000000000000     
          10          30   0.0000000000000000     
          11          30   0.0000000000000000     
          12          30   0.0000000000000000     
          13          30   0.0000000000000000     
          14          30   0.0000000000000000     
          15          30   0.0000000000000000     
          16          30   0.0000000000000000     
          17          30   0.0000000000000000     
          18          30   0.0000000000000000     
          19          30   0.0000000000000000     
          20          30   0.0000000000000000     
          21          30   0.0000000000000000     
          22          30   0.0000000000000000     
          23          30   0.0000000000000000     
          24          30   0.0000000000000000     
          25          30   0.0000000000000000     
          26          30   0.0000000000000000     
          27          30   0.0000000000000000     
          28          30   0.0000000000000000     
          29          30   0.0000000000000000     
          30          30   0.0000000000000000     
          31          30   0.0000000000000000     
          32          30   0.0000000000000000     
          33          30   0.0000000000000000     
          34          30   0.0000000000000000     
          35          30   0.0000000000000000     
          36          30   0.0000000000000000     
          37          30   0.0000000000000000     
          38          30   0.0000000000000000     
          39          30   0.0000000000000000     
          40          30   0.0000000000000000     
          41          30   0.0000000000000000     
          42          30   0.0000000000000000     
          43          30   0.0000000000000000     
          44          30   0.0000000000000000     
          45          30   0.0000000000000000     
          46          30   0.0000000000000000     
          47          30   0.0000000000000000     
          48          30   0.0000000000000000     
          49          30   0.0000000000000000     
           1          31   0.0000000000000000     
           2          31   0.0000000000000000     
           3          31   0.0000000000000000     
           4          31   0.0000000000000000     
           5          31   0.0000000000000000     
           6          31   0.0000000000000000     
           7          31   0.0000000000000000     
           8          31   0.0000000000000000     
           9          31   0.0000000000000000     
          10          31   0.0000000000000000     
          11          31   0.0000000000000000     
          12          31   0.0000000000000000     
          13          31   0.0000000000000000     
          14          31   0.0000000000000000     
          15          31   0.0000000000000000     
          16          31   0.0000000000000000     
          17          31   0.0000000000000000     
          18          31   0.0000000000000000     
          19          31   0.0000000000000000     
          20          31   0.0000000000000000     
          21          31   0.0000000000000000     
          22          31   0.0000000000000000     
          23          31   0.0000000000000000     
          24          31   0.0000000000000000     
          25          31   0.0000000000000000     
          26          31   0.0000000000000000     
          27          31   0.0000000000000000     
          28          31   0.0000000000000000     
          29          31   0.0000000000000000     
          30          31   0.0000000000000000     
          31          31   0.0000000000000000     
          32          31   0.0000000000000000     
          33          31   0.0000000000000000     
          34          31   0.0000000000000000     
          35          31   0.0000000000000000     
          36          31   0.0000000000000000     
          37          31   0.0000000000000000     
          38          31   0.0000000000000000     
          39          31   0.0000000000000000     
          40          31   0.0000000000000000     
          41          31   0.0000000000000000     
          42          31   0.0000000000000000     
          43          31   0.0000000000000000     
          44          31   0.0000000000000000     
          45          31   0.0000000000000000     
          46          31   0.0000000000000000     
          47          31   0.0000000000000000     
          48          31   0.0000000000000000     
          49          31   0.0000000000000000     
