           1           1   0.0000000000000000     
           2           1   0.0000000000000000     
           3           1   0.0000000000000000     
           4           1   0.0000000000000000     
           5           1   0.0000000000000000     
           6           1   0.0000000000000000     
           7           1   0.0000000000000000     
           8           1   0.0000000000000000     
           9           1   0.0000000000000000     
          10           1   0.0000000000000000     
          11           1   0.0000000000000000     
          12           1   0.0000000000000000     
          13           1   0.0000000000000000     
          14           1   0.0000000000000000     
          15           1   0.0000000000000000     
          16           1   0.0000000000000000     
          17           1   0.0000000000000000     
          18           1   0.0000000000000000     
          19           1   0.0000000000000000     
          20           1   0.0000000000000000     
          21           1   0.0000000000000000     
          22           1   0.0000000000000000     
          23           1   0.0000000000000000     
          24           1   0.0000000000000000     
          25           1   0.0000000000000000     
          26           1   0.0000000000000000     
          27           1   0.0000000000000000     
          28           1   0.0000000000000000     
          29           1   0.0000000000000000     
          30           1   0.0000000000000000     
          31           1   0.0000000000000000     
          32           1   0.0000000000000000     
          33           1   0.0000000000000000     
          34           1   0.0000000000000000     
          35           1   0.0000000000000000     
          36           1   0.0000000000000000     
          37           1   0.0000000000000000     
          38           1   0.0000000000000000     
          39           1   0.0000000000000000     
          40           1   0.0000000000000000     
          41           1   0.0000000000000000     
          42           1   0.0000000000000000     
          43           1   0.0000000000000000     
          44           1   0.0000000000000000     
          45           1   0.0000000000000000     
          46           1   0.0000000000000000     
          47           1   0.0000000000000000     
          48           1   0.0000000000000000     
          49           1   0.0000000000000000     
           1           2   0.0000000000000000     
           2           2   0.0000000000000000     
           3           2   0.0000000000000000     
           4           2   0.0000000000000000     
           5           2   0.0000000000000000     
           6           2   0.0000000000000000     
           7           2   0.0000000000000000     
           8           2   0.0000000000000000     
           9           2   0.0000000000000000     
          10           2   0.0000000000000000     
          11           2   0.0000000000000000     
          12           2   0.0000000000000000     
          13           2   0.0000000000000000     
          14           2   0.0000000000000000     
          15           2   0.0000000000000000     
          16           2   0.0000000000000000     
          17           2   0.0000000000000000     
          18           2   0.0000000000000000     
          19           2   0.0000000000000000     
          20           2   0.0000000000000000     
          21           2   0.0000000000000000     
          22           2   0.0000000000000000     
          23           2   0.0000000000000000     
          24           2   0.0000000000000000     
          25           2   0.0000000000000000     
          26           2   0.0000000000000000     
          27           2   0.0000000000000000     
          28           2   0.0000000000000000     
          29           2   0.0000000000000000     
          30           2   0.0000000000000000     
          31           2   0.0000000000000000     
          32           2   0.0000000000000000     
          33           2   0.0000000000000000     
          34           2   0.0000000000000000     
          35           2   0.0000000000000000     
          36           2   0.0000000000000000     
          37           2   0.0000000000000000     
          38           2   0.0000000000000000     
          39           2   0.0000000000000000     
          40           2   0.0000000000000000     
          41           2   0.0000000000000000     
          42           2   0.0000000000000000     
          43           2   0.0000000000000000     
          44           2   0.0000000000000000     
          45           2   0.0000000000000000     
          46           2   0.0000000000000000     
          47           2   0.0000000000000000     
          48           2   0.0000000000000000     
          49           2   0.0000000000000000     
           1           3   0.0000000000000000     
           2           3   0.0000000000000000     
           3           3  0.64597319771611550     
           4           3  0.61929954709235591     
           5           3  0.65059843976275133     
           6           3  0.62397275093012927     
           7           3  0.63318092131828929     
           8           3  0.66428123179490073     
           9           3  0.63228867161851898     
          10           3  0.63189584238394481     
          11           3  0.62778985724807279     
          12           3  0.62093401094924572     
          13           3  0.62083998932162698     
          14           3  0.63421704509613208     
          15           3  0.63410041639559001     
          16           3  0.65991491601211683     
          17           3  0.64098791742665495     
          18           3  0.64254609564045606     
          19           3  0.63479621133247532     
          20           3  0.63901781184793216     
          21           3  0.70129936947490512     
          22           3  0.64315194934773856     
          23           3  0.66793639467151067     
          24           3  0.66565451392069686     
          25           3  0.66198526781307365     
          26           3  0.65954077994671123     
          27           3  0.66537018824546412     
          28           3  0.66937790500804950     
          29           3  0.67392316363640903     
          30           3  0.64256717230565208     
          31           3  0.68857735341474147     
          32           3  0.64587051483922742     
          33           3  0.66498772826303576     
          34           3  0.66970200627998822     
          35           3  0.67805254140326132     
          36           3  0.64480636822608961     
          37           3  0.66364820922030199     
          38           3  0.63895136426105548     
          39           3  0.66227319491993142     
          40           3  0.66320740227825836     
          41           3  0.64249511453615171     
          42           3  0.63997229742500639     
          43           3  0.64150108329134481     
          44           3  0.63868005615943413     
          45           3  0.66837451535550318     
          46           3  0.63585956675763444     
          47           3   0.0000000000000000     
          48           3   0.0000000000000000     
          49           3   0.0000000000000000     
           1           4   0.0000000000000000     
           2           4   0.0000000000000000     
           3           4  0.62302570799829338     
           4           4  0.62013475702476373     
           5           4  0.62209930773032951     
           6           4  0.62389609440382632     
           7           4  0.65917293963895607     
           8           4  0.63725402701692913     
           9           4  0.63452920073536379     
          10           4  0.62875515082337874     
          11           4  0.62903932658069017     
          12           4  0.62387367902151647     
          13           4  0.61712532022260247     
          14           4  0.62181265201977720     
          15           4  0.64747112637083681     
          16           4  0.62344206092061583     
          17           4  0.62869248070651107     
          18           4  0.63286174412365537     
          19           4  0.63475047464831402     
          20           4  0.64084454478050490     
          21           4  0.65044539170180293     
          22           4  0.64426355248727762     
          23           4  0.64403217222693387     
          24           4  0.63881889643542356     
          25           4  0.66439915317903819     
          26           4  0.63627740096958996     
          27           4  0.64424829966492325     
          28           4  0.64761033928123757     
          29           4  0.65470708434612579     
          30           4  0.64690893765681912     
          31           4  0.63924365410177619     
          32           4  0.64253539644993463     
          33           4  0.63759924120202027     
          34           4  0.63380570925689828     
          35           4  0.66102707468126176     
          36           4  0.63685400125663560     
          37           4  0.63504540133866005     
          38           4  0.64052905012207917     
          39           4  0.63931936444363957     
          40           4  0.64455815478669121     
          41           4  0.64950035916357907     
          42           4  0.64832879147868816     
          43           4  0.62399109060826474     
          44           4  0.64399765476475379     
          45           4  0.61672979774236814     
          46           4  0.64141020765551038     
          47           4   0.0000000000000000     
          48           4   0.0000000000000000     
          49           4   0.0000000000000000     
           1           5   0.0000000000000000     
           2           5   0.0000000000000000     
           3           5  0.62542905723870001     
           4           5  0.61918064168823705     
           5           5  0.62304486900547973     
           6           5  0.62890685567744253     
           7           5  0.63601899161398090     
           8           5  0.64200083865940294     
           9           5  0.63989783720580018     
          10           5  0.63023165169173634     
          11           5  0.65335174742640179     
          12           5  0.62593555269255918     
          13           5  0.61988248663812262     
          14           5  0.62057478857793880     
          15           5  0.62098333513873238     
          16           5  0.61842116993647822     
          17           5  0.62563144781365621     
          18           5  0.63306027372960116     
          19           5  0.64224398501500557     
          20           5  0.67001122208460273     
          21           5  0.65627085121520301     
          22           5  0.64464685396831778     
          23           5  0.64280343629098113     
          24           5  0.63496727307521494     
          25           5  0.63717284917313133     
          26           5  0.63685992478254805     
          27           5  0.64447992833306400     
          28           5  0.64342299411475923     
          29           5  0.65115237177399676     
          30           5  0.66572638355965086     
          31           5  0.63195808425285804     
          32           5  0.63704718464298060     
          33           5  0.63435812855339080     
          34           5  0.63067006682740900     
          35           5  0.63287168025893747     
          36           5  0.63577004560171024     
          37           5  0.63190912655656140     
          38           5  0.63785372953970343     
          39           5  0.65906137356042627     
          40           5  0.64027108723517023     
          41           5  0.64226867789429365     
          42           5  0.64242827201101360     
          43           5  0.61962879183053055     
          44           5  0.62078191327950760     
          45           5  0.61620188351018790     
          46           5  0.61994672518204619     
          47           5   0.0000000000000000     
          48           5   0.0000000000000000     
          49           5   0.0000000000000000     
           1           6   0.0000000000000000     
           2           6   0.0000000000000000     
           3           6  0.66016870095671787     
           4           6  0.65577488595392586     
           5           6  0.66105134921607245     
           6           6  0.68697798811502131     
           7           6  0.66797686208205143     
           8           6  0.64187125414776125     
           9           6  0.66484064729151937     
          10           6  0.65281339728932430     
          11           6  0.67618151076741173     
          12           6  0.64835349019092592     
          13           6  0.64441147018702849     
          14           6  0.64454714356165421     
          15           6  0.66672811633407347     
          16           6  0.64392458051126245     
          17           6  0.65378770823653010     
          18           6  0.66385765864510438     
          19           6  0.69588676558740070     
          20           6  0.67208292604110675     
          21           6  0.65165733275602256     
          22           6  0.63939930543533163     
          23           6  0.63525852032211838     
          24           6  0.62796366251424618     
          25           6  0.65158978120053002     
          26           6  0.62840989995632968     
          27           6  0.63523902695533241     
          28           6  0.63168834048153932     
          29           6  0.66405510802482859     
          30           6  0.63691675406778880     
          31           6  0.62655159915444791     
          32           6  0.62963232347818410     
          33           6  0.65731065158576230     
          34           6  0.67918436910907176     
          35           6  0.65080182123961372     
          36           6  0.63728586111234087     
          37           6  0.63966752639803570     
          38           6  0.67288537024961381     
          39           6  0.69225880245330718     
          40           6  0.65314660830702964     
          41           6  0.67117710631492822     
          42           6  0.66707372669478660     
          43           6  0.64265537050145849     
          44           6  0.61476866052338386     
          45           6  0.62951207178923707     
          46           6  0.63909389042088482     
          47           6   0.0000000000000000     
          48           6   0.0000000000000000     
          49           6   0.0000000000000000     
           1           7   0.0000000000000000     
           2           7   0.0000000000000000     
           3           7  0.63467676433770159     
           4           7  0.66036703221216098     
           5           7  0.64417891607545397     
           6           7  0.65015133948395076     
           7           7  0.65356271168827795     
           8           7  0.67233064892691230     
           9           7  0.64227362990967840     
          10           7  0.63164571947500481     
          11           7  0.62608306181065942     
          12           7  0.62073984260237114     
          13           7  0.62095655467800004     
          14           7  0.64305858589070852     
          15           7  0.61723648192566671     
          16           7  0.61922941240719287     
          17           7  0.62484099442474605     
          18           7  0.63423071021821154     
          19           7  0.63977150450967812     
          20           7  0.64651175047875398     
          21           7  0.67702000452745004     
          22           7  0.67087220064384245     
          23           7  0.66454970553092496     
          24           7  0.68557481811056609     
          25           7  0.65773007045450549     
          26           7  0.65898437373066743     
          27           7  0.65983788704930246     
          28           7  0.65702765760278992     
          29           7  0.65489940978149230     
          30           7  0.65870890491957390     
          31           7  0.64755459985172659     
          32           7  0.65542664119650706     
          33           7  0.63307647962715619     
          34           7  0.66261978873723504     
          35           7  0.63357323839921809     
          36           7  0.66967442255013920     
          37           7  0.66807946221318937     
          38           7  0.63956300024239288     
          39           7  0.63507426653124721     
          40           7  0.67010924283962858     
          41           7  0.63724497081874854     
          42           7  0.63261703592592866     
          43           7  0.64105247247831165     
          44           7  0.66425748244870253     
          45           7  0.65454070869945546     
          46           7  0.66612367507093484     
          47           7   0.0000000000000000     
          48           7   0.0000000000000000     
          49           7   0.0000000000000000     
           1           8   0.0000000000000000     
           2           8   0.0000000000000000     
           3           8  0.64211403358502128     
           4           8  0.64685817159086523     
           5           8  0.65247024877349602     
           6           8  0.65646561380186330     
           7           8  0.65423565385285920     
           8           8  0.64717175038426455     
           9           8  0.66541196867561025     
          10           8  0.62895926223012200     
          11           8  0.62709330091595405     
          12           8  0.61997999306878637     
          13           8  0.62114253986418333     
          14           8  0.62213638946941774     
          15           8  0.62053993847750810     
          16           8  0.62375038366797830     
          17           8  0.63392694985447784     
          18           8  0.67094627538642293     
          19           8  0.64179138548353398     
          20           8  0.64518348425389860     
          21           8  0.64625886862216442     
          22           8  0.63690990870369457     
          23           8  0.63299584346938476     
          24           8  0.63107471207178845     
          25           8  0.63333448653123270     
          26           8  0.63379154392643411     
          27           8  0.63509855843747265     
          28           8  0.63345719738838024     
          29           8  0.65977052394469704     
          30           8  0.62978955455437335     
          31           8  0.62222936169775855     
          32           8  0.62596965533107241     
          33           8  0.63164904584971604     
          34           8  0.63384431358089222     
          35           8  0.63251249307791502     
          36           8  0.63935779576468332     
          37           8  0.63865025919918794     
          38           8  0.63252147550903426     
          39           8  0.66247663828429160     
          40           8  0.64404935270804253     
          41           8  0.63591577456564330     
          42           8  0.63839436230486357     
          43           8  0.64570471274489827     
          44           8  0.64154869718601215     
          45           8  0.63142562247006873     
          46           8  0.64028107993924444     
          47           8   0.0000000000000000     
          48           8   0.0000000000000000     
          49           8   0.0000000000000000     
           1           9   0.0000000000000000     
           2           9   0.0000000000000000     
           3           9  0.66826898744994545     
           4           9  0.64921634852173760     
           5           9  0.65700993622927428     
           6           9  0.66337558187746171     
           7           9  0.65701891102863719     
           8           9  0.65122758477484954     
           9           9  0.64582972382809867     
          10           9  0.63688712667680347     
          11           9  0.62850382485152223     
          12           9  0.62295442440000826     
          13           9  0.65232180839720000     
          14           9  0.62920538890280453     
          15           9  0.62851335108860185     
          16           9  0.66012439821474722     
          17           9  0.64535374572385895     
          18           9  0.65149869131765137     
          19           9  0.64421152586669339     
          20           9  0.63977621249020811     
          21           9  0.63710663435114467     
          22           9  0.63088428013940512     
          23           9  0.62409120794680850     
          24           9  0.65492864375888094     
          25           9  0.63580778291429352     
          26           9  0.63250938647969979     
          27           9  0.63344772639792080     
          28           9  0.63429934796919385     
          29           9  0.62797818374702508     
          30           9  0.62327973264528169     
          31           9  0.62328494850364613     
          32           9  0.62847899594803902     
          33           9  0.66159804203732397     
          34           9  0.63788039597987689     
          35           9  0.63708875926898434     
          36           9  0.63986811861142001     
          37           9  0.63469955206798168     
          38           9  0.62488876467263987     
          39           9  0.63389734794915564     
          40           9  0.64378687935908230     
          41           9  0.63709003354331706     
          42           9  0.63759669294228605     
          43           9  0.64616435531906513     
          44           9  0.66660520442920024     
          45           9  0.62934063610143054     
          46           9  0.63768668030748954     
          47           9   0.0000000000000000     
          48           9   0.0000000000000000     
          49           9   0.0000000000000000     
           1          10   0.0000000000000000     
           2          10   0.0000000000000000     
           3          10  0.69582267510524498     
           4          10  0.65136321106942452     
           5          10  0.68020717329938896     
           6          10  0.66242418550893845     
           7          10  0.65501444411455190     
           8          10  0.67154839906484143     
           9          10  0.64326066968134699     
          10          10  0.63289885896234477     
          11          10  0.64915076932013605     
          12          10  0.64724899090143750     
          13          10  0.67358532760438605     
          14          10  0.66048106618121938     
          15          10  0.66656203279239845     
          16          10  0.64832027165857598     
          17          10  0.70509610297809366     
          18          10  0.68480509926298117     
          19          10  0.67039567492617236     
          20          10  0.66501235871759257     
          21          10  0.66004799274125203     
          22          10  0.65307274547214000     
          23          10  0.67146120953445287     
          24          10  0.65344930544498214     
          25          10  0.65987247586132480     
          26          10  0.66146994963851247     
          27          10  0.63461320194799398     
          28          10  0.69112582104623965     
          29          10  0.66109493628982741     
          30          10  0.65509633545006063     
          31          10  0.65588550765264897     
          32          10  0.66322734120753157     
          33          10  0.69156987329499719     
          34          10  0.66821817337475931     
          35          10  0.66814052085827924     
          36          10  0.66792005243489294     
          37          10  0.66192263813456653     
          38          10  0.67850892740133706     
          39          10  0.66694002727700785     
          40          10  0.67883358030557617     
          41          10  0.67584303442448268     
          42          10  0.66928721249346979     
          43          10  0.70402872426424590     
          44          10  0.66441907493075480     
          45          10  0.62825134355217394     
          46          10  0.63000850060947844     
          47          10   0.0000000000000000     
          48          10   0.0000000000000000     
          49          10   0.0000000000000000     
           1          11   0.0000000000000000     
           2          11   0.0000000000000000     
           3          11  0.63919225740658636     
           4          11  0.66832679217322288     
           5          11  0.64707834588329094     
           6          11  0.67924218946005743     
           7          11  0.66924754099102723     
           8          11  0.69260481281779451     
           9          11  0.66264500856027186     
          10          11  0.65929420105767667     
          11          11  0.62339130834314560     
          12          11  0.62325180622975607     
          13          11  0.63278586517816671     
          14          11  0.64115988314577188     
          15          11  0.64519926946896089     
          16          11  0.65420317629441926     
          17          11  0.67858052638204436     
          18          11  0.65376236163481793     
          19          11  0.63990575800710414     
          20          11  0.63572858797665466     
          21          11  0.63541828340309670     
          22          11  0.63351429980073715     
          23          11  0.62827822288626001     
          24          11  0.63706182062182293     
          25          11  0.64483824771190634     
          26          11  0.64416784714181197     
          27          11  0.67045535211559970     
          28          11  0.64743605388315206     
          29          11  0.67108706020514486     
          30          11  0.64148484462891731     
          31          11  0.61598161043832067     
          32          11  0.62042019454642527     
          33          11  0.62612309508103614     
          34          11  0.62115406565540821     
          35          11  0.61772841988678961     
          36          11  0.63827540195465338     
          37          11  0.63282818436782273     
          38          11  0.65004273227203113     
          39          11  0.63241006954007761     
          40          11  0.63996957187708181     
          41          11  0.64240615221167108     
          42          11  0.64221851476532965     
          43          11  0.64784511043677950     
          44          11  0.63978992100992349     
          45          11  0.65725813271806344     
          46          11  0.65997218862597884     
          47          11   0.0000000000000000     
          48          11   0.0000000000000000     
          49          11   0.0000000000000000     
           1          12   0.0000000000000000     
           2          12   0.0000000000000000     
           3          12  0.66861568065725252     
           4          12  0.64739142243667680     
           5          12  0.64339369486867681     
           6          12  0.64730579154345014     
           7          12  0.63828002903436354     
           8          12  0.63481175596457384     
           9          12  0.63106851725239566     
          10          12  0.63053304075588690     
          11          12  0.62418601371160543     
          12          12  0.65131495612244661     
          13          12  0.63599945373946987     
          14          12  0.64689977373627650     
          15          12  0.64792364112436884     
          16          12  0.65586559056200833     
          17          12  0.65510814540814100     
          18          12  0.65436551559822564     
          19          12  0.63910111486858245     
          20          12  0.63844176821054743     
          21          12  0.63392454994406922     
          22          12  0.65355312873015359     
          23          12  0.62230471399323128     
          24          12  0.63222756501529365     
          25          12  0.63731677243416562     
          26          12  0.63703066242120676     
          27          12  0.64273022645387767     
          28          12  0.64614146877537459     
          29          12  0.65022512766290064     
          30          12  0.64574084848391533     
          31          12  0.62834546416213133     
          32          12  0.62807935657760661     
          33          12  0.65736910190948816     
          34          12  0.62151142489532818     
          35          12  0.61517264230902291     
          36          12  0.62872390560994229     
          37          12  0.62340271549816251     
          38          12  0.61993366426786956     
          39          12  0.63313968388074171     
          40          12  0.64251433524262858     
          41          12  0.64902904257297156     
          42          12  0.64911729435287113     
          43          12  0.66885056109000840     
          44          12  0.63313921797750061     
          45          12  0.62739823187380217     
          46          12  0.62699200775481823     
          47          12   0.0000000000000000     
          48          12   0.0000000000000000     
          49          12   0.0000000000000000     
           1          13   0.0000000000000000     
           2          13   0.0000000000000000     
           3          13  0.64817308767030557     
           4          13  0.64580324927240973     
           5          13  0.64547444462861792     
           6          13  0.64663614145521475     
           7          13  0.66655665874596282     
           8          13  0.63745190285464892     
           9          13  0.63843782873615640     
          10          13  0.64188636910663577     
          11          13  0.63414007742938761     
          12          13  0.63691392983458361     
          13          13  0.64260316613261759     
          14          13  0.67578328230818030     
          15          13  0.67330579223591669     
          16          13  0.68282863791593928     
          17          13  0.67943297404198710     
          18          13  0.64956827285483743     
          19          13  0.63651992339961738     
          20          13  0.63367772741735306     
          21          13  0.63061259682549486     
          22          13  0.62892250554456397     
          23          13  0.62532345172446713     
          24          13  0.63562883604877096     
          25          13  0.64051333310376457     
          26          13  0.63814319089167226     
          27          13  0.67373628216222980     
          28          13  0.64881605351310223     
          29          13  0.65009480453302471     
          30          13  0.64920698372635366     
          31          13  0.63437700607957326     
          32          13  0.62971441684883123     
          33          13  0.63085208840272344     
          34          13  0.62353238949303802     
          35          13  0.61493665732520664     
          36          13  0.62759933096637754     
          37          13  0.65170118280030986     
          38          13  0.62626922793235040     
          39          13  0.63457139359177483     
          40          13  0.63894535257386975     
          41          13  0.64165227521255763     
          42          13  0.63706343633074936     
          43          13  0.63268308447800603     
          44          13  0.62254816189603268     
          45          13  0.62264406328025490     
          46          13  0.62348492963716051     
          47          13   0.0000000000000000     
          48          13   0.0000000000000000     
          49          13   0.0000000000000000     
           1          14   0.0000000000000000     
           2          14   0.0000000000000000     
           3          14  0.67729213338651295     
           4          14  0.66909288629441110     
           5          14  0.66118354398121371     
           6          14  0.65847546073515495     
           7          14  0.68322497889234346     
           8          14  0.65137104608246987     
           9          14  0.65738542064986916     
          10          14  0.66211636743308622     
          11          14  0.68182141011138120     
          12          14  0.66495925201581219     
          13          14  0.67224947703381976     
          14          14  0.65360834757600794     
          15          14  0.65489422752159177     
          16          14  0.66044687241805333     
          17          14  0.70565814150011841     
          18          14  0.67471571151939957     
          19          14  0.66004425488929352     
          20          14  0.65460906754565584     
          21          14  0.68024811428824505     
          22          14  0.64767542316854898     
          23          14  0.64482662049067285     
          24          14  0.65297391538335914     
          25          14  0.66211867938659441     
          26          14  0.65994939275798981     
          27          14  0.69047192638850541     
          28          14  0.67239280258281953     
          29          14  0.67675435501024062     
          30          14  0.65670908606805534     
          31          14  0.64062391627634208     
          32          14  0.65869583983607016     
          33          14  0.63388776343274500     
          34          14  0.64900436083780044     
          35          14  0.63817850501237883     
          36          14  0.65370416979587365     
          37          14  0.67985818543085985     
          38          14  0.65535529425920880     
          39          14  0.65646263395292059     
          40          14  0.65928638643309367     
          41          14  0.66475210522801498     
          42          14  0.65879329052048430     
          43          14  0.67697073387156592     
          44          14  0.64400348810462960     
          45          14  0.64557637488539710     
          46          14  0.64384999551499311     
          47          14   0.0000000000000000     
          48          14   0.0000000000000000     
          49          14   0.0000000000000000     
           1          15   0.0000000000000000     
           2          15   0.0000000000000000     
           3          15  0.65252184147077996     
           4          15  0.65101157206472093     
           5          15  0.64429876852863321     
           6          15  0.63889143811630633     
           7          15  0.63954136852842358     
           8          15  0.63735497632857829     
           9          15  0.64156478698895569     
          10          15  0.64811842666258024     
          11          15  0.67037985096642105     
          12          15  0.64718538306893614     
          13          15  0.64743964181988456     
          14          15  0.64890712725508737     
          15          15  0.64680481060263917     
          16          15  0.65240312430252956     
          17          15  0.64568523206823158     
          18          15  0.64004463343273899     
          19          15  0.63004159389721037     
          20          15  0.62588315227701563     
          21          15  0.64573333865561489     
          22          15  0.62024085330017320     
          23          15  0.61635618246419377     
          24          15  0.62528364442719786     
          25          15  0.63180227583876636     
          26          15  0.63276809983757309     
          27          15  0.63831980811515554     
          28          15  0.64665376644166439     
          29          15  0.62306001704245939     
          30          15  0.65007371677133918     
          31          15  0.65791509126390724     
          32          15  0.62373901323368053     
          33          15  0.62102431241739742     
          34          15  0.61819828281608680     
          35          15  0.61664862952010335     
          36          15  0.63709831748555712     
          37          15  0.63590590067220754     
          38          15  0.63975616844898242     
          39          15  0.63455966400443509     
          40          15  0.62745457790118642     
          41          15  0.62963649864576687     
          42          15  0.65447121122276852     
          43          15  0.62131391744645159     
          44          15  0.61638320473338748     
          45          15  0.61748002043197359     
          46          15  0.61424733268736131     
          47          15   0.0000000000000000     
          48          15   0.0000000000000000     
          49          15   0.0000000000000000     
           1          16   0.0000000000000000     
           2          16   0.0000000000000000     
           3          16  0.64941349273186144     
           4          16  0.65140433336171322     
           5          16  0.65068785811116092     
           6          16  0.67286256721610449     
           7          16  0.64464689699705036     
           8          16  0.64472714264181763     
           9          16  0.64889617916885090     
          10          16  0.65116408286771710     
          11          16  0.65177557577262279     
          12          16  0.64931277996615699     
          13          16  0.64810408162997513     
          14          16  0.64758084236483104     
          15          16  0.64975408021444092     
          16          16  0.65442369495322472     
          17          16  0.67821110747727931     
          18          16  0.64366133038326845     
          19          16  0.63373655114279170     
          20          16  0.62956072355408588     
          21          16  0.62000722775883688     
          22          16  0.62407421301055854     
          23          16  0.62331338879050113     
          24          16  0.62777578510539267     
          25          16  0.63144790676179152     
          26          16  0.65899667023539321     
          27          16  0.63189216770663059     
          28          16  0.64138416289623867     
          29          16  0.61737308798653279     
          30          16  0.61455558935961385     
          31          16  0.62476023693850624     
          32          16  0.62150364176005934     
          33          16  0.61742173254235411     
          34          16  0.64515416279130300     
          35          16  0.64922864378844791     
          36          16  0.64292780152945961     
          37          16  0.66522857034059713     
          38          16  0.64052006379673376     
          39          16  0.63271243180255832     
          40          16  0.62645286615442275     
          41          16  0.62987108280672188     
          42          16  0.62592666213328263     
          43          16  0.62094560376722419     
          44          16  0.62286167067254183     
          45          16  0.62311645881649791     
          46          16  0.63868463136639719     
          47          16   0.0000000000000000     
          48          16   0.0000000000000000     
          49          16   0.0000000000000000     
           1          17   0.0000000000000000     
           2          17   0.0000000000000000     
           3          17  0.64921168559340225     
           4          17  0.65152627281343189     
           5          17  0.65300811489797195     
           6          17  0.65107685396092585     
           7          17  0.64999139786534843     
           8          17  0.65210398647836942     
           9          17  0.66075222204954065     
          10          17  0.66238816056422012     
          11          17  0.68347094043863832     
          12          17  0.65250738244612161     
          13          17  0.64549555469196784     
          14          17  0.63606699507490061     
          15          17  0.66666691159287306     
          16          17  0.69056216998771425     
          17          17  0.64279202941220159     
          18          17  0.66428913582895310     
          19          17  0.66127505781089602     
          20          17  0.62563992472238872     
          21          17  0.67060989626352352     
          22          17  0.62835325748636206     
          23          17  0.63115298396594444     
          24          17  0.65755711909960002     
          25          17  0.63640477889013791     
          26          17  0.63591980640783929     
          27          17  0.63131190593652731     
          28          17  0.63611936879294972     
          29          17  0.61488016743677754     
          30          17  0.63660676465739252     
          31          17  0.61803669835386876     
          32          17  0.64336089521293993     
          33          17  0.61243197344959266     
          34          17  0.63943984687370103     
          35          17  0.64452055114152751     
          36          17  0.63963401554033128     
          37          17  0.63192210761565371     
          38          17  0.63431449394262085     
          39          17  0.62696024797667294     
          40          17  0.62114474876078096     
          41          17  0.62547491107200681     
          42          17  0.64983639336863785     
          43          17  0.62400127313597031     
          44          17  0.63196320131702532     
          45          17  0.65613032782490865     
          46          17  0.61968135868015040     
          47          17   0.0000000000000000     
          48          17   0.0000000000000000     
          49          17   0.0000000000000000     
           1          18   0.0000000000000000     
           2          18   0.0000000000000000     
           3          18  0.67271481966899793     
           4          18  0.67765777254332793     
           5          18  0.70368540836226490     
           6          18  0.67481993465325851     
           7          18  0.67195832339184547     
           8          18  0.67872982578608498     
           9          18  0.68287691680789864     
          10          18  0.68137868904767973     
          11          18  0.70652651758389440     
          12          18  0.68102749627820847     
          13          18  0.66933581342097659     
          14          18  0.66337714567491324     
          15          18  0.63706536831516625     
          16          18  0.64049279924053437     
          17          18  0.66135988809289281     
          18          18  0.63473636173690218     
          19          18  0.63472283021176068     
          20          18  0.67590810609933083     
          21          18  0.61701742095364676     
          22          18  0.64985150859942498     
          23          18  0.65376815970311897     
          24          18  0.62416589609063000     
          25          18  0.65909892480764209     
          26          18  0.68856513765837402     
          27          18  0.65798545083206861     
          28          18  0.66357094587043930     
          29          18  0.63864228264357237     
          30          18  0.63872740335187839     
          31          18  0.64500629307791180     
          32          18  0.62257464001070162     
          33          18  0.61753905377224894     
          34          18  0.64098154415520991     
          35          18  0.66846040511840998     
          36          18  0.66726564322558013     
          37          18  0.68770440732072058     
          38          18  0.65587744209332510     
          39          18  0.64987477982122288     
          40          18  0.66715579223196697     
          41          18  0.64364137003623700     
          42          18  0.64650563703913022     
          43          18  0.64537511300776185     
          44          18  0.65629725859269616     
          45          18  0.62986464702012535     
          46          18  0.67643604202608543     
          47          18   0.0000000000000000     
          48          18   0.0000000000000000     
          49          18   0.0000000000000000     
           1          19   0.0000000000000000     
           2          19   0.0000000000000000     
           3          19  0.64401649291261531     
           4          19  0.65393185942923704     
           5          19  0.68018765361820865     
           6          19  0.65874558173798692     
           7          19  0.64709448731940333     
           8          19  0.65394756295308221     
           9          19  0.65610704978556911     
          10          19  0.65544713299213275     
          11          19  0.65282281959301658     
          12          19  0.65695388244723030     
          13          19  0.64901185575706133     
          14          19  0.64105675735529255     
          15          19  0.66850461748375012     
          16          19  0.64678838809142924     
          17          19  0.63538294891615432     
          18          19  0.63278332691257988     
          19          19  0.63373816115790538     
          20          19  0.62993118504085521     
          21          19  0.62130623311607458     
          22          19  0.63141169642680206     
          23          19  0.63421322103981326     
          24          19  0.63354452355375490     
          25          19  0.65718131930518253     
          26          19  0.64135258936830486     
          27          19  0.64115876686493489     
          28          19  0.64102884926452974     
          29          19  0.61202345407958492     
          30          19  0.61404114931155873     
          31          19  0.63837131138155123     
          32          19  0.64196460553862300     
          33          19  0.63826610847256549     
          34          19  0.66620702501621287     
          35          19  0.64368266600726110     
          36          19  0.66970526273351361     
          37          19  0.63421590652488524     
          38          19  0.63149919561451728     
          39          19  0.63208853350905059     
          40          19  0.62877021480218764     
          41          19  0.62534581656601396     
          42          19  0.62546841442626788     
          43          19  0.63484252603712676     
          44          19  0.63765645618898947     
          45          19  0.66348213639282860     
          46          19  0.63758332332066381     
          47          19   0.0000000000000000     
          48          19   0.0000000000000000     
          49          19   0.0000000000000000     
           1          20   0.0000000000000000     
           2          20   0.0000000000000000     
           3          20  0.54072843045900332     
           4          20  0.57408214912859867     
           5          20  0.60182762312793858     
           6          20  0.63307103522649644     
           7          20  0.65036464910342218     
           8          20  0.65479513809141621     
           9          20  0.67875592490734515     
          10          20  0.65173625197064311     
          11          20  0.64611349590846978     
          12          20  0.62539301502860800     
          13          20  0.61841763761689428     
          14          20  0.61438531412783470     
          15          20  0.62149071760285379     
          16          20  0.62259252043249480     
          17          20  0.63673041418609733     
          18          20  0.63237830614255008     
          19          20  0.63296282839335904     
          20          20  0.65528975868641992     
          21          20  0.62337717614768051     
          22          20  0.63250417288808025     
          23          20  0.64159932097312800     
          24          20  0.63671681401508662     
          25          20  0.63451900945064499     
          26          20  0.63957943673604667     
          27          20  0.64159275785357439     
          28          20  0.63247609823401141     
          29          20  0.63163122427929719     
          30          20  0.66503252245690614     
          31          20  0.63718231391336699     
          32          20  0.63587790136723377     
          33          20  0.63631728411114796     
          34          20  0.63416268027018852     
          35          20  0.63400683312430084     
          36          20  0.63543828217509313     
          37          20  0.62738765288400622     
          38          20  0.63024095517682277     
          39          20  0.61005984278786907     
          40          20  0.63324523105144848     
          41          20  0.57718240713849378     
          42          20  0.57735806675904155     
          43          20  0.55853788873374344     
          44          20  0.58794277313407561     
          45          20  0.59066390501755428     
          46          20  0.59424616396119001     
          47          20   0.0000000000000000     
          48          20   0.0000000000000000     
          49          20   0.0000000000000000     
           1          21   0.0000000000000000     
           2          21   0.0000000000000000     
           3          21  0.41454325339207720     
           4          21  0.47058431416106222     
           5          21  0.49686333244737912     
           6          21  0.55122773664890823     
           7          21  0.57126554617965686     
           8          21  0.57446535438199309     
           9          21  0.57237570937356141     
          10          21  0.54484951826666106     
          11          21  0.51456583938130473     
          12          21  0.49539747489729941     
          13          21  0.48847886217623027     
          14          21  0.51320681488757480     
          15          21  0.49054413116712675     
          16          21  0.48911668904390021     
          17          21  0.52719436424362631     
          18          21  0.52629004181772077     
          19          21  0.58089949030847143     
          20          21  0.60674434272482214     
          21          21  0.62723658284139350     
          22          21  0.65219807474461000     
          23          21  0.66361263749788613     
          24          21  0.66312399970166136     
          25          21  0.60754221443043854     
          26          21  0.56229425657874565     
          27          21  0.54196750496639789     
          28          21  0.50559982946871984     
          29          21  0.50436082242188951     
          30          21  0.51409737002566758     
          31          21  0.50883526826110281     
          32          21  0.53096306285715711     
          33          21  0.53071988533743597     
          34          21  0.55084739608693767     
          35          21  0.57116932532160425     
          36          21  0.55166622934880560     
          37          21  0.52409124632094906     
          38          21  0.52747116341362654     
          39          21  0.48665535478709937     
          40          21  0.48468943167936246     
          41          21  0.45173852652264573     
          42          21  0.45173795878480039     
          43          21  0.45720118058518289     
          44          21  0.47882990106699302     
          45          21  0.45994391167320214     
          46          21  0.46745825716030470     
          47          21   0.0000000000000000     
          48          21   0.0000000000000000     
          49          21   0.0000000000000000     
           1          22   0.0000000000000000     
           2          22   0.0000000000000000     
           3          22   0.0000000000000000     
           4          22   0.0000000000000000     
           5          22   0.0000000000000000     
           6          22   0.0000000000000000     
           7          22   0.0000000000000000     
           8          22   0.0000000000000000     
           9          22   0.0000000000000000     
          10          22   0.0000000000000000     
          11          22   0.0000000000000000     
          12          22   0.0000000000000000     
          13          22   0.0000000000000000     
          14          22   0.0000000000000000     
          15          22   0.0000000000000000     
          16          22   0.0000000000000000     
          17          22   0.0000000000000000     
          18          22   0.0000000000000000     
          19          22   0.0000000000000000     
          20          22   0.0000000000000000     
          21          22   0.0000000000000000     
          22          22   0.0000000000000000     
          23          22   0.0000000000000000     
          24          22   0.0000000000000000     
          25          22   0.0000000000000000     
          26          22   0.0000000000000000     
          27          22   0.0000000000000000     
          28          22   0.0000000000000000     
          29          22   0.0000000000000000     
          30          22   0.0000000000000000     
          31          22   0.0000000000000000     
          32          22   0.0000000000000000     
          33          22   0.0000000000000000     
          34          22   0.0000000000000000     
          35          22   0.0000000000000000     
          36          22   0.0000000000000000     
          37          22   0.0000000000000000     
          38          22   0.0000000000000000     
          39          22   0.0000000000000000     
          40          22   0.0000000000000000     
          41          22   0.0000000000000000     
          42          22   0.0000000000000000     
          43          22   0.0000000000000000     
          44          22   0.0000000000000000     
          45          22   0.0000000000000000     
          46          22   0.0000000000000000     
          47          22   0.0000000000000000     
          48          22   0.0000000000000000     
          49          22   0.0000000000000000     
           1          23   0.0000000000000000     
           2          23   0.0000000000000000     
           3          23   0.0000000000000000     
           4          23   0.0000000000000000     
           5          23   0.0000000000000000     
           6          23   0.0000000000000000     
           7          23   0.0000000000000000     
           8          23   0.0000000000000000     
           9          23   0.0000000000000000     
          10          23   0.0000000000000000     
          11          23   0.0000000000000000     
          12          23   0.0000000000000000     
          13          23   0.0000000000000000     
          14          23   0.0000000000000000     
          15          23   0.0000000000000000     
          16          23   0.0000000000000000     
          17          23   0.0000000000000000     
          18          23   0.0000000000000000     
          19          23   0.0000000000000000     
          20          23   0.0000000000000000     
          21          23   0.0000000000000000     
          22          23   0.0000000000000000     
          23          23   0.0000000000000000     
          24          23   0.0000000000000000     
          25          23   0.0000000000000000     
          26          23   0.0000000000000000     
          27          23   0.0000000000000000     
          28          23   0.0000000000000000     
          29          23   0.0000000000000000     
          30          23   0.0000000000000000     
          31          23   0.0000000000000000     
          32          23   0.0000000000000000     
          33          23   0.0000000000000000     
          34          23   0.0000000000000000     
          35          23   0.0000000000000000     
          36          23   0.0000000000000000     
          37          23   0.0000000000000000     
          38          23   0.0000000000000000     
          39          23   0.0000000000000000     
          40          23   0.0000000000000000     
          41          23   0.0000000000000000     
          42          23   0.0000000000000000     
          43          23   0.0000000000000000     
          44          23   0.0000000000000000     
          45          23   0.0000000000000000     
          46          23   0.0000000000000000     
          47          23   0.0000000000000000     
          48          23   0.0000000000000000     
          49          23   0.0000000000000000     
           1          24   0.0000000000000000     
           2          24   0.0000000000000000     
           3          24   0.0000000000000000     
           4          24   0.0000000000000000     
           5          24   0.0000000000000000     
           6          24   0.0000000000000000     
           7          24   0.0000000000000000     
           8          24   0.0000000000000000     
           9          24   0.0000000000000000     
          10          24   0.0000000000000000     
          11          24   0.0000000000000000     
          12          24   0.0000000000000000     
          13          24   0.0000000000000000     
          14          24   0.0000000000000000     
          15          24   0.0000000000000000     
          16          24   0.0000000000000000     
          17          24   0.0000000000000000     
          18          24   0.0000000000000000     
          19          24   0.0000000000000000     
          20          24   0.0000000000000000     
          21          24   0.0000000000000000     
          22          24   0.0000000000000000     
          23          24   0.0000000000000000     
          24          24   0.0000000000000000     
          25          24   0.0000000000000000     
          26          24   0.0000000000000000     
          27          24   0.0000000000000000     
          28          24   0.0000000000000000     
          29          24   0.0000000000000000     
          30          24   0.0000000000000000     
          31          24   0.0000000000000000     
          32          24   0.0000000000000000     
          33          24   0.0000000000000000     
          34          24   0.0000000000000000     
          35          24   0.0000000000000000     
          36          24   0.0000000000000000     
          37          24   0.0000000000000000     
          38          24   0.0000000000000000     
          39          24   0.0000000000000000     
          40          24   0.0000000000000000     
          41          24   0.0000000000000000     
          42          24   0.0000000000000000     
          43          24   0.0000000000000000     
          44          24   0.0000000000000000     
          45          24   0.0000000000000000     
          46          24   0.0000000000000000     
          47          24   0.0000000000000000     
          48          24   0.0000000000000000     
          49          24   0.0000000000000000     
           1          25   0.0000000000000000     
           2          25   0.0000000000000000     
           3          25   0.0000000000000000     
           4          25   0.0000000000000000     
           5          25   0.0000000000000000     
           6          25   0.0000000000000000     
           7          25   0.0000000000000000     
           8          25   0.0000000000000000     
           9          25   0.0000000000000000     
          10          25   0.0000000000000000     
          11          25   0.0000000000000000     
          12          25   0.0000000000000000     
          13          25   0.0000000000000000     
          14          25   0.0000000000000000     
          15          25   0.0000000000000000     
          16          25   0.0000000000000000     
          17          25   0.0000000000000000     
          18          25   0.0000000000000000     
          19          25   0.0000000000000000     
          20          25   0.0000000000000000     
          21          25   0.0000000000000000     
          22          25   0.0000000000000000     
          23          25   0.0000000000000000     
          24          25   0.0000000000000000     
          25          25   0.0000000000000000     
          26          25   0.0000000000000000     
          27          25   0.0000000000000000     
          28          25   0.0000000000000000     
          29          25   0.0000000000000000     
          30          25   0.0000000000000000     
          31          25   0.0000000000000000     
          32          25   0.0000000000000000     
          33          25   0.0000000000000000     
          34          25   0.0000000000000000     
          35          25   0.0000000000000000     
          36          25   0.0000000000000000     
          37          25   0.0000000000000000     
          38          25   0.0000000000000000     
          39          25   0.0000000000000000     
          40          25   0.0000000000000000     
          41          25   0.0000000000000000     
          42          25   0.0000000000000000     
          43          25   0.0000000000000000     
          44          25   0.0000000000000000     
          45          25   0.0000000000000000     
          46          25   0.0000000000000000     
          47          25   0.0000000000000000     
          48          25   0.0000000000000000     
          49          25   0.0000000000000000     
           1          26   0.0000000000000000     
           2          26   0.0000000000000000     
           3          26   0.0000000000000000     
           4          26   0.0000000000000000     
           5          26   0.0000000000000000     
           6          26   0.0000000000000000     
           7          26   0.0000000000000000     
           8          26   0.0000000000000000     
           9          26   0.0000000000000000     
          10          26   0.0000000000000000     
          11          26   0.0000000000000000     
          12          26   0.0000000000000000     
          13          26   0.0000000000000000     
          14          26   0.0000000000000000     
          15          26   0.0000000000000000     
          16          26   0.0000000000000000     
          17          26   0.0000000000000000     
          18          26   0.0000000000000000     
          19          26   0.0000000000000000     
          20          26   0.0000000000000000     
          21          26   0.0000000000000000     
          22          26   0.0000000000000000     
          23          26   0.0000000000000000     
          24          26   0.0000000000000000     
          25          26   0.0000000000000000     
          26          26   0.0000000000000000     
          27          26   0.0000000000000000     
          28          26   0.0000000000000000     
          29          26   0.0000000000000000     
          30          26   0.0000000000000000     
          31          26   0.0000000000000000     
          32          26   0.0000000000000000     
          33          26   0.0000000000000000     
          34          26   0.0000000000000000     
          35          26   0.0000000000000000     
          36          26   0.0000000000000000     
          37          26   0.0000000000000000     
          38          26   0.0000000000000000     
          39          26   0.0000000000000000     
          40          26   0.0000000000000000     
          41          26   0.0000000000000000     
          42          26   0.0000000000000000     
          43          26   0.0000000000000000     
          44          26   0.0000000000000000     
          45          26   0.0000000000000000     
          46          26   0.0000000000000000     
          47          26   0.0000000000000000     
          48          26   0.0000000000000000     
          49          26   0.0000000000000000     
           1          27   0.0000000000000000     
           2          27   0.0000000000000000     
           3          27   0.0000000000000000     
           4          27   0.0000000000000000     
           5          27   0.0000000000000000     
           6          27   0.0000000000000000     
           7          27   0.0000000000000000     
           8          27   0.0000000000000000     
           9          27   0.0000000000000000     
          10          27   0.0000000000000000     
          11          27   0.0000000000000000     
          12          27   0.0000000000000000     
          13          27   0.0000000000000000     
          14          27   0.0000000000000000     
          15          27   0.0000000000000000     
          16          27   0.0000000000000000     
          17          27   0.0000000000000000     
          18          27   0.0000000000000000     
          19          27   0.0000000000000000     
          20          27   0.0000000000000000     
          21          27   0.0000000000000000     
          22          27   0.0000000000000000     
          23          27   0.0000000000000000     
          24          27   0.0000000000000000     
          25          27   0.0000000000000000     
          26          27   0.0000000000000000     
          27          27   0.0000000000000000     
          28          27   0.0000000000000000     
          29          27   0.0000000000000000     
          30          27   0.0000000000000000     
          31          27   0.0000000000000000     
          32          27   0.0000000000000000     
          33          27   0.0000000000000000     
          34          27   0.0000000000000000     
          35          27   0.0000000000000000     
          36          27   0.0000000000000000     
          37          27   0.0000000000000000     
          38          27   0.0000000000000000     
          39          27   0.0000000000000000     
          40          27   0.0000000000000000     
          41          27   0.0000000000000000     
          42          27   0.0000000000000000     
          43          27   0.0000000000000000     
          44          27   0.0000000000000000     
          45          27   0.0000000000000000     
          46          27   0.0000000000000000     
          47          27   0.0000000000000000     
          48          27   0.0000000000000000     
          49          27   0.0000000000000000     
           1          28   0.0000000000000000     
           2          28   0.0000000000000000     
           3          28   0.0000000000000000     
           4          28   0.0000000000000000     
           5          28   0.0000000000000000     
           6          28   0.0000000000000000     
           7          28   0.0000000000000000     
           8          28   0.0000000000000000     
           9          28   0.0000000000000000     
          10          28   0.0000000000000000     
          11          28   0.0000000000000000     
          12          28   0.0000000000000000     
          13          28   0.0000000000000000     
          14          28   0.0000000000000000     
          15          28   0.0000000000000000     
          16          28   0.0000000000000000     
          17          28   0.0000000000000000     
          18          28   0.0000000000000000     
          19          28   0.0000000000000000     
          20          28   0.0000000000000000     
          21          28   0.0000000000000000     
          22          28   0.0000000000000000     
          23          28   0.0000000000000000     
          24          28   0.0000000000000000     
          25          28   0.0000000000000000     
          26          28   0.0000000000000000     
          27          28   0.0000000000000000     
          28          28   0.0000000000000000     
          29          28   0.0000000000000000     
          30          28   0.0000000000000000     
          31          28   0.0000000000000000     
          32          28   0.0000000000000000     
          33          28   0.0000000000000000     
          34          28   0.0000000000000000     
          35          28   0.0000000000000000     
          36          28   0.0000000000000000     
          37          28   0.0000000000000000     
          38          28   0.0000000000000000     
          39          28   0.0000000000000000     
          40          28   0.0000000000000000     
          41          28   0.0000000000000000     
          42          28   0.0000000000000000     
          43          28   0.0000000000000000     
          44          28   0.0000000000000000     
          45          28   0.0000000000000000     
          46          28   0.0000000000000000     
          47          28   0.0000000000000000     
          48          28   0.0000000000000000     
          49          28   0.0000000000000000     
           1          29   0.0000000000000000     
           2          29   0.0000000000000000     
           3          29   0.0000000000000000     
           4          29   0.0000000000000000     
           5          29   0.0000000000000000     
           6          29   0.0000000000000000     
           7          29   0.0000000000000000     
           8          29   0.0000000000000000     
           9          29   0.0000000000000000     
          10          29   0.0000000000000000     
          11          29   0.0000000000000000     
          12          29   0.0000000000000000     
          13          29   0.0000000000000000     
          14          29   0.0000000000000000     
          15          29   0.0000000000000000     
          16          29   0.0000000000000000     
          17          29   0.0000000000000000     
          18          29   0.0000000000000000     
          19          29   0.0000000000000000     
          20          29   0.0000000000000000     
          21          29   0.0000000000000000     
          22          29   0.0000000000000000     
          23          29   0.0000000000000000     
          24          29   0.0000000000000000     
          25          29   0.0000000000000000     
          26          29   0.0000000000000000     
          27          29   0.0000000000000000     
          28          29   0.0000000000000000     
          29          29   0.0000000000000000     
          30          29   0.0000000000000000     
          31          29   0.0000000000000000     
          32          29   0.0000000000000000     
          33          29   0.0000000000000000     
          34          29   0.0000000000000000     
          35          29   0.0000000000000000     
          36          29   0.0000000000000000     
          37          29   0.0000000000000000     
          38          29   0.0000000000000000     
          39          29   0.0000000000000000     
          40          29   0.0000000000000000     
          41          29   0.0000000000000000     
          42          29   0.0000000000000000     
          43          29   0.0000000000000000     
          44          29   0.0000000000000000     
          45          29   0.0000000000000000     
          46          29   0.0000000000000000     
          47          29   0.0000000000000000     
          48          29   0.0000000000000000     
          49          29   0.0000000000000000     
           1          30   0.0000000000000000     
           2          30   0.0000000000000000     
           3          30   0.0000000000000000     
           4          30   0.0000000000000000     
           5          30   0.0000000000000000     
           6          30   0.0000000000000000     
           7          30   0.0000000000000000     
           8          30   0.0000000000000000     
           9          30   0.0000000000000000     
          10          30   0.0000000000000000     
          11          30   0.0000000000000000     
          12          30   0.0000000000000000     
          13          30   0.0000000000000000     
          14          30   0.0000000000000000     
          15          30   0.0000000000000000     
          16          30   0.0000000000000000     
          17          30   0.0000000000000000     
          18          30   0.0000000000000000     
          19          30   0.0000000000000000     
          20          30   0.0000000000000000     
          21          30   0.0000000000000000     
          22          30   0.0000000000000000     
          23          30   0.0000000000000000     
          24          30   0.0000000000000000     
          25          30   0.0000000000000000     
          26          30   0.0000000000000000     
          27          30   0.0000000000000000     
          28          30   0.0000000000000000     
          29          30   0.0000000000000000     
          30          30   0.0000000000000000     
          31          30   0.0000000000000000     
          32          30   0.0000000000000000     
          33          30   0.0000000000000000     
          34          30   0.0000000000000000     
          35          30   0.0000000000000000     
          36          30   0.0000000000000000     
          37          30   0.0000000000000000     
          38          30   0.0000000000000000     
          39          30   0.0000000000000000     
          40          30   0.0000000000000000     
          41          30   0.0000000000000000     
          42          30   0.0000000000000000     
          43          30   0.0000000000000000     
          44          30   0.0000000000000000     
          45          30   0.0000000000000000     
          46          30   0.0000000000000000     
          47          30   0.0000000000000000     
          48          30   0.0000000000000000     
          49          30   0.0000000000000000     
           1          31   0.0000000000000000     
           2          31   0.0000000000000000     
           3          31   0.0000000000000000     
           4          31   0.0000000000000000     
           5          31   0.0000000000000000     
           6          31   0.0000000000000000     
           7          31   0.0000000000000000     
           8          31   0.0000000000000000     
           9          31   0.0000000000000000     
          10          31   0.0000000000000000     
          11          31   0.0000000000000000     
          12          31   0.0000000000000000     
          13          31   0.0000000000000000     
          14          31   0.0000000000000000     
          15          31   0.0000000000000000     
          16          31   0.0000000000000000     
          17          31   0.0000000000000000     
          18          31   0.0000000000000000     
          19          31   0.0000000000000000     
          20          31   0.0000000000000000     
          21          31   0.0000000000000000     
          22          31   0.0000000000000000     
          23          31   0.0000000000000000     
          24          31   0.0000000000000000     
          25          31   0.0000000000000000     
          26          31   0.0000000000000000     
          27          31   0.0000000000000000     
          28          31   0.0000000000000000     
          29          31   0.0000000000000000     
          30          31   0.0000000000000000     
          31          31   0.0000000000000000     
          32          31   0.0000000000000000     
          33          31   0.0000000000000000     
          34          31   0.0000000000000000     
          35          31   0.0000000000000000     
          36          31   0.0000000000000000     
          37          31   0.0000000000000000     
          38          31   0.0000000000000000     
          39          31   0.0000000000000000     
          40          31   0.0000000000000000     
          41          31   0.0000000000000000     
          42          31   0.0000000000000000     
          43          31   0.0000000000000000     
          44          31   0.0000000000000000     
          45          31   0.0000000000000000     
          46          31   0.0000000000000000     
          47          31   0.0000000000000000     
          48          31   0.0000000000000000     
          49          31   0.0000000000000000     
