           1           1   0.0000000000000000     
           2           1   0.0000000000000000     
           3           1   0.0000000000000000     
           4           1   0.0000000000000000     
           5           1   0.0000000000000000     
           6           1   0.0000000000000000     
           7           1   0.0000000000000000     
           8           1   0.0000000000000000     
           9           1   0.0000000000000000     
          10           1   0.0000000000000000     
          11           1   0.0000000000000000     
          12           1   0.0000000000000000     
          13           1   0.0000000000000000     
          14           1   0.0000000000000000     
          15           1   0.0000000000000000     
          16           1   0.0000000000000000     
          17           1   0.0000000000000000     
          18           1   0.0000000000000000     
          19           1   0.0000000000000000     
          20           1   0.0000000000000000     
          21           1   0.0000000000000000     
          22           1   0.0000000000000000     
          23           1   0.0000000000000000     
          24           1   0.0000000000000000     
          25           1   0.0000000000000000     
          26           1   0.0000000000000000     
          27           1   0.0000000000000000     
          28           1   0.0000000000000000     
          29           1   0.0000000000000000     
          30           1   0.0000000000000000     
          31           1   0.0000000000000000     
          32           1   0.0000000000000000     
          33           1   0.0000000000000000     
          34           1   0.0000000000000000     
          35           1   0.0000000000000000     
          36           1   0.0000000000000000     
          37           1   0.0000000000000000     
          38           1   0.0000000000000000     
          39           1   0.0000000000000000     
          40           1   0.0000000000000000     
          41           1   0.0000000000000000     
          42           1   0.0000000000000000     
          43           1   0.0000000000000000     
          44           1   0.0000000000000000     
          45           1   0.0000000000000000     
          46           1   0.0000000000000000     
          47           1   0.0000000000000000     
          48           1   0.0000000000000000     
          49           1   0.0000000000000000     
           1           2   0.0000000000000000     
           2           2   0.0000000000000000     
           3           2   0.0000000000000000     
           4           2   0.0000000000000000     
           5           2   0.0000000000000000     
           6           2   0.0000000000000000     
           7           2   0.0000000000000000     
           8           2   0.0000000000000000     
           9           2   0.0000000000000000     
          10           2   0.0000000000000000     
          11           2   0.0000000000000000     
          12           2   0.0000000000000000     
          13           2   0.0000000000000000     
          14           2   0.0000000000000000     
          15           2   0.0000000000000000     
          16           2   0.0000000000000000     
          17           2   0.0000000000000000     
          18           2   0.0000000000000000     
          19           2   0.0000000000000000     
          20           2   0.0000000000000000     
          21           2   0.0000000000000000     
          22           2   0.0000000000000000     
          23           2   0.0000000000000000     
          24           2   0.0000000000000000     
          25           2   0.0000000000000000     
          26           2   0.0000000000000000     
          27           2   0.0000000000000000     
          28           2   0.0000000000000000     
          29           2   0.0000000000000000     
          30           2   0.0000000000000000     
          31           2   0.0000000000000000     
          32           2   0.0000000000000000     
          33           2   0.0000000000000000     
          34           2   0.0000000000000000     
          35           2   0.0000000000000000     
          36           2   0.0000000000000000     
          37           2   0.0000000000000000     
          38           2   0.0000000000000000     
          39           2   0.0000000000000000     
          40           2   0.0000000000000000     
          41           2   0.0000000000000000     
          42           2   0.0000000000000000     
          43           2   0.0000000000000000     
          44           2   0.0000000000000000     
          45           2   0.0000000000000000     
          46           2   0.0000000000000000     
          47           2   0.0000000000000000     
          48           2   0.0000000000000000     
          49           2   0.0000000000000000     
           1           3   0.0000000000000000     
           2           3   0.0000000000000000     
           3           3  0.61884126224360525     
           4           3  0.59817790513137026     
           5           3  0.62773406836931533     
           6           3  0.67561974752912834     
           7           3  0.64735203991568335     
           8           3  0.64021364293863359     
           9           3  0.63395647406505196     
          10           3  0.63775318486591082     
          11           3  0.61129461217415049     
          12           3  0.61213072108801159     
          13           3  0.64026946784712102     
          14           3  0.64345163289219898     
          15           3  0.60643829193184362     
          16           3  0.63249221049800863     
          17           3  0.66318421194857879     
          18           3  0.66549437072062723     
          19           3  0.63681880975411520     
          20           3  0.67034181059252873     
          21           3  0.66241666963184986     
          22           3  0.63643984925576969     
          23           3  0.65939225444210370     
          24           3  0.64046633243403550     
          25           3  0.63169393884230496     
          26           3  0.68377473357248419     
          27           3  0.65328021518064017     
          28           3  0.66360172944343776     
          29           3  0.66402192163782947     
          30           3  0.67241225847796005     
          31           3  0.66171608060760501     
          32           3  0.64712253875203074     
          33           3  0.66016413619152292     
          34           3  0.63529935161817963     
          35           3  0.63633497685384677     
          36           3  0.66822200944595167     
          37           3  0.64545990890403571     
          38           3  0.64807171370696559     
          39           3  0.63849588870514418     
          40           3  0.63136216331648565     
          41           3  0.63336196652375043     
          42           3  0.64990314316253883     
          43           3  0.64888539953523261     
          44           3  0.68306289301066536     
          45           3  0.61142595740302630     
          46           3  0.61057805376007546     
          47           3   0.0000000000000000     
          48           3   0.0000000000000000     
          49           3   0.0000000000000000     
           1           4   0.0000000000000000     
           2           4   0.0000000000000000     
           3           4  0.59638818434280561     
           4           4  0.62263247488447748     
           5           4  0.60048770551223529     
           6           4  0.64883134105540941     
           7           4  0.62349503997178468     
           8           4  0.63928283033103261     
           9           4  0.63107581981836181     
          10           4  0.66525993991268140     
          11           4  0.61388624594030161     
          12           4  0.64285239015809492     
          13           4  0.61536329427208636     
          14           4  0.61714778582030150     
          15           4  0.61229116528809113     
          16           4  0.65783997023645768     
          17           4  0.63604103669674472     
          18           4  0.63677726700942827     
          19           4  0.64005201777590504     
          20           4  0.64425524879604812     
          21           4  0.63992113314949228     
          22           4  0.66283307508193445     
          23           4  0.63914643631490242     
          24           4  0.64103503957310071     
          25           4  0.63254240749515989     
          26           4  0.63662499293255481     
          27           4  0.63273676840504012     
          28           4  0.63966279479856691     
          29           4  0.63838180053215599     
          30           4  0.67159022074901120     
          31           4  0.63996077717693545     
          32           4  0.67908249785097596     
          33           4  0.66472197895444618     
          34           4  0.66038208661647468     
          35           4  0.63302958435821077     
          36           4  0.63845712475583616     
          37           4  0.66351766270585633     
          38           4  0.66986440046291928     
          39           4  0.66583230331750565     
          40           4  0.64001309633518222     
          41           4  0.64392772771326401     
          42           4  0.63093159339477722     
          43           4  0.65483332638772040     
          44           4  0.63659817691338971     
          45           4  0.60967699072393522     
          46           4  0.60551523227411075     
          47           4   0.0000000000000000     
          48           4   0.0000000000000000     
          49           4   0.0000000000000000     
           1           5   0.0000000000000000     
           2           5   0.0000000000000000     
           3           5  0.61674280866620468     
           4           5  0.61975427026132390     
           5           5  0.61823953510677820     
           6           5  0.61563522355761635     
           7           5  0.61471685481799809     
           8           5  0.65510676181782312     
           9           5  0.65515996382777653     
          10           5  0.63171096077800470     
          11           5  0.66073991816566435     
          12           5  0.63465722358590215     
          13           5  0.63956867487320923     
          14           5  0.66468990538789952     
          15           5  0.66970721185805859     
          16           5  0.63890777260306064     
          17           5  0.64036292562753172     
          18           5  0.63606082021318555     
          19           5  0.64190595290426100     
          20           5  0.64277750692697444     
          21           5  0.63748896687131529     
          22           5  0.63815119297407108     
          23           5  0.64408916683775486     
          24           5  0.64526945106326994     
          25           5  0.63723238350862499     
          26           5  0.66791626643904478     
          27           5  0.63621845327155080     
          28           5  0.64134256823616831     
          29           5  0.64069151696397242     
          30           5  0.64352236626210180     
          31           5  0.63899728050530047     
          32           5  0.64805151044756659     
          33           5  0.63817778685044402     
          34           5  0.65535437857870049     
          35           5  0.65491408200262369     
          36           5  0.63101898099694509     
          37           5  0.63485839515313325     
          38           5  0.63547104177647817     
          39           5  0.63686360706752920     
          40           5  0.66448514994158858     
          41           5  0.64419332369609328     
          42           5  0.63114323833797148     
          43           5  0.63205495988834937     
          44           5  0.63787866178103458     
          45           5  0.60996632599424361     
          46           5  0.63039105619694413     
          47           5   0.0000000000000000     
          48           5   0.0000000000000000     
          49           5   0.0000000000000000     
           1           6   0.0000000000000000     
           2           6   0.0000000000000000     
           3           6  0.61630116690829717     
           4           6  0.56605310272601961     
           5           6  0.56127401422190493     
           6           6  0.53148531227115570     
           7           6  0.52918063636293355     
           8           6  0.57821586626491339     
           9           6  0.57703357209834516     
          10           6  0.57964748279649791     
          11           6  0.55640423242471237     
          12           6  0.58432427425261901     
          13           6  0.58539590019906751     
          14           6  0.58300326412590031     
          15           6  0.60928297129763720     
          16           6  0.63375818288941954     
          17           6  0.66180779764616537     
          18           6  0.62917335887432568     
          19           6  0.60864506291147169     
          20           6  0.60822690609985297     
          21           6  0.60152154705430116     
          22           6  0.57591326869184956     
          23           6  0.55798309068214447     
          24           6  0.58734013308352240     
          25           6  0.58571600307323102     
          26           6  0.61907957967181726     
          27           6  0.59206960436253298     
          28           6  0.59709225751843231     
          29           6  0.60103279837244017     
          30           6  0.60076282967584338     
          31           6  0.59760172186399385     
          32           6  0.60289621161800577     
          33           6  0.62066375500435189     
          34           6  0.58043412717174592     
          35           6  0.58416809452417429     
          36           6  0.60686110071533150     
          37           6  0.61039617236535493     
          38           6  0.60735109459637471     
          39           6  0.61293575875928297     
          40           6  0.58833201238458022     
          41           6  0.62043412287127409     
          42           6  0.58568072058800058     
          43           6  0.58435631851787961     
          44           6  0.58753609259618145     
          45           6  0.58086707099139800     
          46           6  0.57314960284871064     
          47           6   0.0000000000000000     
          48           6   0.0000000000000000     
          49           6   0.0000000000000000     
           1           7   0.0000000000000000     
           2           7   0.0000000000000000     
           3           7   0.0000000000000000     
           4           7   0.0000000000000000     
           5           7   0.0000000000000000     
           6           7   0.0000000000000000     
           7           7   0.0000000000000000     
           8           7   0.0000000000000000     
           9           7   0.0000000000000000     
          10           7   0.0000000000000000     
          11           7   0.0000000000000000     
          12           7   0.0000000000000000     
          13           7   0.0000000000000000     
          14           7   0.0000000000000000     
          15           7   0.0000000000000000     
          16           7   0.0000000000000000     
          17           7   0.0000000000000000     
          18           7   0.0000000000000000     
          19           7   0.0000000000000000     
          20           7   0.0000000000000000     
          21           7   0.0000000000000000     
          22           7   0.0000000000000000     
          23           7   0.0000000000000000     
          24           7   0.0000000000000000     
          25           7   0.0000000000000000     
          26           7   0.0000000000000000     
          27           7   0.0000000000000000     
          28           7   0.0000000000000000     
          29           7   0.0000000000000000     
          30           7   0.0000000000000000     
          31           7   0.0000000000000000     
          32           7   0.0000000000000000     
          33           7   0.0000000000000000     
          34           7   0.0000000000000000     
          35           7   0.0000000000000000     
          36           7   0.0000000000000000     
          37           7   0.0000000000000000     
          38           7   0.0000000000000000     
          39           7   0.0000000000000000     
          40           7   0.0000000000000000     
          41           7   0.0000000000000000     
          42           7   0.0000000000000000     
          43           7   0.0000000000000000     
          44           7   0.0000000000000000     
          45           7   0.0000000000000000     
          46           7   0.0000000000000000     
          47           7   0.0000000000000000     
          48           7   0.0000000000000000     
          49           7   0.0000000000000000     
           1           8   0.0000000000000000     
           2           8   0.0000000000000000     
           3           8   0.0000000000000000     
           4           8   0.0000000000000000     
           5           8   0.0000000000000000     
           6           8   0.0000000000000000     
           7           8   0.0000000000000000     
           8           8   0.0000000000000000     
           9           8   0.0000000000000000     
          10           8   0.0000000000000000     
          11           8   0.0000000000000000     
          12           8   0.0000000000000000     
          13           8   0.0000000000000000     
          14           8   0.0000000000000000     
          15           8   0.0000000000000000     
          16           8   0.0000000000000000     
          17           8   0.0000000000000000     
          18           8   0.0000000000000000     
          19           8   0.0000000000000000     
          20           8   0.0000000000000000     
          21           8   0.0000000000000000     
          22           8   0.0000000000000000     
          23           8   0.0000000000000000     
          24           8   0.0000000000000000     
          25           8   0.0000000000000000     
          26           8   0.0000000000000000     
          27           8   0.0000000000000000     
          28           8   0.0000000000000000     
          29           8   0.0000000000000000     
          30           8   0.0000000000000000     
          31           8   0.0000000000000000     
          32           8   0.0000000000000000     
          33           8   0.0000000000000000     
          34           8   0.0000000000000000     
          35           8   0.0000000000000000     
          36           8   0.0000000000000000     
          37           8   0.0000000000000000     
          38           8   0.0000000000000000     
          39           8   0.0000000000000000     
          40           8   0.0000000000000000     
          41           8   0.0000000000000000     
          42           8   0.0000000000000000     
          43           8   0.0000000000000000     
          44           8   0.0000000000000000     
          45           8   0.0000000000000000     
          46           8   0.0000000000000000     
          47           8   0.0000000000000000     
          48           8   0.0000000000000000     
          49           8   0.0000000000000000     
           1           9   0.0000000000000000     
           2           9   0.0000000000000000     
           3           9   0.0000000000000000     
           4           9   0.0000000000000000     
           5           9   0.0000000000000000     
           6           9   0.0000000000000000     
           7           9   0.0000000000000000     
           8           9   0.0000000000000000     
           9           9   0.0000000000000000     
          10           9   0.0000000000000000     
          11           9   0.0000000000000000     
          12           9   0.0000000000000000     
          13           9   0.0000000000000000     
          14           9   0.0000000000000000     
          15           9   0.0000000000000000     
          16           9   0.0000000000000000     
          17           9   0.0000000000000000     
          18           9   0.0000000000000000     
          19           9   0.0000000000000000     
          20           9   0.0000000000000000     
          21           9   0.0000000000000000     
          22           9   0.0000000000000000     
          23           9   0.0000000000000000     
          24           9   0.0000000000000000     
          25           9   0.0000000000000000     
          26           9   0.0000000000000000     
          27           9   0.0000000000000000     
          28           9   0.0000000000000000     
          29           9   0.0000000000000000     
          30           9   0.0000000000000000     
          31           9   0.0000000000000000     
          32           9   0.0000000000000000     
          33           9   0.0000000000000000     
          34           9   0.0000000000000000     
          35           9   0.0000000000000000     
          36           9   0.0000000000000000     
          37           9   0.0000000000000000     
          38           9   0.0000000000000000     
          39           9   0.0000000000000000     
          40           9   0.0000000000000000     
          41           9   0.0000000000000000     
          42           9   0.0000000000000000     
          43           9   0.0000000000000000     
          44           9   0.0000000000000000     
          45           9   0.0000000000000000     
          46           9   0.0000000000000000     
          47           9   0.0000000000000000     
          48           9   0.0000000000000000     
          49           9   0.0000000000000000     
           1          10   0.0000000000000000     
           2          10   0.0000000000000000     
           3          10   0.0000000000000000     
           4          10   0.0000000000000000     
           5          10   0.0000000000000000     
           6          10   0.0000000000000000     
           7          10   0.0000000000000000     
           8          10   0.0000000000000000     
           9          10   0.0000000000000000     
          10          10   0.0000000000000000     
          11          10   0.0000000000000000     
          12          10   0.0000000000000000     
          13          10   0.0000000000000000     
          14          10   0.0000000000000000     
          15          10   0.0000000000000000     
          16          10   0.0000000000000000     
          17          10   0.0000000000000000     
          18          10   0.0000000000000000     
          19          10   0.0000000000000000     
          20          10   0.0000000000000000     
          21          10   0.0000000000000000     
          22          10   0.0000000000000000     
          23          10   0.0000000000000000     
          24          10   0.0000000000000000     
          25          10   0.0000000000000000     
          26          10   0.0000000000000000     
          27          10   0.0000000000000000     
          28          10   0.0000000000000000     
          29          10   0.0000000000000000     
          30          10   0.0000000000000000     
          31          10   0.0000000000000000     
          32          10   0.0000000000000000     
          33          10   0.0000000000000000     
          34          10   0.0000000000000000     
          35          10   0.0000000000000000     
          36          10   0.0000000000000000     
          37          10   0.0000000000000000     
          38          10   0.0000000000000000     
          39          10   0.0000000000000000     
          40          10   0.0000000000000000     
          41          10   0.0000000000000000     
          42          10   0.0000000000000000     
          43          10   0.0000000000000000     
          44          10   0.0000000000000000     
          45          10   0.0000000000000000     
          46          10   0.0000000000000000     
          47          10   0.0000000000000000     
          48          10   0.0000000000000000     
          49          10   0.0000000000000000     
           1          11   0.0000000000000000     
           2          11   0.0000000000000000     
           3          11   0.0000000000000000     
           4          11   0.0000000000000000     
           5          11   0.0000000000000000     
           6          11   0.0000000000000000     
           7          11   0.0000000000000000     
           8          11   0.0000000000000000     
           9          11   0.0000000000000000     
          10          11   0.0000000000000000     
          11          11   0.0000000000000000     
          12          11   0.0000000000000000     
          13          11   0.0000000000000000     
          14          11   0.0000000000000000     
          15          11   0.0000000000000000     
          16          11   0.0000000000000000     
          17          11   0.0000000000000000     
          18          11   0.0000000000000000     
          19          11   0.0000000000000000     
          20          11   0.0000000000000000     
          21          11   0.0000000000000000     
          22          11   0.0000000000000000     
          23          11   0.0000000000000000     
          24          11   0.0000000000000000     
          25          11   0.0000000000000000     
          26          11   0.0000000000000000     
          27          11   0.0000000000000000     
          28          11   0.0000000000000000     
          29          11   0.0000000000000000     
          30          11   0.0000000000000000     
          31          11   0.0000000000000000     
          32          11   0.0000000000000000     
          33          11   0.0000000000000000     
          34          11   0.0000000000000000     
          35          11   0.0000000000000000     
          36          11   0.0000000000000000     
          37          11   0.0000000000000000     
          38          11   0.0000000000000000     
          39          11   0.0000000000000000     
          40          11   0.0000000000000000     
          41          11   0.0000000000000000     
          42          11   0.0000000000000000     
          43          11   0.0000000000000000     
          44          11   0.0000000000000000     
          45          11   0.0000000000000000     
          46          11   0.0000000000000000     
          47          11   0.0000000000000000     
          48          11   0.0000000000000000     
          49          11   0.0000000000000000     
